393.5,328.5,155.0,319.0
386.8396689854403,333.3242747736281,154.83125067505443,316.3112444972385
389.7334569447078,328.2306688892317,154.81585912846765,316.82961108933443
388.9615314700687,329.82873026233176,154.00200806091553,313.54889924176024
389.9218956192393,328.0631583545035,153.9176051696025,313.6240997113931
386.54889115087934,331.02473274014255,154.37351114764314,312.4198978738613
388.67748561211675,324.45049821309027,153.78807134015858,313.6193274687374
387.57923989210605,326.9209922731598,152.5334195154095,314.6126659973105
389.1852897940127,324.2745711134296,151.71777285376234,312.8109586608566
388.80673087355876,323.92159776938666,150.19283936982586,314.1726300532081
388.23617067150326,321.59561218161195,149.77484102622563,314.8343277531106
387.32104907071175,320.4454641977173,148.65347580839034,314.6322023418105
388.80965065369753,320.67596534862764,148.00104738454525,314.35034866929755
387.5914001362355,320.0408597570164,148.08654858731592,315.6026247962806
390.3043578992331,320.69191590592055,146.98941752711062,312.63180918083015
387.95481487368886,314.8281432314348,146.52335913468704,313.4161782602704
388.0987137062464,318.4614286780638,145.30191413499637,311.4566876358723
389.17174025147403,318.41979270312453,145.09182288707797,311.3840554864056
387.0991591108872,314.74642002544067,145.82412811258774,313.12197325083093
388.2702028864124,316.4650240142635,144.76367930303047,313.0495850382762
389.08313251160286,314.77274691690616,144.29680530979832,310.9203533939101
387.97197607649264,314.9870239920274,143.49832998726976,307.2094785058289
387.2896639291862,313.9666453963745,142.78740610988552,307.6079706157291
387.44643815340953,312.5315285569809,141.82171448106857,306.50037555344255
389.85099871408863,312.3928599834569,141.08081445193437,308.23470604193653
388.1890794178546,308.6832231632277,140.76276919430478,308.52749004311266
388.85826559425084,309.09647600156666,140.5000738787515,310.1814140157878
389.51459657358953,307.8345740854378,139.7848376193081,308.8001797296831
389.50905203676916,308.05138000340435,139.77941315533326,309.1982998688286
390.17372358837065,307.1557423735018,138.92419168232206,307.3428904820272
389.64527727211015,308.56538529758717,138.60129794265833,306.77109313254425
391.1590725510674,306.9338042290257,137.5701005884791,308.32167804588937
390.38707888736326,305.17428816135475,137.26636633919674,307.0105090322445
391.44544471809604,306.71269937194296,137.47897608932186,306.18725645245297
392.5558778488686,304.1777808907451,137.12700500084952,304.90996740776853
391.78251102046664,306.69830487583516,135.555627524078,303.4284063035858
393.11815548602107,309.16196037364284,134.31416425653575,300.75991488804857
394.4184138657715,309.03777291298263,131.50229304764338,299.01626181139846
395.77252984052313,309.70319540972105,131.02442899708132,300.14991843726057
394.3020539812027,310.50185360622845,131.24850706993976,298.4070330773803
397.3441243742892,310.04333707833365,130.09350494419758,298.9344533392474
395.74932463689555,312.2771904071995,128.4880766861357,296.1059856351061
397.91985483517203,311.6492606071385,127.9025993374496,297.20423224091485
396.3718320894198,313.9459111119669,128.17052459732562,295.8372188346364
398.09029751956086,311.68435034374755,127.8506965984479,296.19082333082235
397.5025883575641,312.15681083717766,127.22672579852482,296.63386778471227
397.8780084692709,312.61746531707774,126.0985958030775,296.76579220999815
398.70748689898636,310.60590210878894,125.96666750428503,294.5883542421153
397.92723996613915,314.0207474046822,126.11847103661302,293.0149536092827
398.6035032885769,314.2228054082027,125.3973153534036,292.43235985301317
399.0113059013467,315.3631542080294,124.98720994380491,292.93156590364356
399.0943747046247,316.4007494149288,124.77764067150056,292.8832266670604
399.8041385113894,314.4757297227261,124.24062658107303,293.140214379484
400.22448796665066,315.01159712387545,124.58013539989011,293.5035708342806
400.48039560184657,316.25362790653526,123.8688088100994,292.4736650716878
402.5326629589031,317.54792598110316,122.13367531249332,292.0114631944025
402.212523624347,316.4373548149605,121.12797886869038,289.7605577209017
402.256826022021,317.6928635466393,121.62569018204599,289.95207564839797
402.82885048428545,315.05169124308225,120.70147656869159,289.18729014763244
403.20911858160196,316.29691260311336,120.59030794493555,289.77159117528134
403.3802659020027,314.34399074947703,121.021431194206,288.99476524296665
404.46226516658953,316.72247028592517,120.93408662239932,288.3209885049703
404.50987948597276,317.87849839117547,121.64679298309869,287.84775048695167
404.1488501749089,313.09836168155573,122.01963362412639,287.6478443865378
403.6564701505897,315.5558593740975,121.0357429741029,287.183296560811
404.5088888472157,314.3526061753304,120.62990870508801,286.09998390851
404.7685479458064,315.2030221890942,119.9433476381719,284.50004851514376
405.29522794222123,316.97417036565184,119.99589472789984,284.41165583710784
404.94048655289635,316.3094553017191,119.92224960261134,283.4991440361099
406.2614417331815,316.4262955186169,120.07022118669738,284.66122068143875
404.17933995930116,315.7751364143666,120.49983921085274,283.91311836724947
406.69395620421636,314.0248631190858,119.53384057340885,283.346110007097
406.03891727068736,317.06919215052665,119.5906087137517,282.9733723925185
407.3240589862203,314.40600405129345,118.69579861509106,282.6984392915159
406.1097711298545,316.21178220173516,118.68590825574007,282.1467384517531
408.4386868750293,314.5599601201986,117.89275324091537,281.57049741814046
407.7832577390144,318.4072078343634,118.29779734210771,280.90557209250244
408.6763984437202,313.37682976168196,117.87141688408167,280.17080173334875
408.87921781081485,315.5677981043844,117.23369713895462,280.9005488934639
408.97018473386476,313.38551194418653,117.31475469142781,279.4530026835862
410.5175908050267,312.701752253951,116.44989750706586,279.8884734452638
410.01338367607855,313.8369205397209,116.45164033628183,279.36408483076286
410.4039926833189,314.4982716597111,116.35395455980765,278.5920467176554
411.38035629859985,313.6355826820568,116.03270969199298,277.82765354526333
412.27160618569565,314.0665467582987,115.20590536810732,277.79938045211696
414.3702803190508,312.7008595657172,115.61227395167782,277.10094502854895
412.87990799393333,313.4111587457798,116.43988735534595,277.4449917680637
413.51333889577535,311.3080508036996,116.26381212793297,276.9878856803308
415.4923948219388,309.8492618633028,115.85641739100836,275.15803037554696
416.6241226943925,310.1170410265771,115.40512476064862,276.54014372944874
417.3672263467455,309.5247432231441,115.72863248852013,274.9758560889393
417.9087541222308,309.31101576716986,115.63148198878092,274.43745695215887
418.28905161541917,308.000780107437,115.40490081017776,273.28682655844415
420.3348050241035,308.7801081908651,114.86270253124604,273.6820807423874
419.97243892537887,306.30720942313314,115.12095000321995,272.28472003276465
421.29607743556994,306.88695613308,114.52377473988732,271.7882725556543
422.1129254304286,306.5498236185853,113.57567593149022,270.3454819301179
423.45585127397663,305.3170602558871,112.24063262642849,269.52744313427405
424.96760878114713,305.6956169824866,112.2359638855097,269.26336276236816
425.591951613277,304.6167293854936,111.39205294668719,267.71413293239783
427.66552534030996,306.11207530124386,111.962256452399,270.22172019559343
427.8179553475687,302.1175496476122,111.69794842815207,270.1747378724857
428.36968129351953,302.95326271178175,112.17280607223073,268.4691785110166
429.6506058308247,301.12766233145214,112.03181180452046,268.4233799602287
430.01171544018706,301.6290384725954,112.32734058403332,268.23695906450826
431.565639810377,300.27245390621295,112.50049031205253,269.23034286459347
432.5956076126117,298.6301291125434,112.77530559831496,268.59262058761374
432.67493556377224,300.04720450166593,112.06015593683856,265.8448938099299
434.15675298951965,299.7370129781528,112.24560040815874,265.56901474767653
435.1884716591962,299.2700190288235,112.54240662768926,264.34784269607866
436.6235184032806,298.4678865675787,112.23775284060068,263.6594671709517
436.4852428021314,297.7366373097946,112.42355892910919,263.2227656046947
438.4902576342097,297.10664823743576,112.33506141903578,263.48883200624834
438.6360965574866,297.9603973841042,112.36121043958556,261.912595359659
440.1988796410349,298.6839133147696,112.30356781832631,261.2786470874052
440.71449127322614,297.7755412762534,113.30411168384191,259.2713266712583
441.4752403554137,297.34682173798603,112.72146845225194,258.062050268896
442.9901196141834,297.9056842787476,112.59867828989123,259.0950789238688
443.2116801830621,294.80108688378857,112.47248252878762,259.2570568215444
445.505017439207,295.4048841751853,111.65091827078547,259.8073817886929
446.28166819544515,293.6154310308604,111.64852067466818,258.9858926839712
447.5264155335477,294.60798330544907,111.42088875328474,258.8534162466332
448.7354115430448,293.785964691814,111.0008528910213,257.7051894892232
448.8036012546626,293.69948809134377,112.28689528079681,256.9080686921892
450.0575350281748,292.51116890606227,112.443574223488,257.47219287684675
450.28696512865395,290.53392359127974,112.10755113388356,257.1138001293366
452.5906272228537,291.49219495594116,111.85997960051341,254.01743543193518
452.4223374615308,289.9949799243033,112.73576389944631,256.22939443445796
453.6641988063545,289.8544705238693,112.7649558673917,254.72999436249282
454.73577986307953,288.60006727818705,111.8868223498659,254.77365025914594
456.21618978641146,289.2498870614587,112.09858083801043,252.64950941658634
458.00703306045926,289.0367751683282,111.52969188398527,251.80629410162828
458.4017133445075,288.5355030399646,112.17276349057137,251.73424183411686
460.2286033855735,289.17284569945423,112.19399623535898,250.3523878555697
460.65982669413233,288.58859620236115,112.112693283555,250.10334963738407
461.8053851093403,288.7617306382848,112.23475585072205,249.3301377316031
462.36607685693923,289.63989472645994,112.24973931891074,248.51622217007522
464.4206196602333,288.25750974695586,111.32382856087915,247.12180576586326
464.55488733483577,288.3329598703097,111.21447869572589,246.24297616544155
466.31207501941,286.7851796949067,111.63048629357274,245.91288544279172
465.9015649350957,289.1059656008282,111.69955715189862,246.38988777340475
467.88884067655783,287.0391304652956,111.75815348086397,246.53421773914158
467.5349194592837,288.0481709519991,111.89764154720241,245.94809067274753
469.88225552210395,284.8631044639825,111.49474846285221,246.32304351877582
470.48636219447906,285.7177674778187,111.47505757617841,246.89747183985827
471.5906508547523,287.3723125881731,111.54612760594314,245.26207968681467
473.05877647117836,286.55735505438656,110.9608347204117,245.13852481038742
474.0750724382836,287.7309622638435,110.14550863054623,245.21868785386076
475.4176433666284,288.3522084350805,110.10180096651416,244.37599974589136
476.5434662911194,286.99682568346293,110.78569031002176,244.53730650698475
476.6357065515198,288.6990488606252,110.31472489208426,242.9858658003195
478.46034641692404,289.90890247441297,109.21280009787556,241.60196499020924
479.41560376442254,288.99983401752974,109.73519155369635,241.39878013044665
481.1398529080267,290.4385043024712,109.35818736896613,240.8229949556901
481.553950950302,288.5162073285156,109.96929599384998,241.1265246412112
481.6376053990871,292.1275650917995,110.35560046097629,240.04859833354584
483.15749864931735,289.1211595428816,110.64949602075754,240.22256560890247
484.04393177498895,291.64643207689465,110.52986913880673,239.9937392336559
485.9811279154146,292.79317928249594,109.45050101452586,238.78093306059725
486.6594801829584,293.240483220586,109.36472164366096,237.12065327556172
488.1542499771131,295.4832391421868,110.11307420623044,238.07450491197437
490.0210365674156,294.0929715917945,109.62965194458607,237.46753972665664
490.0269029916408,297.31695654926216,110.30963242926552,237.15324681748913
491.34588107273487,297.80932680563797,109.74627791731535,235.9846943570342
492.78185423971917,298.49437980723536,110.2499698298831,234.5897619724839
494.31032928810885,299.74280565530375,109.5599309059705,234.09273706524937
496.1051287832603,299.8203785737935,109.11817336921985,234.9782271716826
496.8422575852027,300.2350605729964,108.94747971778114,234.73914132192795
498.3540938315783,300.55282813038565,108.748079142373,235.8909962008171
499.89217508323077,300.5475822704857,108.64122263119452,234.73101982865228
500.39030936904777,304.3705354236334,108.83303711219567,234.05614041978734
501.0625137965685,303.1713617455414,108.44366144025203,234.95333168428124
501.61629738135275,303.845619077695,108.21316684339175,234.46123187450047
502.76221370262977,305.93073168650835,108.7564522561813,232.2074836218244
504.2259152308186,306.5854405167182,107.82425078748062,233.05816713671283
505.00481732644334,307.1206750596513,107.09304106816265,232.7516720021864
505.6421312412652,308.12896575959843,106.39437506675071,231.6284625419513
506.83701893541223,309.4117632352179,106.40085469478353,229.3030365794171
507.8656542998217,310.8706289779685,106.51340260571993,228.34233300605575
509.21041948412454,310.7849868939311,106.53967347612789,227.82499595115763
510.9291234152478,310.5506962535868,108.14522530397542,225.25876501985584
509.35502926898107,313.3740850789143,109.70935662305148,225.25103403820737
510.53310574096434,312.19677112689277,107.90675517416017,226.4869870679446
512.7763077612038,312.25176077733937,107.37670861277661,226.66867630133024
512.7988249719643,311.50283235716256,106.96749729206093,226.82905235822142
515.2650230380071,309.8232590201745,109.2816359843466,224.53529499853664
515.3847931303588,309.9204720672011,110.21519412537262,224.00403211940534
515.4846343561943,309.92074767727775,110.51252363325435,222.79557536832255
516.094423620363,312.57318306592856,110.0639391125044,222.12740808223174
518.0015151461603,309.8413355638643,110.32046195156539,220.76661015499442
519.6209053288466,310.38001400823873,110.06847391216645,220.4132999137941
518.3230794750111,313.4516929698956,110.25911038965845,219.7056247640706
520.207297898555,313.57178754391225,109.71514868791073,218.18642436649498
522.7908164660956,310.1333268694254,110.39975940668066,219.05487661070185
523.8115773996843,311.98656139290546,110.23990360376568,218.6621807189541
523.4326421550411,312.6875261161981,109.82221123447056,219.01367186372312
527.3444027693351,308.2671789839741,109.9073871341785,218.66176969262435
528.8605511480297,306.7866273696354,110.2361939114879,216.78020820267378
530.5179873557875,307.17831583538634,110.3393794145208,215.92902312737743
528.9579050416357,309.1157187883473,109.74114737915843,214.35516250343784
533.3439230158542,306.98912485648424,109.12820624120747,212.53009995899143
533.1049885636039,309.8178541766687,107.89813659380522,211.37300133067694
536.9051502730165,306.02658589625884,107.80346417214193,211.159357166399
539.425892659187,304.43545173775556,107.45379620659423,210.85264709748026
539.0868364670538,306.73527408826453,106.7317801070883,210.23636602484973
542.0558691202967,304.21156324826956,107.20765332294133,211.1173591388607
541.2998722001389,305.07858708547195,106.59238266359266,211.62263198104222
545.7106662946023,302.1133785888871,106.91481169420919,210.6902703105767
548.2248249551135,301.057496475108,106.74893925081139,209.699745815143
548.6948066807812,300.3880881868364,106.75775490561621,208.95472440569375
551.150349532728,300.61539346509835,106.57433796392954,207.90105557871541
553.4563846968229,298.9723568261948,106.53114056435936,208.61363489900293
554.8524473515324,298.28504417073316,105.87731281277098,208.70674926079138
555.0318412918708,300.65340571760487,104.37472467345756,209.7835837918649
557.6609127351732,297.08689187475693,104.79612766621706,210.10164479894144
559.2130170121159,295.3862305610064,105.83410670769906,209.73103935446676
558.4335733142557,299.46799706859053,104.66732591150948,209.70047142718914
562.4142359724083,295.4064510281397,105.23881748210621,208.65317147165268
562.4934648449503,295.75165886300977,105.52889774237426,209.28047192358622
564.6874810291474,294.134572925239,105.05689244307166,209.23301948195854
565.3515209125895,293.31661008418484,104.99071119379624,208.67701582370432
566.5447056505842,292.829228536674,105.96100947484123,207.45438001774033
567.1241638596647,293.34635193829723,106.24947812938834,205.79307649662118
570.0246531515578,292.3268728388883,105.75872550919463,205.67140589981534
571.4573192123447,292.8972711072035,104.8249220750979,205.75067757950876
572.9225528075898,291.180064039768,105.13255779751051,205.54989455175155
575.5047599473202,292.28018651789307,104.70214467771774,206.2582725756193
576.8873462880122,291.2519813673158,104.53422889521391,205.52986518115614
577.7831627785049,289.9904294250845,105.04123568855076,205.9676116380216
578.5308444349056,290.4923068310281,105.22104661204706,204.57095439226225
579.9026188901579,290.1396245209326,104.91963780392896,203.18385599594316
580.8880960630345,288.8211389561247,105.23394246658339,202.53270614052792
581.4859759417275,287.95092525200505,104.78368416784235,201.6146076050111
582.570367093318,287.8999730060113,104.17450042976279,201.3391538988327
582.2098605146206,288.25602197312594,103.86153297917117,199.81612779869073
582.5022054234747,287.6328279423289,103.75936651337071,199.12909019538316
583.6221890344314,287.3748821253216,103.15248442310259,198.98862185882814
582.8064418718101,287.2721021415703,103.59835999014356,199.57151496074346
582.9522970141968,287.35171246658297,103.76983307858279,198.00964741149485
582.8179203098553,286.8313778942058,103.52196215579177,197.44962881401588
582.0368914022771,284.41184880881303,104.17332006698294,197.3851673543693
582.7282514563982,284.7434240841028,103.2273168133131,197.78165017800393
584.3087575865176,283.7688985311885,102.33506022743646,197.9068545860253
583.9272247911035,283.59186970496535,102.54439622451086,196.63395494114633
584.4572874405319,283.775446899359,102.33173918260457,196.35141117101
583.6978488590246,284.1016580086963,102.57800079367041,196.0781807383862
584.1499095005825,283.8398470427235,102.63739973941763,195.45912750897008
584.4478953623976,283.83782989214876,102.29098983224107,194.91690651961136
583.5905802159107,283.583871528471,102.5873562130142,196.28418996192124
583.6862140141542,281.42582835198687,101.77626575676302,196.4488523837676
584.2610188496368,281.8748251328793,101.86181464845795,195.4262083585208
584.7057963233767,281.8093331767228,101.66381180354401,194.0928385902232
582.8805276279209,281.7704921876184,102.60794903843451,193.85565593296454
583.4139326670814,281.46208021755086,102.54989106773353,193.96903931418922
584.5161690462014,280.59910387150495,102.52833852700779,193.57229989812672
583.8420109326062,280.1029849812533,102.06282890847967,194.08502516594612
584.7278244871457,279.9411727145947,101.64559981156208,193.60304089026914
585.4777856076993,279.05796519585465,101.23993266021458,192.84409868135026
585.259089406971,279.3747639170193,101.20203348170926,192.42961867185358
586.0686967524485,278.2726338425513,100.72614948399922,193.03985213602874
586.1902750733421,277.4355931278801,100.63237695337799,192.62637458061448
585.3536904616229,277.3793513707766,100.48814047613288,191.24391960204656
585.5448732243213,277.0434200644011,99.89829763447578,190.48701977888447
586.2308403036456,276.1208373762093,99.80733464529908,190.75517941128774
586.1269912261035,275.49266823067126,99.91183341527653,190.01290780188918
587.7285272383807,276.16281003996164,99.63086479572092,190.21300454200446
586.2161308641009,274.0179564880085,100.05494882121235,191.44326698000185
587.5138917873224,274.1587239664269,98.8634340519864,191.08274590741144
587.2502602560784,271.9385219820151,98.29973756552424,190.82059708082494
587.9614166832866,273.6074578004419,98.4511898697611,190.6728735591293
587.6879495176596,271.59820040971255,97.82502599449504,189.97823116361667
588.7393812504879,271.9841522092777,97.39199809631289,189.48762140370258
589.0374302031913,271.0749221525208,97.47602995737023,189.43786929416342
588.5478184451221,269.2759031742305,97.3129179394129,190.09041116843812
589.0173092296479,269.81085510870287,96.67681615089222,190.04346104819643
589.5505932723905,270.18098431249126,96.7654490236589,190.09300048312215
590.1731035327098,269.79995557374974,96.88773902700724,188.15941882715185
589.3671622259682,268.1018226000331,97.51457728032952,187.2917658979373
590.6499545933702,267.6024931298662,96.9317149471445,187.99575285574417
590.6380771135237,266.61994253176493,96.67624577930658,186.90052151524935
591.1418892251395,266.8196888076966,96.49139942339207,186.16845718866495
590.7216838834203,265.6062221004039,96.28625546892152,186.92550341815348
591.6000361173445,266.1961875667635,95.77888962793467,185.83976394723584
591.2931230460845,264.7637703619697,95.71108682796523,186.0725430742307
591.4197145656541,265.468217201967,95.75485153629485,185.68735058518462
591.8179534189625,264.6294791130282,95.83961461479996,185.39762421884987
592.7252993042097,264.22593636714134,95.39989173068098,185.13237172558473
593.5788674877484,263.4434926563709,95.38099970640754,185.07299776788372
593.1107144113425,263.24941644503065,95.32835453380268,185.05228476855376
594.2774565542694,262.85540031585884,94.67649120341622,183.5976998966179
594.3578707154004,261.5119850661192,94.08248567821414,184.00664567434112
594.4216516164219,260.61531953951027,94.43292415941258,182.5703505488176
594.2586839598936,260.7794399898369,94.78092758369507,181.83057766335838
595.0565176715046,260.9788037745563,94.4225363569528,181.50501475067776
594.7850016876091,259.3727853474032,94.16854657810839,181.0675891435125
596.9922321486943,260.3320210336002,93.36999952388854,181.23727327915978
596.5908084830905,259.81718076686025,93.18937319653426,181.13889442543268
596.2644698890957,258.6116633058505,92.97654081487897,180.29071661513706
595.1866682996675,261.4672258707833,92.55038239514835,180.07215711713803
597.5678994316885,259.32513608083684,92.25031675281042,179.4831744274386
596.4080868970718,258.5172896140158,92.94773418044215,178.70938295556314
597.8727058809952,257.23968242681724,92.38487761937961,178.9515329931835
596.7635774945784,257.63823067788803,92.33729028553907,178.57501273563457
598.4749802832027,257.4476446972957,91.6931864905169,178.54341132607647
598.0172579007992,256.0547090120622,91.59605431764838,178.17462437897757
597.4480118166067,256.5077675676044,92.5672968809738,177.9213395375617
598.5830509115119,255.22143984490435,92.21769751196413,177.87137344670688
597.5290295501519,255.9985888157829,92.32105292541905,176.8158276519091
599.2294720456283,254.95341220278655,91.96396113591283,176.1163633062618
598.4215159003113,255.52934738630051,92.2783540326258,176.76439966988576
597.6086562753657,256.37846918679975,92.0231488192451,177.35125748261407
600.0567778218588,254.45836546891275,91.37161140329135,176.43474199129457
599.1024008558222,254.9115698048413,91.83527003469003,175.35345437945125
598.6225309479212,255.4815584416055,91.65449285410848,175.33517977697386
600.5210436693563,255.327776019642,91.16596007176062,175.27330576406075
599.1706842430772,255.47340488708957,91.80022642111447,175.80370938227685
600.0864487278441,254.33425009392892,91.24178531073446,175.89472043229753
599.0509760988094,256.3367850907582,90.71421219722168,175.24191174349428
600.3905931740312,256.180344221313,89.49208296811915,175.19329008992662
600.5329651863264,255.37918536321465,89.3775650853392,174.41005253878944
601.5714159428861,254.17359105042433,89.76136432257061,174.02045753018427
601.7284932008032,254.20513178527463,90.63627478628975,174.29186659812711
601.7245868206896,254.49348489278282,90.91462447588586,173.52444676888533
601.4302538764213,254.44009638172648,90.25999421802976,173.14692949568706
602.201208917537,253.0693756345818,90.25785950734993,174.6089431039672
601.2355714902866,257.3276377380967,90.14377284299076,173.74301742293835
603.2815901206409,256.0282761400601,89.23817152016365,174.5597287524421
602.3314027546369,255.25077387297722,89.59964230052682,174.4703595120793
603.4982663756329,255.9102467043159,89.50324454156694,174.43502097468425
603.312988357881,255.81791980039543,89.2237387908961,173.60213921524155
602.7897868553192,256.2284649732383,88.96885402574831,173.60580233282403
602.367551674778,257.1355236059835,88.46918624138391,174.38523312679712
603.3304879882048,256.2988095924763,89.02413164774869,174.33300619413296
603.0319946957763,257.13042249888014,88.44701091944953,174.70491922676902
603.5316680301506,258.53725899922836,88.42578922685898,176.04843511843706
603.4878187069509,257.8365901578529,87.97099905985829,175.79716655233238
604.5783597153662,257.719772837592,88.27346806841813,175.44889344367817
605.180143265233,256.98187503016254,87.66092155279097,174.08236003326851
602.9395845893728,257.8190442740806,87.5634528029795,173.64722309114774
603.7099239804309,258.4841112492544,86.64705191059203,174.09962683954586
604.228557218147,259.139918604748,86.16203349586306,174.16578171798272
604.8359355002048,259.1696880783781,85.49192307566076,173.62843298392602
606.595311473992,255.8955023198425,85.52723444824625,173.44800658839955
604.7280433751174,257.1377496411568,85.18523256005787,173.23611092762832
606.4182869610997,257.2873958256413,85.32563490873835,172.53110327192755
606.4344114008885,255.1115534534528,85.66168718234374,172.60918886850789
606.1447614493396,256.88095911160224,85.15283968363175,172.84055062502392
607.4365524242039,254.68396200686513,85.2142302966931,172.51059301793936
606.7512988866005,254.44886975998972,85.29747910449734,171.2123971081715
607.309504209226,253.6294999569916,85.32592729637386,171.34337249393002
607.8438467471901,253.2727360888385,85.88514055590261,171.77528401929868
606.2720236790223,254.87597755483142,85.98217204532675,172.13191263096826
607.1954214088004,255.94450551169797,84.93511362199868,171.45289552415042
608.2893972734715,254.2735860609707,85.17777302623185,171.685687966407
608.5397216871684,253.84108455394127,85.62644797222222,172.20091134479804
607.0463866851288,258.4917601905375,85.17529944907955,171.0728474632682
607.1819888379134,258.6830194889423,84.42850551052253,171.1294367315537
608.7138550726177,258.44010537744725,83.1281285346595,171.66239555043651
608.7082471047329,260.03000220219593,83.08921459116291,171.07967569435039
609.2774085207931,260.2253571147976,82.2892730792807,171.03351942916566
609.8433019050468,260.6435215368882,82.28047107773348,170.6928214453131
609.8135129998683,263.0861338892332,82.2847254698606,170.51224142064618
610.99996531579,261.4283809839476,82.87097830490575,170.40905583450422
609.1313285320249,263.740224105606,83.63692766703734,168.98005862660312
610.4765782036973,263.68499454248183,82.99617364496642,168.98133755573167
609.2782613066171,264.9493425938104,83.18914695099815,168.02536758356004
610.0497133578519,264.7631388840578,82.87959419835897,167.94021503006377
610.1078027633773,265.9180875974996,82.48610126081655,167.9863690481875
610.3332111707341,266.47836734047655,82.24154570840074,167.41366327050076
610.8360555601439,266.3045145797732,81.87104020432697,167.46389554008798
610.6278208860226,267.2844459018349,81.67162703666247,166.62406914035694
611.7981032081638,266.9644278547595,81.6627276698612,166.45312068260108
610.2388974221238,269.0146554469761,81.68649040389788,165.72888262501414
610.6923934564741,269.86140909157433,81.34839450962828,165.32299409211203
611.2863277050528,269.4732508137465,81.00423482566121,165.46839715175022
612.295084140924,269.73846262047505,80.54666372256497,165.04592796589301
611.7394109017864,269.73503573130705,80.59039159236539,164.31279818557428
611.4739597706098,270.5996659693639,80.04878027439653,164.62559927676705
612.3794226763858,270.85118852055245,80.00259242652074,164.29128599795348
613.1680521682126,270.67096212114706,79.80821031588366,164.86124612801643
611.9605556721061,269.35008174516,79.54379833411289,165.15014213771144
612.9028693107949,270.4980757737217,79.16694588659963,164.20698460980097
613.7236388482509,269.7713281411784,79.49540648267018,163.69497189072626
613.4736599011469,269.6805223346912,79.94078750309893,163.08062969348572
613.7557343221345,269.8085798860452,79.56185855994363,163.8626101842301
612.5610768114217,268.9436546718162,79.8736443893983,163.5419716638661
613.8531235260607,269.20345208174206,79.7106124759284,163.80777061852385
613.5163777869027,268.73912442962546,80.10660159628466,164.22624705875478
612.8395585538707,268.95239451629095,80.54395603763334,164.63491989096656
613.2812081145188,270.4522211750549,80.23967449589261,163.72310832262997
614.1124792727726,270.5364223297522,80.08960361683913,163.40349390211992
614.0191188878734,268.62360962207185,81.41618310932432,164.37487508530285
613.5421946508181,269.50105969714923,81.16739450705694,163.91597124347481
613.9254882312648,269.3505491282996,80.50563273107866,163.3009269862958
613.5963223021043,269.4548063179484,79.71292861298959,163.42842950038496
614.6211795805314,269.11073925640375,79.50688430512079,162.28173095516982
614.4606616895946,268.7423205689551,78.97042913021107,162.4479579260525
614.7371476567564,268.690572286231,78.67994499481657,162.35226320434083
615.0964786664122,268.66426174941967,78.63239503605205,162.2405582360266
614.7201041291713,269.15284002076254,78.35472499928187,161.80093992376
614.6868385970396,268.8239796899203,78.62973557230293,161.4216348953658
614.3541953429908,267.53886847278903,79.19326550022654,161.08327178122735
615.3375627633758,268.27001471674373,79.08781646515882,160.57008288714434
615.7231304956964,267.3144543056822,78.9903133838641,160.25437799515598
615.4855997009595,267.43470305699736,78.65910872511168,159.59061199553548
614.9592396322223,267.10474565970685,78.10661915437234,159.6178740305645
614.9026280822918,267.21392854293003,78.44037423939693,159.24970918541524
615.3991741255676,266.2023851971503,78.62408717222418,160.05813916634997
615.8561660131738,265.8293565195641,78.66040385210503,159.9961371271628
614.734517453369,266.3016610588048,78.65740957271251,160.25576157586488
616.022230059845,266.54092174006433,78.48254998399756,160.24441632289825
615.1040490936493,265.624502281829,78.41197014488164,160.40439199435855
615.5400821072212,264.4488708967139,77.62991660848725,160.69143481295907
617.6872922654095,263.8477924323573,76.63591753005639,161.17362759505824
614.9164743221373,263.2905044573392,76.93146872650657,160.8236971573839
616.199616882561,263.8294096074749,76.84849811981951,159.82103967895137
616.9963166615785,262.72209898437853,77.17035899593523,159.13455218338382
615.1560684746902,263.31680150786207,77.41170432105145,158.79975585099726
616.5253744220827,263.64191889102824,77.28877049824227,158.2457099949704
615.930799430674,263.0903140584388,77.40010482916583,157.6804840865713
616.7076363043453,262.4918871292402,76.94427973561673,157.72414554403633
616.3684620518503,261.8062717041889,76.959599642775,157.73753847871845
617.4275823141044,261.302356268691,76.51263997916762,158.40702918648321
616.8664742241818,260.7698020326886,77.18726169518747,159.07432144750294
617.6840304661864,260.9933598349268,77.01097003103305,159.42413585811357
616.657063089387,260.08536630474543,76.87414846367875,159.33277917324466
617.3077364749844,260.3868358253892,76.57025526284978,158.60018454726423
616.5685081749582,259.5081155270251,76.86716171775288,158.60406019018848
616.8710253241563,260.0611223814859,76.93541999662338,158.18674727644049
617.3621386403368,260.12179415718276,76.89955401194084,156.97261276378114
616.7155740653898,258.8775990216251,76.73132497225197,156.48920580703697
617.5938697110867,259.65307222522597,76.29407557882269,156.6591948637406
616.9032558583691,259.28986030278907,76.40618557128326,155.52711739349746
617.7049899446328,259.6948837078466,76.04325647269997,154.99416020897948
617.3160714900996,258.7863564860262,76.18871426713851,155.29633840616788
617.8925591714528,258.66885726186797,76.19269664998407,155.28720426121032
617.7909486198025,258.6790064508841,76.35184468567923,154.57363931260983
617.6186571815363,257.7549696715449,76.50925331649653,154.2201976735343
617.1423730775723,258.3968998969415,76.44438525847906,153.83787678687395
617.019765928066,258.1878376396693,76.2005376356567,153.44962448657606
617.6208594754598,258.83932499112774,75.88409117864842,153.445352262068
617.6249884790403,258.1666160687257,76.29798485624842,152.57609015043596
617.550368514831,257.7838943984674,76.05636416750627,152.09165031605625
617.8760835433764,257.5554707279409,76.0246258399611,151.58889476471052
617.4708352406092,255.67372752611396,76.24128935662068,151.72692292785533
617.3887709441451,254.43209106041127,76.160015047184,152.0791769822313
617.8957881618761,255.11109771369632,76.20496715633116,151.94195787655838
618.2027857687397,254.45994653879433,76.21372794693755,151.4479526625806
618.5370031986406,255.13646297847734,75.75042683817048,151.574432713131
618.1399623753093,255.7942525759116,75.32170310401159,151.36653550793227
617.8466444500692,254.42648975205833,75.98431491647516,151.25894344171058
618.8137315087397,253.7019364029832,75.6997850547722,151.06351650567507
618.6497555702541,253.49727417720513,75.17346492380129,151.18846913415877
618.4324988223112,252.5514945183046,74.87669952335531,150.61176005748962
619.6147040284601,253.41286732131167,74.59046560947068,150.93329354998622
619.5890340634962,253.30849981341143,74.61050769176973,150.78761809625468
619.5675047645464,252.48014767446395,74.68673728776598,151.03979816703446
619.4508895424532,252.21449286603072,74.74499139797652,150.7831703811757
619.6046015344298,251.80514497148368,74.95873403666192,150.62070034394912
620.0203958405693,252.2387380941333,74.8341825156381,150.61545019102658
619.0263223793952,250.7297026528042,74.69387713696091,150.2736828263856
619.9775545863382,252.0973141889612,74.70769060851191,149.89161775120292
619.6799520486525,251.4352534248885,74.88500531399134,149.67710259493066
619.0532330508564,252.43703084455183,74.71953030280088,149.393714438801
618.7987114693757,251.08596176043832,74.91257815998571,148.64307998968792
619.0594675621289,251.6243177976986,74.80560572886992,148.82804804135753
619.0907707334354,250.4002612773308,74.71231362990142,149.0570970848245
619.600437668607,250.51322648971737,74.57049984393939,149.22004584000587
618.9582700706976,251.19714212931154,75.01875979342401,148.93334613830928
618.7982440371327,251.17862861473023,75.05800159382068,148.33590967841627
618.7194514811197,250.49292161508475,75.20004706249222,147.7407639099841
618.3937841233341,249.24352664633426,75.22458922797631,147.58384839551982
619.148587777071,248.33468875083864,75.04140699603343,148.88981050290585
618.4672689200861,248.22576277282423,75.10436113914159,148.59883805088032
619.162769107169,247.08883179613895,75.13260839223398,149.53679922071203
619.3398412864434,248.311775213317,74.97279329546492,149.1476598228794
619.8919445987706,247.66734704244527,75.30333293622195,149.62584739812428
619.3429062844696,248.39527624947954,75.3117999418686,148.80849801916622
620.2030318974399,247.6023141686887,75.17632583270355,148.91371978054036
619.4938458197319,247.33241464651346,75.4131489158539,148.05052717240216
620.4130852927767,247.98739329791402,74.64545620748095,148.00517717989612
619.4071570278293,247.82276871061617,75.01050041762024,147.5571922174336
619.6163928126665,247.08456678489966,75.46886008144719,147.04974296713627
620.8203495417148,246.21033373823713,74.94700733807241,147.48307954195238
620.2233757698535,246.6573052668873,74.80683246243747,147.45726019480753
620.1118309506271,246.46905227818522,74.97219702525804,147.69265572218234
620.1155415293224,246.86863147094695,75.14270963530544,147.59084253385964
620.0746148925328,246.37231792795188,75.21361613309804,147.40737186918605
619.9765546595088,247.63803449962916,75.03817456525442,147.18866093194723
620.6900594029541,246.685875586668,75.14019683190375,147.64262108231713
621.0960595024112,246.8234645151282,75.21405296338436,148.0977221942078
620.9146456158455,248.59357861872934,75.09358359710956,148.39432794086292
621.3841889765553,247.05342926717773,75.22855969993927,148.12378273756354
621.6948214548045,248.299789531374,75.21616781272714,148.6466988916814
621.4318887289385,247.52756005336073,75.4303877864491,148.76384964591807
620.6280726560931,250.20362770421946,76.26565197788563,148.5992925454946
621.4410045673003,249.29595997964188,75.92493081561227,147.8936457291773
621.3576696059856,251.71847936214738,75.98581603147012,147.51849279027715
621.5427079238581,250.35178842171993,76.13571851502624,148.66041754260726
620.5448962178573,251.1051458379784,76.24632858512405,147.86402538817947
621.3403697879176,251.5149038701124,76.1029096880684,147.5960319364832
621.9689917114689,252.98101073019143,75.88666596875812,146.4418509960187
621.718882367303,255.65337960282847,75.36690112704531,146.1804572334412
622.5641531479508,255.85832916130363,75.46413019467872,146.36910557513954
621.7523799787109,257.737875122178,75.3167789062817,145.71085612928186
621.9006249840855,258.6228308692561,75.49278430239852,145.0675961606231
621.7740414383525,260.54956313655157,75.86032189639616,145.25874021901927
621.8750671598972,260.42193534464354,76.10963520893742,146.00380853457818
622.4278923731318,262.0921446950005,75.96342328525665,145.764656217989
622.0211183563972,264.5035454848671,76.26462451458377,145.10422055164696
622.3305525019993,265.0398199385838,76.32859007376345,145.1727584610013
622.9529084417958,265.5288014032941,75.93552294858013,145.27874891216533
622.4345430617626,267.1069842635968,76.34642353515409,143.8959608816844
621.8103286069163,268.46921811194863,76.54759943218971,143.30079354089213
622.4301622856506,269.56779768000206,76.21370172088893,143.65925459826667
622.7330745122016,270.6495390869005,76.62143887419397,143.61163749186727
623.2718919937209,272.4592364733186,75.80080218190531,144.20551386008333
622.8220054082939,273.9340375987424,76.31450665101539,143.95685150295816
623.0586332867898,275.4164908420193,76.46487313265958,144.05029700996522
623.2737788491219,275.9651035856248,76.18075056778497,144.10204176906927
624.4970912407939,277.9892882707535,75.8904604230365,144.63250216413172
624.4897406736645,278.22745998037385,75.8227651170874,145.15106266697194
623.8982899632819,279.9263396930342,76.29763762530843,145.13031954757466
624.0040840636515,281.3278266368835,75.78281821505257,145.84388618721982
624.1007278648881,281.82517218608746,76.32883026753998,146.64472528881646
624.2454398243477,282.19391429741705,76.40968232289441,147.26565273588847
624.8270388265607,283.2324267329219,77.02801076481083,147.18757536606137
624.7143244161238,284.4135048747753,76.62574193906698,146.55020166845227
625.0796365728492,285.33648834812016,76.57965032758537,146.32359576473885
625.0865071306289,287.89057081081893,76.5566155040068,145.55771647242855
625.5818919895747,287.97526117953674,76.9605033979621,145.86189684310523
624.3918259451799,291.39194820746656,76.85917777648564,143.90861254707227
625.3757662481569,292.0527334938676,77.42414529026743,144.51215338727218
625.2497047956674,293.9686198190907,77.25661099467159,144.57787576818276
625.9673000889112,294.732255664521,77.57683608620817,145.57552048776833
625.3144244714127,298.2216027000205,77.89128840724956,144.64104448012384
625.6278638525539,300.76032145058815,77.56730984008894,144.62920022163382
626.5443067295614,302.71700398915107,77.92066189811614,144.37586908577694
625.3966438028974,306.101733525782,77.5170946812232,143.64190290954878
626.4820900019004,307.7700306707818,78.26238384754839,144.36548880677452
626.391853935771,310.7650800520099,78.56399992436849,144.3180818472967
625.729912639235,312.0849506971099,78.49614875183846,143.8694373397811
627.446032332997,314.07143853871264,78.90036542472396,144.84666173744728
626.6163308780147,316.72660643120867,79.52422858840411,144.64130832855375
627.0843995792725,318.105363061783,79.27957897504245,145.56449393901767
626.8078834915868,321.09325903651603,78.81501550164836,145.51504256953817
627.3958053326536,321.93824387776283,79.62594995958275,146.2038391853386
626.1775643941321,323.6436604569751,79.17877962639027,145.53740605132822
628.1983121030547,326.0266584751392,79.23914377809454,146.02976992405763
627.1685314971464,327.7529191491382,78.86017788267239,144.96739316262264
628.7753169012474,328.6401194015522,79.05580178234085,145.21837970651598
628.5072647703267,332.116026693745,79.24280613988348,144.92333249044702
628.5235657931756,331.92185455892275,79.62991884304499,145.06594953395347
627.9304328621453,334.9978202291706,79.74115318616956,144.6379251873237
629.2404004252452,336.17442941865784,79.88396034092992,144.72018859507722
627.9824886235489,337.68270048991076,79.71788558883853,144.58010319008963
630.2202012693557,340.1799864000133,79.42082028257641,144.99807943507005
629.2897766477856,341.77104627024494,79.61341848811878,144.65321398041914
629.4746766636378,341.8139774424372,79.60232871561388,145.00140353713675
630.0241911512143,342.47248291802316,79.57055011144016,144.90120424291666
631.1891779330103,343.9324240475048,79.54445318626047,145.01762884201622
630.8781692520167,345.52531425527593,80.05489804420407,144.31728367389516
630.9936204367496,345.9021196467254,80.29984536279159,144.81659459147383
630.6585948715338,348.00787195313205,80.75676226404005,145.01506312319174
630.6159492854847,345.8730866679956,81.40932079444121,147.01403647399758
630.9679195609262,348.83365287374943,81.51021431137951,145.0867192461294
631.080852988714,350.0998484465923,81.28360450049601,145.24390639519763
631.6403114810219,351.22038223685445,81.13104313769506,145.39432164472106
631.7010866249434,352.6953768178564,80.68501794889104,145.72269833316562
631.4561530309495,353.38252232546284,80.53466860750946,146.33705787833188
631.7104648464843,353.4677918419099,80.7464296338227,146.1832736160892
632.6470988354747,355.4391986984144,81.33847127574555,145.52444933255416
632.6120807001635,358.2747649576369,81.5571545417933,144.91988566558
632.7082244322155,358.19382448772325,81.05026357017042,145.45647859576377
632.9140577671817,360.00169896482674,80.83564604116827,144.74622361624242
633.3343222145952,361.05634763336536,80.87250687536434,144.54650352964592
634.0096996342123,361.9920671590087,80.88272610953996,144.0915011505699
634.4320150172578,364.33436829424375,81.03049026761296,143.49831047067602
634.689483097177,365.09541954824584,80.80310688172689,144.24200700823448
634.372163017264,367.6681606424713,80.93567607817013,143.74608002608244
633.7885632805842,368.2245452124108,81.48358668977838,144.1144876201741
634.1978726974613,370.24839856145024,81.93847068271472,143.97592031685537
634.904376682565,371.50785003784245,82.9889365093517,144.16262406306083
633.9460909970094,372.850772146719,83.34427590967604,145.2481571703657
634.4434028667448,374.78339004188183,83.372052072549,145.04127756976777
634.3136191037894,374.27156578119025,82.93592086036159,145.4156203898952
636.5906324980672,375.5829907635101,82.89926191161919,145.07994846480617
635.7757631676167,377.42414188258243,82.89459889348134,144.77338937737258
635.5466116139629,378.2543228782869,83.52919844353602,143.89090042520922
636.6872860648978,380.16519469383957,82.88627524948336,144.0496701283783
635.8499465404697,381.4414058321586,83.53715607102927,143.8232769140114
636.5775066383579,383.052677724265,83.49903724186805,144.04319581252247
637.2956302591922,384.5164897473978,83.77498885369229,144.06551888501596
637.2645575260228,385.2955654224867,83.82773425776794,143.62322382470188
637.863201196607,387.306871507229,83.67727876283709,144.49425408075433
637.601681431911,388.14439365762087,84.20305402202396,144.26660343574753
637.3807898277488,389.9424778033115,84.57718560835087,144.42479272073666
637.45799732148,390.66107546052103,84.25803217441444,144.533405483176
637.3132884766801,392.4011055531062,84.0794809828839,144.4290963165298
638.7395212217654,392.9422733166434,83.66885399559743,143.67806465417289
638.564471425247,395.45804776758445,83.7214626044327,143.70805540225422
638.939176093034,396.39614314715243,84.38277659744895,143.55379097463833
638.3817383470179,397.41123934148476,84.66778472650529,143.5855025395259
639.1969165605838,398.4857602791771,84.60234145302175,143.89740746246582
639.2561797898743,400.2240290207259,84.37111677472431,143.70508662174802
638.9365422921677,401.0039514846282,84.26614922119475,143.53709931799736
639.3353441736166,403.0499590827858,84.04414763210231,142.56382777974798
640.7821196039417,403.5212456339641,83.52439466497606,142.56740194044147
640.2337532436479,405.010905253682,83.34269716209873,143.17679944638226
639.8278880351571,405.4345215163661,84.01445733610336,143.2463336241429
640.6988039872774,406.46343566361185,84.17139790996637,143.33504334883162
640.0098665106561,408.1433503928744,84.43693420106129,143.4384042074604
639.6246771427155,409.90737928136963,84.52190148369547,143.83936015956542
641.0092504929723,410.0892282940533,84.31169280961021,144.33597924521342
640.4484758388846,412.2623276216265,84.4190264100065,144.02835194779402
640.5905081548475,412.4125780998193,84.14638808999847,144.19988285295207
640.9041462356332,412.98668222511026,84.2804223270056,144.0561052540349
641.0356293373458,414.61273208269404,84.07970947956048,143.77547279541338
641.0971139002328,414.86016210550144,84.24166766234592,143.1380254605844
642.7692324778732,416.9445338297029,84.05820354592927,142.721730570989
642.3964369834953,418.52355681807035,84.1044051365871,142.9855302687688
641.7987083912087,419.42517069833616,83.84675806357652,142.84189203727465
642.0860782796974,420.0847537196895,84.19028243721877,142.44843178508762
642.7652072116484,421.5581572215144,84.726888655653,142.93619175607773
642.0954821672055,423.2896148647291,84.52311488665927,142.37682041877557
642.0528306974846,423.88609522713995,84.52021873216313,142.27903615231264
642.7900840116637,425.0587267070731,84.47364448543505,143.03423682121525
642.9051681061204,426.6468366016477,84.93988576040393,142.5044284509808
643.3715551812783,427.6517076071269,84.97713881841659,142.94452722409528
643.444478066285,429.25000189878057,85.01993546082724,142.78157997913635
643.3577331909587,430.6460745113003,84.97429938929318,143.14427069350432
644.0450914928698,431.41198685768387,84.66257345090679,143.2567277456941
643.7362657182305,433.24995703770674,84.62003626565419,142.96655317658764
645.1452288198755,433.95675134812444,84.60630475116115,143.57643543435333
644.3912599892601,436.2739505569132,84.6603991764222,142.83681050005225
643.9720639705345,435.41730197690873,84.92869442308302,142.22255104995372
645.3763042468211,437.92217529248285,85.43933570812575,142.64285431504567
644.3559622072084,439.4798247747267,85.62169359068058,142.46881449629473
644.766312715381,440.8578682818151,85.66468998396516,142.71584122876095
644.6805165007273,441.6973116066359,85.75949378666137,142.99002200103254
645.6210286929024,441.4762573493472,86.06469624709877,143.36468569937819
644.6242881355225,444.03948714820683,86.25119555987177,143.47732798840823
646.0003613845188,444.3918999390607,86.82643043433117,143.6458149992069
645.5880599837491,446.13359056305285,86.66442008145924,143.44873202621645
645.4629277471863,446.3312637324203,87.00757809544396,142.9189401990286
646.442118972359,448.3008160694073,87.54045879626736,143.4397516398618
645.3214625438262,448.6372499719418,87.32466148678321,142.6306704278724
646.4086432921864,450.81929471648135,87.29724355924617,143.01435506293876
646.2143246406291,452.61008930077776,86.7680494414623,142.86071103136993
647.1643802571574,451.85154873566336,86.90138165933351,143.0741985260396
646.9147721151687,454.54553897474466,86.9449776246596,143.41990878655503
647.798432177526,455.17099597489386,87.34519018236384,144.92363083552718
647.9866806625388,456.1609098081906,87.17754814095103,144.07349095503605
646.2149747547437,458.93037518410745,86.85614114512458,143.43103742564497
647.4665020051029,458.7437508712573,87.03110378384092,142.9886888747934
648.8004668232543,459.65658170319716,88.16375798695492,143.6048390109167
647.491577741051,462.53221757229915,87.44858889718063,143.6591941419144
648.8479264045694,462.1191883127284,87.58229588418473,142.86195842678012
647.1931085599851,464.43376938557657,87.0234649576765,142.45134743998878
648.8014542252214,464.5315216373574,87.04709526340385,142.4635048929758
649.045946229303,466.51110759473033,87.33649796731503,142.13392682741215
648.1736914486794,467.93077004331246,87.02900605227435,141.935485137569
650.034481321401,468.943742896494,86.71356878005199,142.10273119794488
649.509858453222,470.8629521885883,86.77032505927951,141.915911067278
650.7139177745656,471.2742631139202,86.98343201206652,142.05322541818654
649.3672650956717,473.0992429116907,87.48828154977082,141.17921172451634
649.7241156547727,473.9664035817322,87.59221149741408,141.4554337308383
649.7414764822435,475.01490042074244,87.53266439430232,141.16356910402635
650.4125594091296,476.04710703270416,87.8995930649137,140.74637267697796
650.0149381014841,477.3188102114352,87.73869486399298,141.07512794633158
650.4524786759242,478.8229437304992,87.61320590013315,141.70926832550094
651.1253085605412,479.11321786538866,88.316857053522,141.6085665630329
650.7759673941223,481.4825661736842,88.59247825392865,140.41569161315948
650.6565913399036,482.1253611652119,89.20576237649757,140.2580146283034
650.9196538029322,483.2912816478757,89.27281423257158,140.38760492785318
650.9869598438631,484.7643604358425,89.02551855648278,141.29864129875796
652.1475807684892,485.7807133874421,88.7095700765239,141.72754475911466
651.4534217379351,487.4527948919949,89.21716990643102,142.1259759921049
652.5173959757707,486.90445575226374,89.0885614881328,142.5065297369604
651.6614137778569,487.8326831505243,88.88263318948717,142.03593323778733
652.339372615488,488.59791238577463,88.87368595318222,141.3505219431709
652.70952358752,490.72756709889944,89.19355096411223,141.2368705331261
652.7102018944795,490.9668124211898,88.8632472531303,142.0782495260347
653.2534973168023,491.5738851163403,89.15228988664947,141.87167571375954
653.0129409690935,492.38052856530584,88.47271203603118,142.14849847406967
653.7444470466644,494.1598964087294,88.6849021313702,142.2492385905977
653.6587068214034,494.52694215372765,89.23132828206077,141.1158723639585
652.7783224012451,496.47659247338225,89.00803337783225,141.2005471351107
654.4325045442051,496.86529406539984,89.1313399960718,140.72192165054605
653.3617985987688,498.2243512305828,89.04724701176136,140.08343292671702
654.0383374098892,498.9218358231594,89.33894907167998,140.7670333922138
653.1825659547504,499.54578238640295,89.66658788249302,140.20436122252914
654.193044405344,498.95659773928753,89.62624170956974,140.22828570303156
653.5420635892423,501.26528677740225,89.46434521417922,141.07197053497478
654.6871806094755,501.53412662477035,89.6403005581733,140.79980884990113
654.4304193178198,503.6349128956755,88.96132064285801,141.62602113246226
656.2528035396805,502.05668635121106,88.75758127094444,140.56839817921582
654.8416697253903,504.63757263362305,88.62240590063888,141.0952371218076
654.2341745286641,504.544933446227,89.09765061757358,140.95486802326448
654.7932968430844,505.3417323332842,88.8488840952318,141.56974464680928
654.6687503802734,505.664147492338,89.15931096028689,140.95508223431557
655.9174473714842,506.5338719263965,88.63654649923534,141.60746619472027
655.6304741285015,507.5305288291294,88.69983776087723,141.7026233250759
656.1449106265298,507.1490677758816,88.6673925988545,141.18622697969028
655.2956711894163,509.52680619509204,89.02560381484804,141.41119743359724
655.2754327344192,509.1234623428414,89.08135243414287,140.9860063806217
654.6362790222138,510.56296960211455,89.1239714106013,141.3343494880367
655.1547541308285,510.5820825858916,89.4736408804524,140.00814820920323
655.640978842825,513.1657701283449,88.9176217807753,140.90299417455918
654.4290574747059,513.7362498622404,88.84197234858706,140.4936430379716
655.8807683372222,514.3120412643805,88.8311156355326,140.34665336761782
655.3132832641031,515.7368898392318,89.05949460478396,140.41113482776308
657.1933263458607,515.1424986991846,88.9429786259767,139.6641374171151
655.313606676193,517.6341694756686,88.92906581916323,141.37572260288601
656.449050106336,516.2473814244955,89.47403684614525,139.9613223449111
654.9502850054924,517.7675208572473,89.51404870867535,140.33501204248748
656.2642133901985,517.7974465800655,89.2827988614128,140.40803678441387
656.3280667723188,517.8646517208792,89.27613867009595,140.28043528059203
656.4485476966796,518.8091094000996,89.55973083558017,140.23682798756562
655.4938067987609,519.6862613238332,89.57906804485435,140.216662628868
656.6051360804375,519.6947977558727,89.76320021483875,139.8414949831518
654.4623306428773,521.8592591498822,90.10371292826167,140.7880300541721
655.0374494698079,521.6950146632772,90.11569014962177,140.3365403944551
655.5462002762783,521.6784983214576,90.1515152626407,140.0244341408595
655.1942676444093,522.4618110652233,90.00024746973821,140.59863845488752
656.0927935112077,522.7482871764519,90.75175802442564,139.77081700978937
654.6752710922917,523.4028260327476,90.55598416146725,140.35192167310583
656.0225042675368,523.1748113866946,90.382427358783,140.346889696167
656.3845819429279,523.9164105212387,89.78043518453725,140.79252777275127
654.4987986583443,523.7669647439511,90.2579057606625,140.1021644354541
656.2675000128041,524.5386198594792,89.91226836012297,140.1356181919391
656.2798931777756,523.3512874235873,89.78982148864547,139.40791017897254
655.8626814071024,525.3899846867396,89.67868689925069,140.28437069035738
656.0664799748273,523.954228431799,90.21057453886748,139.7754310441714
655.9758662233601,524.7197259496035,89.96643182543228,140.83680103503661
655.5854762908931,524.4340157016296,90.7487724396195,141.03488605029435
655.6994367049585,524.289039871806,91.04795265137503,140.47210678008986
655.2095539497793,524.708041675107,91.2308406583383,140.71620213436455
655.3962467551878,524.5011718201731,91.34120482460003,140.22191294360888
655.1252710243151,525.2572484838807,90.80822800265395,140.35276212626442
655.314531749246,525.9671525967126,90.85133392529535,140.5911448662533
655.5286763843732,523.5277050377653,90.91693401666106,138.99039091722278
654.883812429546,526.8786559858122,90.90901063542188,139.27860800153672
655.6241576074158,524.0791601555322,91.27058874663174,138.57804912880187
655.2537635557586,526.6407938549739,91.39998691492954,138.90632935259924
656.484456633844,524.2437841883119,91.67230270310972,139.75716192597451
654.6672081405621,525.2874244071481,92.1597083009712,140.56599393031854
655.5117766536943,525.0514781146801,92.9041581105682,140.44675751029956
656.0517639566594,525.6933022640981,92.21089376097595,141.2301198525616
654.6079852926707,525.0534618348432,92.50476903824836,141.0241554168818
656.2512513166081,526.0569954205432,92.45521361390878,141.03420693787984
656.0607715214029,526.5757715161578,92.4721265412733,140.49447732937244
656.45652771392,526.9901720471427,92.04579247307082,139.8866490289144
656.5995979401439,527.1964334219194,92.10265705197014,138.98674088717192
656.5096167455401,528.1331517147587,92.10488275649776,139.2792236053873
656.0121192501957,529.1658413030443,92.23282298673057,139.07729447917018
655.8656403852746,529.1279269664783,92.47039857286667,139.08038252298672
656.5018678516454,529.3217732425688,92.39898986853373,139.25593926079517
655.783538925091,529.7249765360438,92.62534179245878,139.75237004567163
656.1102240241236,529.7274559475454,92.23313035875589,140.14862030884808
656.180767501165,531.0217109069539,91.82841554770332,139.38383895143238
656.551062704215,530.6353361711585,92.24316068714292,140.05702689565166
657.271803470482,531.7857779783055,91.49086012480103,140.42527193774498
657.7767101897284,530.86194366568,91.72125805391539,139.36603181246218
656.9630653349841,532.9074380304368,91.55229050594247,139.08758981299002
656.8346119243615,533.1962628067685,91.3886464443713,139.10808592406482
657.2583593237324,532.6661071318725,91.47162360235941,139.07128902896085
658.3267829150757,532.8624265194921,91.98030902770503,139.2765288886512
656.313808326177,534.0929379154179,91.97740335854814,138.47183239074513
657.2082732978774,534.2540414627188,91.69447286106234,139.08012490942843
657.76585187115,533.9596109913394,91.63710360972004,139.12650013822827
657.1739541053561,533.7794198285053,92.04006577777476,138.12379087587618
657.7716422447688,535.0797414627855,91.860511551905,137.97108819531343
657.523602250603,533.7576397093372,91.97488360371122,137.87872110551487
657.798723830415,535.0220893945743,91.82988640384596,138.25436465801437
658.7391955065847,534.8425630434671,91.92324999253893,138.26210165326046
658.3975190064964,535.9880671636654,92.1672764977834,138.21076917313306
658.3011547204237,534.7247104024684,92.74764104600483,137.81693068022236
658.252564049324,535.2583110435874,92.46000183752416,137.6589700014316
658.7195430389045,534.4632919729121,92.20945903284756,138.29623683674413
658.3179876668737,534.9940086269308,92.14167057646955,137.94757637492847
657.9876694367346,536.030228147217,92.29088476025096,138.4984033160303
659.0858265308545,535.617833662496,92.62720149242116,138.68354378836779
658.5353185162355,536.8114946636122,92.75383226012366,138.95702724992645
658.9267102743944,535.9156018736355,92.58323577173702,137.73053876104734
658.0883998230383,537.1726355010153,92.22875568606094,138.3733590375681
659.2371178001333,536.4427748509112,92.44367935101161,137.4029849035875
659.1255079507588,536.8729588177476,92.19851660180288,137.46950334963338
658.5439008399399,536.004395246723,92.50358087770465,137.0657453770129
658.3295897172075,536.5132285980602,92.35674739797656,136.99310829069435
659.7754460413075,535.7825933395217,92.16618325975554,137.59436407111906
658.7832885745368,536.3645591506075,92.41604153493375,138.07315696295495
659.314156609688,537.6356421662924,92.11762966573842,137.46810993869565
660.0312545109593,536.9953753078637,92.41104695466446,137.3198924253133
659.3426474802211,535.6003646714875,92.27428420377822,137.5669461401588
659.3886336740609,536.4777373648028,92.10303347367282,137.22780677540905
658.8108663850326,535.5407286483845,92.35200924006506,137.57091669653454
658.8371183971125,536.6702089116881,92.53996558191588,137.6914761093501
657.9777910101371,536.5806452788738,92.13773474528594,137.78645837291162
659.942219189078,537.6802446789799,92.57341133494475,137.78293732996264
659.2148114944512,536.4811790664779,92.62821792655271,137.3686965857434
659.8526776297275,537.4099234135429,92.76599073336214,137.61105711570423
658.8709430817038,537.4513383011989,92.77435822017955,137.64494189988756
659.655306791042,538.0647238994035,92.80497922736826,138.11626340252923
659.2524499214079,538.6950739137934,92.6236200219953,138.16611370581876
659.1179298499708,538.3569922173747,92.33895077709028,137.7060862073905
659.8064052721844,538.7709776237914,92.28549055232256,137.2980228154306
659.1031783703879,540.3923046795255,93.11551439280358,137.47007970249754
659.0538516796297,538.9234277023264,93.68687400281456,136.59618123494434
660.1487937539248,539.4025689080361,93.39736021364533,136.85733594587003
660.1378739448842,540.5888261505797,93.06584981823201,137.37608756834203
659.4094268943114,540.9675769552014,92.7271297960331,136.6515114531138
660.2986165363243,539.2202256505851,93.37061335265984,135.86284213699236
660.1382004624314,540.0924217835259,93.0081174083472,135.87457699017511
660.3578510408462,540.8496667921168,93.4919207761303,137.1582036569535
659.8709025948901,541.4788446473898,93.56180927952289,136.358754447939
660.398377493239,541.6126246517938,93.72780639082254,136.08576129880834
660.2453642553861,541.1402948569728,93.76387654600398,135.70372461178567
659.5652690393019,542.2686784212642,93.57484880037688,136.48981274595906
660.1928835658402,541.0515661588032,93.93488285173919,135.85182195220142
660.2805550647229,541.9137483469533,93.85199243222034,136.9143001605113
660.6027449358118,542.046017033296,93.62350582749768,136.41855733931752
660.0766557154305,541.4459993578477,93.76892047622215,136.26594669698144
660.9384330970535,541.0460872500558,93.69909574780448,136.05909590760598
659.8146551991907,541.8607902559675,93.79609521761742,136.82267047134422
659.9843664996964,541.7336748072029,94.14650882065808,136.78697743274478
659.6940384053834,540.3577144181475,94.86298135986348,135.6001057437383
660.098616639987,541.2903971262136,94.18570430974464,136.0181904542539
660.3707198998603,541.287333132452,94.15640902437659,136.47758655252932
660.9684474853449,540.2484741748611,94.19125404147218,136.11628764871074
659.9403817056042,542.5407753133343,94.10850510969689,137.05758239782642
659.0715343719805,539.3496894687456,95.60367276888738,136.3579445662824
660.2730509709069,540.9626935305599,95.09630795844778,137.37175310830312
659.508313087964,539.8863360425398,95.0254847235935,136.22261299706304
660.1880888848643,541.3538120844496,95.28222787142337,136.37933834053544
659.4476876596498,540.1263776556232,95.23334863926587,136.2200046987988
660.6754283055546,540.9288469341232,95.50702765629408,136.46156546564353
660.4215898691228,538.7878986059811,95.25647169720264,135.9212251071571
659.8224330607368,540.397327136561,95.1391545204032,136.85250547046638
661.1754571619168,540.4381628163857,95.22117961935851,136.47132738693628
660.7176133181836,539.1023379211038,94.90802969753402,135.10144275367193
660.7427266320979,540.334347678909,95.51308735525083,135.44729228904106
661.2923221360455,539.2677907864257,95.33013280756431,134.13782179780833
660.6860212907212,540.9534384701628,94.6116148178082,134.82541391202352
661.8393418728209,540.0648754257311,95.04852085476537,134.0305852737141
661.1020820150214,540.7595183143344,94.9578664675811,134.67958475193984
661.0668186683622,539.7145482956199,94.7808320488534,134.45354077867228
662.9432291281882,540.1830341793252,94.35546951085408,135.3269116807487
662.425827623155,539.0427849179042,94.3456125487298,134.98646021999383
661.9057964972718,539.6459654175808,94.23382255039704,135.0066325143647
662.3491465092219,538.3913437989619,94.42295382055653,135.27739422999622
661.6719271098126,539.6036955222345,94.30355297875772,135.62418684096133
662.160400069258,539.1116163983883,95.10418505612085,136.07710438697836
662.4943087100953,538.3651911159448,95.2939658407762,136.29058476315225
661.5880459156831,537.7498976085811,95.41609738567836,136.18894967380695
662.2612374077054,538.1593168480807,95.5413113578868,135.60739719625172
660.3583177320761,539.6216137740397,95.20007457923191,136.07354516943752
659.7083126346407,536.9840237529022,96.19105671485872,135.13675249824195
661.6915190130395,537.1968993151081,96.08324719712049,134.74454124644666
662.190827761113,538.2653577800311,96.11170129616542,135.37770082989113
661.7349602958091,537.1575285614693,96.04467061989308,135.24056271244916
661.7091120844174,536.6284505068204,96.21518408151056,134.4206496593783
661.353449380887,538.2633479955344,96.3702012786753,134.41333875558922
662.6311216943631,537.0059099256999,96.32064545482385,133.14724742127447
661.2079428533222,538.8156122195904,96.20911477211367,133.82849629113502
662.8711532622564,537.253271099048,96.10812229706445,132.62344992885693
662.1194091308619,538.6649927258205,95.74130979004761,133.387557315418
660.6590709556735,536.3471254078851,96.36577179830694,132.21072471724966
661.5704675703531,536.0954391264661,96.24090365973753,132.2312920578148
660.1708203061827,535.7073690900538,96.41135416532748,131.31056144601558
661.5210250213556,537.7665144085126,95.718859039715,132.92064815132207
662.6179188550841,536.6825806877468,96.07212542461093,133.1620896590157
661.7652335342734,537.3989671342014,96.24518581881102,133.7614152978296
663.038320664687,535.9540586957842,96.48549460737641,133.4658107078368
661.9261537993864,537.4453859948104,96.01036997730571,134.18718948457052
660.3330443061134,535.1339899683651,97.26051053462962,132.85484094679356
660.1491002822155,534.0082104685578,97.29598169037378,131.85926669140332
660.0891370081022,534.1306906332591,97.20408577353831,132.13148382457854
661.6206468516964,536.528639346427,97.14780927902262,133.5795434409368
659.4357717977939,533.6397017593099,97.51512227211188,132.18607052023083
660.1425851236385,534.085364909693,97.06190269868901,131.2366077264968
660.4231717120282,534.1358782039609,96.62254421989044,130.54217028838988
660.4041839802076,533.8787970672834,96.48939771371255,130.3015519116061
660.7588657695381,533.2901270548595,96.04626334733547,129.62146958461676
661.2872067625049,532.6187040161948,95.57314760981896,129.60800088361816
662.2261889476896,536.184271906015,94.9204405169383,131.122880271214
661.4533917736209,533.5706324898305,95.68286523788598,130.4781379053104
661.2363477481571,532.4559271503415,95.60714957644564,129.8092236178578
661.1845032244572,532.6151858660477,95.44047767718999,128.777989964636
661.0688272846944,532.5301748250779,95.14695182968389,128.12390279030797
662.575300200593,533.7723257374017,95.26118895839699,129.25096342293563
661.1114140227363,532.1974475876856,95.91018204584557,129.2146092258469
662.8596550791344,533.851854964356,95.67683226680492,129.98423799972787
661.2388357162522,532.2955543675024,95.80071248007252,129.47779894265676
661.201049224737,532.1101279194488,95.93407808569906,129.2701361303174
661.2839351025731,531.1546087734839,95.85436508077537,129.31710603330828
661.2063882483047,531.3021317175107,96.15913073130754,129.4557458354193
659.8209531919445,531.0063862351399,96.84048658850446,129.40531843897406
660.6294679278436,530.4207151149934,96.30313422165614,129.3756591543418
661.0677798735118,530.296040063906,96.24620324003749,128.80245717159377
660.9697041425889,531.0180082670016,96.06951438677962,129.4300341797854
