623.5,476.5,69.0,89.0
618.0236662555138,478.29308019818427,71.55969025127092,86.52547862645861
618.3274840433339,478.60350944735353,72.3279903493444,85.9507977649521
618.0977856673529,478.4775025229088,72.64799995566793,86.18541819245975
618.1323709567881,477.7581999180479,72.69009857515557,86.11058696552848
617.9697319886213,478.05752168723853,72.6136041912187,86.3604489837306
617.1756582423981,478.4772388891023,72.88619301171386,86.31073308872357
616.1228234416997,477.609269993563,73.28000791683682,86.20407697149221
615.9150427259476,478.17738730062496,73.38780028820608,86.43916713497144
614.3931370748321,477.87366132689783,73.87358122353965,85.98468437287664
614.6242453132625,477.74105287222903,73.96828378497453,85.56821452321925
613.8420392438665,477.7034953508079,73.75409439655249,84.93884492450958
613.6057163141306,477.28214568639714,73.81354798383781,84.74344067285614
612.8905399478201,477.1852337331276,74.57550573364409,85.17815897152806
612.9886517675125,476.37611609832084,74.71656102659246,85.16406823425228
612.4806497333864,477.0004465520942,74.84008734406639,84.40733700681443
611.4281189398414,476.46920741776904,74.76574061931254,84.29418220261175
611.7538281493809,475.9620972701174,74.14082838949044,84.48933710589768
611.0072417574203,475.6569368720634,74.1545355695832,84.48440713572835
610.847310886258,476.4715678479329,74.44042061920142,84.61754378456769
610.3220027546882,474.55898147402434,74.91149037116764,84.80602591577708
610.0737420027904,475.631884295188,74.91978319626014,84.4235141357926
609.4671372479647,475.886496550527,74.77863117179265,84.26337537331034
607.9583087392889,474.71107208638364,74.81387775823623,84.31997762801298
607.1570996205744,474.22719120645985,75.1854370736605,84.61137889992263
606.4352466078665,473.77986428286306,75.5614412825175,84.61948547967926
606.3635686142384,474.4585189316632,75.32056319899584,84.80997421960794
606.8662976937992,473.08281484024565,75.07519914607145,84.49908625032823
605.9553970701954,473.29060240231684,75.21708460748948,84.12841612189544
605.282606065733,473.3296907835225,75.6026142453894,83.76070827756928
604.3821874896086,472.4138156434126,75.9608777310656,83.8389691826747
604.6299672869384,472.7371832833496,75.70789828200347,83.60173149167355
603.677584876977,472.27180598358984,75.85024304367585,83.28079773002509
604.1441237412699,471.77379423720015,75.51787576669295,82.96743318130824
604.5601407490879,470.98523663638343,75.08057279582633,82.22833692092087
602.795912712894,470.93483116202026,75.24581771327624,82.3347154808423
602.5225883003784,470.7881419416732,74.99682559287302,81.81185563742548
602.3567571319178,470.6330880541724,74.58095550248328,81.2669887253276
602.5472548437363,471.26288403813936,74.05632760728486,81.34232801178051
602.9653478132675,470.5182663152028,73.96887834777638,81.3831516353346
602.1792818352424,469.5336812117787,74.23004953417326,81.32326696204063
601.5488292790966,469.280791675669,74.34703601300393,81.70757620130325
601.2094694927926,469.4166875158042,74.15934050220369,82.02353871100092
601.9452330942675,469.41816314024976,73.4040121012481,82.81286807648587
601.0887479015321,468.4997688819468,73.34765186595305,82.73702174354342
601.0368657785623,466.89065622566613,73.42811395913998,82.71992696485717
600.5503618938158,468.62245476130505,73.45087712309163,82.16753804635034
599.5031187784032,466.2683688511823,73.42876760883007,82.44801316173138
599.9131013558264,466.81067404774575,72.91262169312346,82.01643227004266
599.5580005109256,465.681971284777,72.27141406686204,81.79894851756833
598.6407172946612,465.38883475870887,72.01591311276367,81.74990048901988
598.2825507251355,465.910680494823,71.48482606005012,80.87881092523693
597.9607358582177,464.9134597337491,71.28449187281562,80.76552897288218
596.999081905321,465.221440886459,71.21651791158178,80.3372971139203
597.3404978031423,464.0085345094813,71.81767852564525,80.64322871476895
596.4641642106894,463.29483396588546,72.01097590807609,80.9717489149291
597.2838786386471,463.20721099519216,71.86531955887445,79.91144421430218
596.2579703230515,463.658622659054,71.79915618670873,79.74259033657535
595.1956124084766,462.2172812846311,71.59245040216553,79.65265998918407
595.008856787287,461.70750794513987,71.77163302351474,79.79729392936648
594.5612866618619,461.28573700829594,72.20519252103838,80.07139919330928
593.7769040357599,460.2321213816717,72.69456295589025,80.28032228863694
593.4899519487244,460.5431973147405,72.83273491431838,80.48320474285383
593.1906700462833,459.65157210827925,72.9598658843368,80.40701482908563
593.0705554003845,459.2641477164172,72.37566453162236,80.06519705740502
592.4287859041668,457.8726677103401,72.57934486335962,80.0876487706853
592.0296742727476,457.88236176077805,72.34472584771774,80.02471992383585
591.166393857824,457.36312972087717,72.22257494851505,79.24179015617213
591.0645197212643,457.91531033164256,72.19572553188652,78.87212764746708
590.6992220370722,457.4206533825501,72.15435092622997,78.61754351155629
589.195028574729,457.01553306732023,71.94345069385764,78.52515810441837
588.7406140377416,455.8500212438272,72.22149388535937,78.82619465461788
588.0413505069903,456.19664347442745,71.9965177387017,78.3254687256935
588.6692808203984,455.2663573553899,71.62142105984913,78.43811282122107
588.7264493321566,456.2163680114104,71.34762633786849,77.97853430970191
589.0564567342842,454.08958966797815,70.67725898167602,77.8950825203091
588.0112779506366,453.7052121432589,70.97807649655736,77.99985422471576
587.3650801231282,452.9103480758221,71.16336105519184,77.94922391156081
587.4029740747638,452.98553561700317,70.94549505028576,77.68045957290018
588.4091456929053,452.64241003398666,70.30205890800453,77.15059466818582
588.2045491382763,451.20708475938807,70.37924717212016,77.33904764658226
588.3379773525124,450.9630092865868,70.36583768025515,77.2495680723179
588.9480448680251,450.59769687787315,70.19957630741007,77.06164233880745
588.36331826243,449.16806504314707,70.15930199288943,77.2977675805252
589.0137497850483,449.8044014459527,70.01937303826703,76.9960984861376
588.9209577845003,448.590120870918,70.4685807836124,77.00465741414591
589.1365520428318,447.6434936023618,70.06814818355974,76.61195103855383
589.6264700739534,448.1816692578081,69.53220945803794,76.39006014588554
590.5021804664226,447.5589836118955,69.2764958273736,76.37118568919081
589.661608197396,447.21454009633493,69.64138944513093,76.04193896081335
590.051220698043,444.9763236974467,69.5118578733071,75.78888720048438
590.289967087724,445.61795601424234,69.25201643133019,75.30202967043158
589.8774878991493,444.52438629725833,69.56841486623424,75.3845357731008
589.4860277121422,444.62829089127547,69.3725372084414,75.52419591490053
590.2150900539754,443.7298953605107,69.08847906835416,75.6641452215167
589.2956632324453,441.97266203902853,68.94044919033425,75.5158074993229
589.2922211186681,441.63638349263573,69.29728328442218,75.21418466857415
589.5139662360292,440.90778990856984,69.08644346380893,74.42484440331053
588.606178046732,440.6312641009314,68.72804246737294,74.66101704414976
589.1793634654573,440.3563577615169,69.04775205709218,74.42362289438445
588.1918309817354,439.8312800796419,69.30952812129951,74.17793143825693
588.0678238269332,439.13951213572665,69.65156755104285,74.17596105377139
586.9342483373156,438.76347109662134,69.9804529682207,73.62157083049888
588.0279148658843,438.2410073742994,70.07992244137189,73.3616021588861
586.438904460189,437.5354457220956,69.63510547085654,74.30580708422528
587.8459031066592,435.45922090147366,68.59118266464861,74.4391412774711
586.9634426626424,435.13347325840147,68.45641566644417,74.09734566243142
585.6784656860766,434.3885577843349,68.63167004605887,73.69623272571495
587.2869564459805,433.66936208923426,68.20721667871673,73.51464080044849
586.663763873982,434.4057119257585,68.23422025189788,73.19990201912354
587.0558397295493,431.88321726766253,68.12753529090807,73.39343564683901
586.8427442256282,432.1905572819597,67.97858558410519,73.00464595666551
587.0561741880803,431.47420189473314,67.61186615718344,73.12168492955158
587.5538721996011,431.1782029229332,66.84894821632173,72.62693236579656
588.4250692596058,430.23103499883644,66.54648143586618,72.76315304160406
588.2289883959318,429.4892425690704,66.74823868847895,72.4034262336937
587.5555356807133,427.8589193114357,66.73891517127649,71.91264390641858
588.4017778934561,428.2735786982075,66.26984862394177,71.32690462484796
587.8957731078233,427.8664819955067,66.38945447339798,71.29693950001419
586.8250778348829,425.9655453513137,66.4887500733712,71.50338169899894
587.0905723687209,424.8582748557976,66.16902577989836,71.2350463892194
586.3564806532796,424.6849167718525,66.40614453354266,71.09510040768029
587.1077374899185,422.8049518598189,66.13067401212048,71.23871987370003
585.7005825883094,423.1614737853807,66.50869975009192,70.73222621838968
587.1206671999294,422.19912213034803,66.0769498975032,70.53018454287451
585.7572461312621,421.4127434178181,65.79433563873472,70.17077646443244
585.3016311472084,421.0538931758233,65.75401291776689,70.14337370840897
586.4170050154871,419.5245682355306,65.46583503308457,70.33687385258997
585.5443794215792,418.7397102907378,65.7377911283178,70.17191719578886
585.7665795050797,418.08539625506756,65.76990953269367,70.18223701384099
584.3586035744114,416.81479043036006,66.05228204451244,70.6748959117149
585.5561230677921,415.530674154846,66.0741792168849,70.88829319090766
585.1910685262695,415.66227467179175,65.85083791817424,70.94944069613014
586.4368842843453,415.0015735423876,65.35057326527348,70.42030148250352
586.3669060165049,415.06346073848664,65.0089487388757,69.65321332477963
586.3348689382309,413.682761541163,64.87438324925125,69.13818921881654
585.4976311030464,413.26319053985213,64.35063079881628,68.29294580254634
586.2885722405881,412.40364609360654,64.37876713468727,67.9806185172879
585.2463850022609,411.62237756492624,64.56325321507836,67.70219566807042
585.0433808697259,411.0575651120006,64.78090576606586,67.5087574387747
584.4914976296233,410.6393380577168,65.37971129208184,67.48096666905002
584.4153143875656,409.5101508433456,65.38298417806976,67.17136343093767
583.5213053007571,408.5436828155608,65.21466835682125,67.20919507824311
584.440019814102,407.8365738590004,64.7785241440125,67.3348294742893
583.2663601108482,406.6097066730484,64.92448260958685,67.42538869246107
584.7108854489726,406.1893840282412,64.06852705472176,66.99847600344538
583.3083535781609,406.2877928953224,64.3575187615092,66.60741577696474
584.8214091428076,405.5659982358893,63.89600118575901,66.6697311109219
584.2418452098251,405.91452138158735,63.73586273244895,66.18520307940877
583.8634435800412,404.17042801240945,63.47797976517201,66.46073999552951
584.2573155287191,403.51971172997526,62.73137363763454,66.35606990307971
583.6783075145773,401.7124054364804,62.389460833863886,66.5065184714384
584.5048122696292,401.4101987537109,61.98886447740864,66.27081670702972
585.2719742072379,400.18622779697955,61.51217817447966,65.99431303905635
582.7894739567438,399.206896714083,61.63629732781159,65.57870357360872
582.5564397477901,399.30460781898165,61.85168780248932,64.75843633588775
583.2295706324218,398.90128982847546,61.6011638481293,64.47440399624426
582.6828988781134,398.53182279889194,61.53111111746527,63.489073910513824
582.8665215521389,397.8826002920846,61.570651585368495,63.296222036730754
581.9022326675052,396.840570681049,61.16222230888992,62.959460545758816
582.8346113207458,396.80544496106563,61.42253772007554,63.092324318129194
581.6002031082573,395.4648332887001,61.17042428398369,62.84549476063857
581.0969013222677,394.7086763478743,61.136117969602694,63.05092542638585
580.7173546874487,394.0750312099219,61.06238736667454,63.0487308247043
580.9397778128819,392.5125941487497,60.77308985226125,63.38988302322059
581.1190312455068,392.12959552891886,61.05515738266801,63.48896448853691
581.5535066759436,392.0551615483097,60.57064321856228,63.09836940654232
581.4672092434967,391.1079557503259,60.39333762917332,62.96860988854202
580.9115307273175,390.7193042404864,60.19026192132017,62.53214394917562
580.1069715250586,390.3510667796049,60.15904464678377,62.53266774531684
578.7056183188815,389.6313051318949,60.48044402941369,62.534067456943205
577.6087902870042,388.29739572371955,60.71387272290629,62.61860046473063
579.2987439393423,387.8540022856198,60.22276890028564,62.078218733218336
577.1384454669212,387.8889909868128,60.378854641362,62.003053111583036
577.1572379678969,386.43300826246923,60.22253257510886,61.836682321409114
577.0174067538126,385.11255318993034,60.24446252251308,61.534924982203506
577.3666363407141,383.6551627657845,59.90997240650831,61.402068606297775
576.3208974490906,383.54220837098904,59.78731645028402,60.91074230754029
576.2142333656013,383.4436613226995,59.889959663632425,60.93717672792526
577.1661627215042,382.45591900107814,59.1038291851641,60.91751938813569
576.0607471035692,381.45246058882407,58.76186214985495,60.55844915018962
576.3921707013641,381.22437005294057,58.704588787253925,60.61579176151116
576.4363605979976,380.8261410581668,58.377138906315665,60.47344119068741
575.7225912760514,380.4507874205105,58.10525983990384,60.37219448269312
576.3245110529825,379.72519651706705,57.75356250081664,60.253390542242656
575.8976701137333,379.1243794932278,57.73714984157996,60.21807061615094
575.1240443625501,378.7086314624452,57.53610997069353,60.017758182194555
575.8480340287126,377.6931149816641,57.12380938268464,60.39424333320232
575.058903510684,377.5794927446219,56.870801512148574,59.927650820268184
575.0235961967632,376.9610206064467,56.69813377717156,59.709578483611935
574.1408083540698,376.2765148739747,56.55048607674733,59.31047442807874
574.5514988032847,375.74462609044906,55.995387945374915,58.871847066922534
573.4633903490874,375.94708159711786,56.17572413077,58.14070418651001
573.1359564921783,374.93333425360663,55.94614528325188,58.20771866036716
572.7976067535016,374.7025995752557,56.34425864119183,58.35177301806084
573.1343628962394,374.79352046631607,56.219987540904306,58.42358976903641
571.6049853265577,374.05940210698907,55.943887362198495,58.188243247181376
570.9140386521823,373.76448586528704,56.17790039516855,58.34632322766715
570.3788580522622,373.1866243852418,56.256741249797685,58.42333336675088
569.9053535687154,372.68797710653723,56.42363914244355,58.41298815842055
569.6214065171787,372.4158986469177,56.401656474543834,58.33934931225974
569.6440153940829,372.1303860264955,56.25660281828303,58.23203727712226
568.9756429812787,371.3106859161818,56.399461483040724,58.269880839004884
568.404385942223,371.5598035189112,56.37260753251138,58.08472552713498
569.3073766538724,371.3028479402906,55.82484475526219,58.006224629837504
568.8371633442454,371.26369278486186,55.538767167858786,57.792206553196195
568.7348749726709,370.26631983500283,55.51843186362163,57.84703453089429
568.0469880043916,370.50552411341306,55.27856480229357,57.38853232169127
568.4973720542181,369.88974841720494,55.044394486206016,57.40086128769299
567.5640131718933,369.93461719407276,55.10340708689999,57.54339612050827
567.3154524124876,369.9281760042276,54.8975748498559,57.480299937962734
568.471065108973,369.61289308970504,54.48576578436157,56.9809972596226
568.1315714531892,369.13966261866364,54.12457527381615,56.43511227255965
567.6443707070911,369.5108689852293,54.26067868366068,56.083387243514565
568.4844446351063,369.5810233749469,54.04039997397716,55.78291553835919
568.2060533720573,369.87550976262787,54.02281515569577,55.50880188503517
568.6208845823569,368.76091451400725,53.763942370278045,55.53991231941015
569.5416348243446,367.83574858536315,53.80579619252387,55.66528492243358
570.1620145285973,369.0642592100135,53.63720704158671,55.34239081317803
570.4492137266556,367.55006466232527,53.90836252043951,55.495874799148915
571.0173077679519,368.0100994030396,53.37399204572639,54.8428576105441
571.7625028931759,368.1476372669847,53.33151985272036,54.896473603616435
572.520288630194,367.29664623033693,53.31941724980072,54.77201868045199
572.9681733591652,367.04656414538425,52.76204639744323,54.54299965333587
573.4580218580123,367.5963211128793,52.45980750722054,54.44580565032972
573.5326668493336,366.366278812538,52.021776442624905,54.269588495107214
573.3254863945061,365.84669370829397,52.10915127783237,54.42405929935557
574.440545474081,365.4908425121259,51.624699384170356,54.1860383287691
574.0559839335893,365.9726998286101,51.77529076120453,54.24066964783468
573.9919981434955,365.5713459038371,51.714717501771716,54.31508986014698
573.7774614744019,365.1254265247639,51.52346324806297,54.27868629251049
574.5301654300761,365.0421578979393,51.076841728926496,53.86682674897951
573.9317063330207,365.33335526062007,51.46539946561694,53.886431366059625
573.7152571297224,364.8833982450187,51.62039023247141,53.49138525608036
573.0635530131123,364.9356909112492,52.06435563560602,53.28227250232371
573.328043340808,364.91272211677494,51.830769609454634,53.478920659104205
574.8755960703728,363.74094099611165,51.436527273265085,53.686847286035636
574.8044615282628,363.19698605953585,51.539178897264094,53.88060880942537
577.2674423376108,362.64136067332953,51.48809806927857,53.67926457203417
578.3728082169129,363.659615811389,51.908007055837246,53.681224802583245
580.9576973280062,363.01545121467166,51.65810111758604,53.38347094147548
583.0209288681857,362.69182912930205,51.08935512211175,52.765188459878594
585.0334566718027,362.17959868029135,50.72096531687974,53.24948804627354
587.9778363360535,361.72264816791386,50.92092487952192,53.14021573881417
590.157355645239,362.01246432360585,50.646827648327445,53.09163953352075
591.9540280907269,361.83000376961746,50.30403660371093,52.69829794761554
593.7447853083573,362.3036506975582,50.49115267305815,52.6472119011822
595.4398875384982,362.04753156004796,50.481751320991805,52.48047977968402
596.7270901701183,362.2482304197607,50.28573589310919,52.33539559284935
599.1681846894352,361.3792092850262,50.297126337507756,52.44483952991334
600.0088025377887,361.0445250209941,50.25873627144653,52.40306218013943
601.1371934256708,360.71504315387597,49.98387604929388,52.23549718636738
602.5816381252837,360.4639146023492,49.91089388998215,52.02435201815021
602.7421697528771,361.00144821663923,49.67122108270991,51.832027194507916
603.5038960399057,361.07966310999,49.81274677441501,51.77490419237657
604.3105500743127,360.9326710873959,49.659434333004384,51.466798296063246
604.6906180606848,359.8716160724979,49.28369112840478,51.41774405164344
603.9089952289997,360.8144841377207,49.42671140992356,51.13057421491435
604.1131709511922,360.01438040757296,49.034872869854965,51.060330749382686
604.4391504191844,359.90306670192695,48.8206364678118,50.979888539350156
605.1014931054483,359.95409862139303,48.41922072476248,51.19634184891277
604.3290937936463,360.27639092352615,48.29221217845214,50.68692651230096
604.8260611240355,359.54979019845257,48.06322707783919,50.49006110987851
604.4137394455141,360.5266272123127,48.2192062178867,50.40948807817577
603.6424256913676,360.4972252869029,48.25700431944134,50.202054759491105
603.037693149752,360.41202309368856,48.175679798485625,49.92124206079673
602.4415522295791,360.94736506781,48.280120724105345,49.765113066129075
601.7799978612228,361.0354902460853,48.28284400473271,49.465407021221075
602.4453320482312,361.20403361032305,48.27372564235056,49.620176569734525
600.9653494471538,361.0950686569485,48.86519156548326,49.715062522111175
600.6859674131738,361.26419317209167,48.82058568219506,49.87832154894235
600.31307850191,360.8529554219403,48.516810348823505,49.785867659291526
600.3084093548382,360.6785104553415,48.600920434663735,49.888864576031544
600.3709058588153,361.28580738439945,48.4573190801282,49.747761337575085
599.6867892235887,360.992748270449,48.58334708839729,49.851899718521594
601.5000542783416,361.0183608345769,48.1183036045626,49.69693713167902
600.8600015380979,361.23427870937206,48.43227525211864,49.985207626176035
599.8760287159712,360.9354141890212,48.64110484279091,49.980146191986165
600.303234358649,361.50501813366117,48.431947036916,50.204224917124165
600.6639915927501,361.55153439862846,48.288712600394874,50.07084011718244
600.9214386610795,360.85626820295784,47.94252896373798,50.00516284894734
600.3637828574485,361.6678565931134,47.98645292241747,49.58536128893492
600.3731495161531,362.1326072004985,47.6833015883361,49.58238656103832
600.7855605562114,361.76023382320545,47.44035203105055,49.817620950760045
599.810666789944,362.039257596461,47.2032077150594,49.335158709939755
599.6888806153282,363.24001416027227,47.0948948051394,49.11225566875825
599.9180271122841,362.66779896211085,46.76399584668614,49.23315307844017
599.4536700438314,363.2202279854704,46.76693928361382,49.099275556737894
599.1228998816094,363.68308758598374,47.01801654314869,48.97105535673731
598.1538763447743,363.9205757333612,47.20483433062503,48.89779577111937
597.8330664138944,364.27832382098967,46.96355908034718,48.75556866505724
598.1924656748158,364.55572393684207,46.91054867257523,48.65122290684788
597.9590771734852,364.897592652005,47.03957565759361,48.7143756041809
597.6021234369919,364.37516288873314,46.74873776639109,48.635442124781314
598.5388361636374,364.982488109731,46.939215168019516,49.15569358784548
597.9390344246684,365.02483177591057,46.41502490091658,48.59553750071795
597.7184800180743,365.60346828860395,46.22374530115228,48.29636107490997
597.8430760411454,366.1021764908874,45.79389029519591,47.99114062228168
597.4188836488506,366.0550177376915,45.85489545732606,47.81806924842065
596.8297911038313,367.445850402279,45.90598365596157,47.90406706431095
597.4129182738856,366.5477809782131,46.1103761502265,47.82859336361466
596.9861619594787,367.24293054200496,46.45729066407284,48.24955302890816
595.965629150402,367.0655053991176,46.39864534091163,48.24419855842294
595.5481731865674,366.94681653034024,46.50181601901952,48.074182840472275
596.1295466935345,367.66596778729837,46.51753639800681,48.42055640153772
595.8845688243744,367.0153261678811,46.72398678597574,48.56495616220759
595.8003705934103,367.6221460835668,46.37784525781049,48.589520094797955
595.9404176114708,367.707008804557,45.958583734068235,48.54125056808979
595.9012028486152,368.04138979738116,46.18667676771791,48.81102981598106
595.5801885267658,368.66553304818524,46.07094715164344,48.63517070637887
596.1619174380432,368.4666262923488,46.104470759142295,48.68050511782445
595.238001349654,368.66038971146855,46.2059960397109,48.53930751263518
595.4068339280014,368.907115461764,45.91443152554824,48.5384818744043
595.5218836155183,368.9981349258076,45.62729750901035,48.06652950060594
595.2408616511423,368.853155156649,45.411954593604136,47.83857349202917
596.0281693700324,369.4629182701649,45.05363809362139,47.711109499875874
595.8523423632311,369.59207606076575,45.034367246985134,47.6116195694854
595.4401419715657,369.8889104337221,44.975112959057185,47.6707888748917
596.0950657430482,370.0403137186962,44.780285095161844,47.83724997128337
595.5484247401006,370.56383824376695,45.07717919021416,47.82095393761382
595.0618258996213,370.73247159813354,45.235909560267245,47.72231132479739
594.8055303316746,370.0091469736231,45.0874323758863,47.691768410350875
595.2021951009772,371.1990635351707,45.107281912999,47.99533162667217
594.6833234151625,371.0843612852131,45.07822087560126,47.97085324160814
595.5684351007656,371.5112324834714,45.12694672695979,47.668981250765455
594.3304201678791,371.82769282819754,45.22976353998311,47.34950446046784
594.9553548839815,372.00679960561536,45.10233206172738,47.17742123559877
594.3412887294153,372.3374732565985,44.88500977338657,47.012127390892545
594.5340907854389,372.3239225434726,44.674759307617705,47.13216791085351
594.8453356257094,373.25205110100654,44.940114845258535,47.410600126840194
594.118314881476,373.1249037094209,44.97791838340031,47.19596964255352
593.0398794513841,373.2713005702892,45.07149650180851,47.355278701158994
593.8822354777127,374.6235537288884,44.6638902574093,47.50899463013067
593.678280160405,374.4494840948521,44.596041683822214,47.39854404634709
593.4084619450309,374.6256876415854,44.74492997137447,47.37208730721813
592.5629435288716,374.90863339996974,44.78896851744564,47.41198491541509
593.0094686294391,374.6593329334997,44.36578515834239,47.13340618994233
592.1085307939722,374.7568625152034,44.515383240431696,47.110429376192876
591.8539919667921,375.22040651072336,44.81774508747331,47.0673008573324
592.2571412829906,375.9165439691899,44.62877289350336,47.23558855102554
592.0495242271242,375.90864494471873,44.76534089638949,47.181907700727336
593.2811972867142,377.06468592193045,44.789644694811905,47.13708200622213
592.3200882812072,376.69891778577545,44.4314199911349,46.97729858639728
592.4290593480242,376.3557306095749,44.39850435414954,47.18602861449571
593.4786484541113,378.12842712615344,43.75126810898591,47.36216411145952
593.3027394408502,377.93784338447904,43.506158731104165,47.27137581859364
592.4956644995382,378.7013658701076,43.694539403866756,47.137336576058104
592.7243651090179,378.5287531753108,43.40059972107625,46.749484856791824
593.5634477385917,379.51744563178937,43.30775576911098,46.4604085404457
592.7429143003401,380.17222866149524,43.262811450431386,46.16745536841647
592.8501969612922,379.8034473847533,42.949485702482605,46.05296094176724
593.4275809140781,380.44229198573987,42.93643213139869,46.00722583754187
592.617683842345,381.39681665709054,42.786294958489506,45.6799336826839
592.2054203984038,380.8882971805507,42.63609463298888,45.399833467977956
591.9452748858259,381.0102122760127,42.66523098742931,45.44696543668766
592.3939993738259,381.76306649835055,42.69838587323835,45.54780983129102
591.6577049880176,381.59996620419963,42.983631643489204,46.02460598026279
592.317724828092,381.39683263963946,42.82410917906914,46.5523922949858
591.5087780277929,382.03064756578533,43.22588825864078,46.69653803168333
591.8904594678976,382.7896741991233,43.10141290303611,46.80204674334756
591.3944664859052,382.372411178999,42.927674231896646,46.64154643357473
591.9405698216423,383.19996372691423,42.94311748279347,46.83841916290908
590.850801742957,383.1418728644886,43.18321958865043,47.13555543349666
591.7249519262575,382.77925519068896,42.77656577413515,46.99807738454669
590.1451830874792,383.3398147226869,43.29885755821351,47.05250794690117
590.3416862009013,384.0876702143758,43.077310127035744,46.585446770499736
590.9548696468258,384.0793978612423,42.93114521863865,46.422917308561566
590.7239491236115,384.7815516659666,42.72119936073238,46.16994517694179
589.3732205997636,385.19611007378296,42.86645757305514,46.18690836647808
589.8653894230769,385.135034845333,42.763997944807926,46.016633280308184
589.4965995315847,384.9869516930347,42.51744013309239,45.81536127332788
588.9985214511978,385.2911816470553,42.57466310018246,45.95065312958424
589.0183024838234,385.51627767690064,42.7151488450091,45.89410272057026
589.2420780355257,386.3258632047558,42.63352686834408,45.98989307442867
589.2683010710853,386.3034026933941,42.36177295735426,45.684724874959315
589.6009927881593,387.1185622119015,42.33900925224842,45.575534611633785
589.530892394024,387.4965628278228,42.41785284037307,45.50347438645164
589.5269669591338,387.358681564127,41.849473184183196,45.305903942508806
591.0232674334551,388.39010803458,41.266801987890375,45.23614079671542
592.1022872265314,387.9897342196722,40.796509761013475,44.823555892694685
594.6753492027815,388.81337475557655,41.14827723459989,44.86396114500554
598.1011486718586,388.83997165418697,41.14017843377478,44.7749498922843
602.1186320888661,388.4519157982218,41.19475780337308,44.811961028767506
606.5742427821,388.45787340039567,41.36225269498132,45.02717038131891
612.6259119843994,388.74625278745816,42.005086241676445,44.86310489909641
620.2041904735102,388.7974774860691,41.608129902798325,44.60359672644958
625.7865063228663,389.67311379419675,41.880280087325566,44.42175040833586
630.5312439907312,389.37873619046115,41.86886547394694,44.081116496658794
636.4645407141642,390.11556848427546,41.878529923504345,44.07869958206484
640.515864828119,390.2796463569962,42.00954525455471,44.10867530491946
645.2369485906701,390.5970837065304,42.1286684704194,44.13326544197156
649.0966404146518,389.59792413155105,41.871500246039865,43.84665984637061
650.9083403182534,390.451307353933,41.70377556395871,43.932785738452125
653.6571488899278,390.3699711798753,42.16523101048405,43.59349864347523
654.1192686793541,390.3638047621448,42.592058974661214,43.52794108281793
655.2192473259389,391.33827920554694,42.69383374478532,43.71843249409413
654.9946336264529,390.79960550215895,42.50275991618772,43.485837059340284
655.5838754623352,390.9670535439262,42.27966216780872,43.260600610336226
655.0363351782145,391.82970843027675,42.76862405700346,43.32051050697728
654.3727510902171,392.2872269430228,43.15087616349062,43.054521809884825
653.3403196420062,391.7218228332386,43.26681249188126,42.679257627452756
653.3638940447007,392.4914986374324,43.389885655977366,42.315021604392356
652.3081388882264,393.0471976336449,43.77551629973653,42.007978816072765
653.2925280003892,392.09983770948486,43.42574125210005,42.33890428992686
652.1509637439509,392.7668830618418,43.63863022106197,42.62067523949469
653.2348384011491,392.446203921686,43.57465688475389,42.94374754792629
652.1000601391695,392.639037695387,43.681493920569196,43.371689481382084
652.8494501619779,392.9701584006929,43.097981878893066,43.33716705585093
652.5211143210572,393.42808335751096,43.401301908112224,42.910741311278485
652.5254977624053,393.33253675356366,43.45658435129947,42.828301592136754
653.0587888164354,394.2139529977049,43.36699789019278,42.256860095065264
653.2112488742367,394.10648359778475,43.389173670595625,42.04781207253886
653.9705936565463,394.157944048267,42.90594648543224,41.87414501053072
652.9189256446018,394.08643619354376,42.832160870069394,41.98087475334238
653.8596620549661,394.7063044408524,42.19588164999546,42.120723644047686
653.9744578778283,394.9411441487283,41.81393475057464,42.1007336463733
655.0090062124561,395.68514006413113,41.412151895482225,42.11663006496494
654.8311615855379,395.35914334530185,40.95006697272112,42.40748426474286
654.6774277872429,394.8026493956949,40.58517158608426,42.68625378112134
654.686291500466,395.2769039616963,40.243309809814875,42.73398109263816
654.8317168170703,395.21404970948936,40.40678112728054,42.522051367920355
654.37703398286,395.86841837234226,40.76529860968503,42.25527606976431
654.0297308852485,395.98132254995875,40.74725861855634,41.912907329900136
654.1500730774835,396.6457455363401,40.85492398412808,41.76130447065526
654.4792886690899,396.21635994880677,40.93694377919453,41.46636992958872
653.5768888807274,396.6458332564556,40.96229687326096,41.56415677948579
653.2777017441682,396.6568586016603,40.95163440273861,41.3687991321891
653.4119203159709,397.1582810989819,41.1068392388276,41.46341583798536
654.3841718681433,396.93690374126726,41.25940253691816,41.30314791843156
652.8475247427554,397.13661255239356,41.51305281338982,41.33612468151686
653.733607847382,397.2290817921391,41.865082179850475,41.31484178111589
652.3340578279257,396.84320411734717,42.26735881254386,41.30789785186819
653.5223705760649,397.37259194514877,41.67949230941425,41.26650493723948
652.8646408970548,397.6261767909882,41.826740326530135,41.150037254761685
652.5746636162653,398.1804008002042,41.61525702380554,41.18242142207492
652.9805498600251,398.63197765616,41.78135249721564,40.72617067070216
652.2236375298434,399.11002073623433,42.2388852197511,40.358432005155706
652.005620687187,398.5941718879153,42.26172362284302,40.35964347571191
651.3719994443939,399.6014967646314,42.243455926048696,40.415296685536546
651.8352620387972,399.22541738685084,42.411106910452105,40.23168856535382
651.324199064552,398.92630464522784,42.349314645098175,40.217498734879136
652.3943607305208,398.7296966583142,41.881056213558836,39.94580683602955
652.3814704150211,400.0510204319825,41.84819056051451,40.023284725475705
653.0476523560149,399.19135300177857,41.27541664863874,40.2471475123286
653.1286441623197,399.5172445720623,41.1013734154476,40.31430200718302
653.0432326182929,399.3816796409931,40.77864432535681,40.4788108795814
654.3328344503867,399.695044921634,40.62943905899614,40.34732610282069
653.3694944709093,399.917486477479,40.42388635193531,40.462635456912935
653.812735918441,399.50618468603636,40.33983736485759,40.77873879565759
653.3428697355073,400.1190461768916,40.417541787590906,40.93116746914423
653.3466752789661,399.69017039147457,39.95149534405611,40.933454998745184
653.7437102317962,400.2949781467727,39.86490610741768,40.580725219369256
654.0088762099156,401.2543223170828,39.740504014631924,40.104643566294726
653.9186088324102,400.7693841957821,39.39972021476433,40.15387582362477
653.5033330742964,401.51129602864313,39.30973545131355,40.16024528648843
653.0504863978414,401.18927037613355,38.98511359578865,40.14891866706534
653.0208401443596,401.24965397933056,38.7765281961914,40.22994639792434
654.300103295811,401.2815322460884,38.888329318291404,40.20348020656077
653.0946609490614,401.8763531998474,38.7436462703966,40.316745289094015
653.934160972545,401.54059271628614,38.47064230764279,40.05869462764602
652.7974323924328,401.7052487055001,38.55575689660853,40.232396856104415
653.0877595978293,401.39679978961146,38.62514633099215,40.79798034138939
654.3018698098878,400.6556783394494,38.63193467114233,40.85660862055106
653.8061674417157,401.09934345618865,38.31589197401472,40.81635665083215
652.9609380486385,400.760978695887,38.5338480517341,40.62780131130137
653.0438604033086,401.64377284535476,38.633895997051155,40.59430384316877
653.238914663649,401.82914558377547,38.61097134048708,40.36819496753694
651.7755702492772,401.93091916206777,39.04672126732963,40.23370300312485
652.0666203027868,401.819889334907,39.304165635389026,40.439250030664425
651.2182147935337,401.78955613934886,39.66902360518915,40.407710629115186
651.1661183578993,402.32996001388165,40.0062963420326,40.242127789831954
651.0620823801264,402.60626052876034,39.97439710688731,40.43387653777318
650.4394020402303,402.45334109977904,40.29276656239064,39.98418956832795
649.4057647509445,403.5179126667324,40.52911794130864,39.649194045085494
649.3765190375557,403.40339312707084,40.701535845816466,39.29228388229366
649.936242097175,403.4618245442266,40.791128222595546,38.93524960058585
650.0540831904375,404.27673912955896,40.52396756029111,38.913250119900724
651.084302181785,403.50357164981995,39.95315515075441,39.01595140380347
650.6812109701895,404.24698424419114,39.21970632642494,39.15608589657201
650.8814974344455,403.9069677511487,38.78147821200501,39.394723510504505
651.5361016068632,403.89689538233137,38.24333563874918,39.33480383965813
651.6116305895994,404.4412812223624,37.85889363029856,39.309236567287925
651.2187798683331,404.46841974158855,37.83692513522064,39.27373908230872
652.1064562600689,404.97786881812834,37.46440378695245,39.17705770226219
652.3975901720378,404.55003280409437,37.52498826938054,38.87207756968569
651.6804845065449,405.04574549892635,37.795783572343765,38.61603324682089
650.9322884267369,405.55186316304633,38.1573286870148,38.52531809213056
651.0990678167616,405.50272377998124,37.798783418220864,38.420603673932646
651.3991849158785,405.1291124520189,37.660499224087765,38.088772570282444
651.1759788847783,405.07273303348876,37.72758431690308,38.00326104174688
650.3381164107273,404.93660213661497,37.88414827905852,38.15962670737646
651.5090829037276,405.47562688374353,37.910040801175526,38.32391682417281
651.3866998553852,404.98924577881235,37.84258402965612,38.30635769585847
651.4452730818306,405.49950881708116,37.53310136019649,38.41207676035016
650.4523864728415,405.69707600616425,37.460649900135095,38.71051263841714
651.6559981081696,405.5047862662111,37.33987534659623,38.53880029970472
649.8693020502179,406.22098804352794,38.164349882848725,38.24819965206106
650.2063609837198,406.32641794740977,38.16613611101778,38.304401048015635
650.3284598162447,406.2937755727184,37.99113282243667,38.16251236051822
650.0254051476235,407.0001520771491,38.147313905789986,38.188539897845175
650.2142411444788,406.78578391731276,38.05445302138385,37.929054464874255
649.4167075841648,406.80774578900144,38.314601046972456,37.726163032817254
648.590392359102,407.0079177286682,38.49240361147024,37.91742290943462
649.1682754602617,407.3190593917882,38.424798758447324,37.93553105219638
649.0996886999917,407.57324486443434,38.680835533772964,37.71003820777615
648.5232001242191,407.77076595486585,38.92873487026225,37.429753184775294
648.3099676622459,408.0161396330647,39.19901574674823,37.383817202326696
649.4389384356248,407.56683511057736,38.5640106871883,37.235761055651025
649.3672079342772,407.2405378069474,38.49288829297183,37.069606771557346
649.3029869943452,408.0188761484276,38.39313551884777,37.01683836515488
649.7438819769397,407.3787000850997,37.77868716742849,37.13565487112126
649.3802757870541,408.3333090931511,37.47975325451338,37.42725825470717
649.6921913031545,407.5387891190537,37.00361700373524,37.53492799225434
649.8744046999961,407.9352896220934,36.75591465646778,37.439088958697674
650.5167097144327,407.7339373673709,36.5659124576421,37.4554271306049
650.1637570274296,408.694727876631,36.23925354923115,37.67425844271209
650.1105912704286,407.9950508127835,36.03838543607202,38.012782334925895
650.5548592177163,407.9710982800957,36.12179494650319,37.810282982786674
650.3583152118246,408.9286901337311,35.98783568178957,37.457044475482334
650.4513920744898,408.67822573175977,35.86530650239095,37.13744805044779
650.767339470078,409.2808302708751,36.02102224206779,36.9858510852162
650.1191658992884,409.03406448579256,36.19571236975391,36.82950761055853
650.7134417495805,409.8616365558066,36.487424975238156,36.67331419036368
649.9888750935679,409.372906521029,36.30396179449599,36.79695465123061
650.2922282191018,409.29366007855407,35.817630148487765,36.78458706683926
649.0946977235362,409.94525687065,36.33574778978064,36.83520093198818
649.6916239787148,409.8314767232356,36.55182860805218,36.757161775751854
649.0889449274224,409.9710473314234,36.38365799168851,36.6457921223102
650.103189134395,410.21038825959903,35.935178084518185,36.64726895259686
648.804142386915,409.99145998156564,36.12360146496095,36.73010468756917
650.2813255027982,409.79492294658587,35.77645039928669,36.99907675365624
649.3055742556112,409.5312886756353,36.011043961928294,37.145707083591844
649.989941442051,409.89845702170106,36.30513708080909,37.0724567123374
649.3725856713529,410.30313483117226,36.41954224956282,37.08831416807914
648.6722316483243,410.422348673097,36.844715022067874,36.947673760139956
647.4255102140957,410.7750762696165,36.9427466375499,36.93637461778316
647.9946010810331,410.21524063442274,37.156944702564026,36.85856127570574
646.8841579461161,410.5579650442368,37.20045541735962,36.54775891112709
648.1506306933763,411.3279239460631,36.96084989056672,36.59364211283803
648.084105448664,411.03578060928965,36.75566568717947,36.46190182458145
648.873433934229,411.34679843913295,36.603967753830275,36.34653181192476
647.8456263519806,411.30994570672334,36.58544380013236,36.34968591112998
648.3352973607718,411.3833217401223,36.78109505914598,35.88853391647751
648.710064465855,411.6235692175791,36.56569213750828,35.64415402976128
648.5739231966774,412.60490301150395,36.28969211217717,35.60424931270008
648.8175298746836,412.1536123928273,36.11455505654721,35.86869076571723
648.9119891376472,412.7040299740964,35.7870581455055,35.868637282332585
649.0229745051712,413.2583648851813,35.80697581434987,35.86075092745546
648.6841203297332,412.64093874806025,35.68510752509678,36.01081702501611
648.4709313261602,413.0434823613553,35.41896002622325,36.19008244668417
648.3089730064878,412.21859173969284,34.903210418200075,36.433225425353044
648.7738021723055,413.45313962846086,34.765489497396175,36.27247401198328
649.6541865702943,412.8256695946572,34.85143639012409,36.23592197506021
649.6115231982466,413.39678872626547,34.506507840373345,36.31149708445571
649.6457431532076,413.29902741749214,34.31142466019727,36.17154774408036
649.9805427054876,413.33421434377345,33.867796941474,36.07962961757501
649.9954812404253,413.3369360845592,33.65059965410812,36.247589875932746
649.3818777028274,413.5660142691112,33.76797170065551,35.967383903962585
648.5701552123865,413.8205843370915,33.85946775747297,35.706470231796764
649.2362876762567,413.83685386491857,33.76051472128821,35.72116260446779
648.6573242351907,413.51086906816755,34.015959928272125,35.82485446225964
648.8379711670766,413.5667921836467,34.4043879492278,35.625995932896046
648.0826036115799,414.06807683954077,34.71894736575571,35.34251922860624
648.6492965585752,413.2290247182394,34.497394817655135,35.36042847818989
647.7865111848782,413.8462544277762,34.608672943436545,35.38794935429745
647.9292246216297,413.0807337960482,34.30691726573855,35.470232254029696
646.5864496959115,413.9080864924432,34.61565871225263,35.38638927369237
647.6331241288678,413.4175510876144,34.70951468413898,35.427063893660424
646.6843077161343,414.1766405984063,34.809038931877645,35.271599401114074
647.7415930354585,413.95183852156543,34.615786705056216,35.164689291642695
646.1940538214654,414.63995872338575,35.00245105528366,34.9913725435121
646.742026458297,415.1441017232494,35.01083846709125,34.796661751971854
646.6992218612982,415.1253334565928,34.75773416416551,34.781869620475675
645.7290794913863,415.6220334288608,34.83780014063775,34.76455349103745
645.6579352359347,415.24060924686756,35.189406827452686,35.02251761201239
646.056220390831,415.2267274834936,35.5628884499952,35.22217106972376
645.7534034658095,415.93642961171764,35.85219425133211,35.504803790089994
645.5040080560653,415.46252460512335,35.4678238240437,35.25110897673285
645.2104491992794,415.34466337016215,35.22345596813862,35.02765135980411
645.7408535287701,415.87723250374665,34.709499122950234,35.28928149092013
646.8484130058328,415.9028651560559,34.22884994021014,35.648876486365666
647.5726557816029,416.8659425885231,34.04652857228665,35.77345018092521
647.0193268710731,417.48833530969495,33.947536898221415,35.67899468605324
647.2921151949124,416.8519977459565,33.32280618380122,35.77971649302682
646.9226375618891,416.91330629255526,33.101660262618665,35.79213454213182
647.0086221848601,417.2495781815358,33.30083879828727,36.07705951226341
646.5700465442895,417.1435324883417,33.185029805208856,36.206073348717254
647.4431759139179,417.43955581113676,33.32668012070833,36.213754333742315
646.339573757662,417.3811361441933,33.333181765983696,36.12818717181973
647.2201695361063,418.04691818026123,33.291442947857114,36.08547591054358
647.1122386712657,417.96482036297084,33.126153895430036,35.94425063977266
646.801101634949,417.9122288290016,33.04896209720617,35.80517010342781
646.8312632003181,418.4667605017465,32.86306644895372,35.85058566552323
647.1685030738391,418.26638855939444,32.72211264566775,35.68938148923796
646.7049880019653,418.6728027661023,32.66936444001591,35.5352953248342
647.3309416447839,419.2847855640564,32.84370320139841,35.32152045425255
647.2235548906817,418.68333283476437,32.55797799754015,35.11851589773039
647.4066532855107,418.9395932582277,32.663984253965566,34.70101170910978
647.0457319155762,419.652339080592,32.55958186472611,34.73670695021494
648.1236890045302,419.4073175058134,32.325005887387384,35.1258231119453
647.7199345595002,419.80554450226566,32.102338137890484,35.13620727383369
646.4772290246923,420.3868515601087,32.446461165437746,35.1562564796426
646.9233440048108,420.2964126040911,33.1199509289021,35.31505425894005
647.6911653281334,420.2908359864418,32.98661042821497,35.62405258963476
646.1371856294836,420.3649809016887,33.27176179824707,35.2387796983041
646.4804514854726,421.2805153126086,33.41941097778286,35.391866531371576
646.1391546825787,421.81292517498093,33.293648715707974,35.13929503660735
646.2817499662896,422.1343858813239,33.172139044449196,35.059041351391755
646.3381361573402,421.8220340560663,33.01237009867506,35.22440860187503
646.184858813433,422.44341444925004,32.994143219630985,35.38396116713862
646.4650096932717,422.45001154865787,33.51355468531841,35.2408938862812
645.9779958600915,421.9645360334775,33.81350376796149,35.213476832211335
646.1141390069788,422.3077455522665,34.0406108777169,34.99516296178377
646.6136442712624,422.8752928775457,33.76494467516904,34.929036488067155
646.344717833027,423.2076344382872,33.45563017893642,34.73077756354268
646.733940698046,423.3068045949491,33.10856621092606,34.723636195264305
646.7598428585698,424.2179627002202,32.917266964141255,34.87448513917925
646.8745626863748,424.3162572741899,32.68086058959293,34.99294641438509
647.3006098582158,424.7389845053862,32.536003191540054,35.00229670624965
647.750232204498,424.353372516997,32.29187827570131,34.961086009718755
647.3017951496334,424.8914001812235,32.253903063588325,35.006878787650095
648.0299412053398,425.6828007597018,32.14466102293811,34.853962422067625
647.2304186064391,425.11132417200224,31.827263707273765,34.916877645997346
647.9160921951731,425.5267788202147,31.733991032750673,34.540552203055704
647.4164371793071,425.4683541853364,31.706936499587094,34.424554571991536
648.6052877382652,425.40148256762296,31.616210050173642,34.492878334664425
648.7122720511551,425.67717889419197,31.51380552418251,34.47385142087191
648.0176765114925,426.5544310133204,31.40297598030072,34.795960847242114
648.5129775125339,426.4310411047621,31.5676910463178,34.86910203742575
648.8049887788555,426.5756664077236,31.665816553015546,34.90483768071114
648.812172790662,426.84989158191246,31.483175751010755,34.62256784762273
647.851115720615,427.77867089456,31.778861048560117,34.44084721594944
648.1357211024321,427.6448308187015,32.07030475823083,34.336237084224834
649.0401068667487,427.98825857733544,32.161538927801516,34.403723348096335
648.0749197353391,428.1761861079186,32.33261593891928,34.38637532409281
648.8396821996996,428.5375622796879,31.910011490926525,34.83398902936716
649.4574981814595,429.17660766565285,31.674278914766287,35.00650877589274
648.930143421459,429.30504148691887,31.78002979943729,34.91576859157548
650.0335477218501,429.35779315324885,31.329617492294943,35.13420875466591
649.3603268306852,429.4954534027908,31.459392337750728,35.00469634138118
650.3403805381276,429.8404025792811,31.2860372660435,35.13560878323092
649.9221857112212,430.4815234139751,31.427478067794123,34.90086748577592
649.299828034135,430.139717808004,31.372413529998813,34.82465060705043
649.566939112166,430.1506274927258,31.74500881015493,34.64765491097438
650.1552706548872,431.22712818686944,32.21093338645578,34.549852907376334
648.9456571398534,431.3313826708543,32.3265713109171,34.33172922125999
648.7457978228632,431.8257408667771,32.73418962320979,34.18649979411707
648.8786261940484,432.29946527801957,33.07113423019332,34.03693817770967
649.2290617799423,432.65337469150137,33.38936181710302,33.89742049200807
649.1350908243286,432.14007626085396,33.046705743539675,34.03328601861662
649.3000960856939,433.0961422787594,33.0930424347926,33.968841704058235
650.1451647839866,433.410606117525,33.0977303298408,34.030142190723
649.9375963360926,434.13733614447636,32.56867433927616,34.01494769887776
650.7246621641501,433.32944632120814,32.121180618799556,34.268186742730165
650.8238645018712,434.3056002125022,31.803547401506368,34.697234245786646
650.74652828967,433.99212625573455,31.62634050814829,34.764173395054996
651.2377156277478,434.72034618921975,31.16967462658652,35.12269174284441
652.0286960400902,434.7364641872393,30.86476942304894,35.31276040390697
652.7965794740492,434.9672174397579,30.568269069909007,35.1765290815937
652.2159080132744,435.0453732411495,30.405516384654646,34.99589290895943
652.9197440446582,434.9228812886157,30.35394321219179,34.67881902088654
652.7933498865168,435.56920317480854,30.170574868156088,34.73054799782955
653.1552961579164,436.13013972394333,30.226357391828028,34.68637479923335
652.709066036996,435.9658684097066,30.28558558849513,34.63777115385541
653.4762924016387,435.6320416399074,30.306203021029233,34.41257834755227
653.2458631371003,436.51321115104724,30.009899873222288,34.553593135583064
653.0706643643254,436.68885102758725,29.832783139883638,34.54173909532693
653.2662020868031,436.6656354072376,29.992585027615508,34.172353283900236
653.6157537185753,436.7608491282266,30.441805180780918,34.07618415778342
652.8525879082946,437.0058004749269,30.433603658298715,34.11615328578638
652.2959474157132,436.98986611437084,30.498090493109263,33.82593191757733
652.3434094078458,437.5278995645938,30.553195154836303,33.95848341961258
652.6904797899515,437.48433293894124,30.58100706739782,33.8696778113357
653.4916507061064,438.4839158710913,30.487589242503873,33.70802694356418
653.0681594057161,438.5320528555101,30.58487809194944,33.4293172386665
653.9734917430605,438.46869496919794,30.40511487313954,33.60834367549745
652.6862343108759,438.1144497294771,30.534871799123962,33.56119072756719
653.5633388998355,437.99383597980267,30.355818713848436,33.83562771843724
653.4879302545945,437.80676199024737,30.182444106222984,34.01136785383885
653.070114597814,437.6982574806751,30.281579150080887,34.13425219073568
653.857325067992,437.9007363226096,30.69308853332583,33.979732451994195
652.9225464373189,438.97111690373094,31.038360120576776,33.62932864105462
653.7924519013725,439.23093576381393,31.49041582874577,33.327963919817655
654.346868461039,439.3255386698917,31.06390068159604,33.323747828244976
653.2503855265645,439.06117033332026,31.124604797462823,33.14312557080015
653.6217780911123,438.9172832212481,31.15671271379248,32.95861833895085
653.7709886565805,439.82616654244794,31.352057235035907,32.81914742809562
654.2228691985757,439.5646095577191,31.51191159236773,32.78346886606301
653.8076103320758,439.4083530309615,31.5787718746916,32.86179619412773
653.5147498148035,438.90649462775457,31.66388142518556,33.08255592351524
653.6913327244732,438.95000716997464,31.782351543536826,33.48588341008562
653.4452386697334,438.60513585797594,31.563893440915635,33.772495949806874
654.1680226968438,438.91761022072853,31.397269640616365,34.24778304411829
654.0686292485206,438.448577853359,31.684613415531466,34.14451517635642
654.5126935184439,438.53694832608807,31.253327476983934,34.694550711573015
654.2735831244792,438.85409826608407,31.079008356027586,34.829887343383646
654.9723084445644,438.5753919633911,31.314120949232656,34.61667364223583
655.3073330942924,439.3012813513329,31.109641414152314,34.64035062730805
655.639375747486,438.9228761038643,30.873774412876035,34.32881712524351
655.3434188267624,439.13805010333186,30.593071307625898,34.186468607271195
656.033864565587,438.8019836191854,30.590017368696024,33.79445648736825
655.8166661323929,438.76547731951393,30.49875044199716,33.9102559829401
655.7582261663622,438.76186741762336,30.557420980885176,33.83674037150087
656.261093505204,438.7911017227664,30.668499486032346,33.70072533605102
655.5664677415157,438.7940773718617,30.743776156078624,33.640448624901666
656.3096957354368,438.71569323222053,30.745031001785968,33.421821129342646
655.9732096734947,439.3053228247188,30.53717653322463,33.55013335547892
656.5649313987785,439.0277001232209,30.538934846763837,33.2720325704064
656.5083228945516,439.3776376476421,30.493636461483646,33.21035595687053
656.6654311037429,439.75956240568325,30.592565317024988,33.05918878331746
657.2594102052162,439.3303147995501,30.937031802417476,32.68881551108677
656.7556130716,439.5375126169202,30.596441603288028,32.93187096954341
656.2589360778838,439.20966194361563,30.50740277894515,32.71423141143988
656.6380452801978,439.0541041043738,30.49376959036252,32.81200379744884
657.2609063101277,439.7214272969887,30.481389105171804,32.95420899474615
657.0343222489468,439.7274705982463,30.333142308634017,32.96580183307198
658.1621195834932,439.78806618455536,30.439141839675464,32.988087727805244
658.4781343844783,439.63113969218546,30.36259057213215,33.13426912150163
657.704428804111,439.57546074206084,30.42481527523283,33.04069421287471
657.9857080089788,438.9602880255874,30.39620081662695,33.110358517319796
658.7272544209463,438.315292989833,30.156273247284787,33.26268617809255
657.9342352341039,438.5752279759794,30.255630874891214,33.48902427750846
657.6079718196324,438.44180144640933,30.007596013503736,33.680128021327036
658.0996540890335,438.2062974483186,30.296690624062286,33.55387572116381
657.7142471629809,438.6447420598027,30.25744409427802,33.73090259488292
658.2222071162317,437.80291866823507,30.75135454342056,33.54474964485618
657.3482946136229,437.22739062979184,30.799818343537204,33.310478859407496
657.7150047275406,436.67769580173564,30.76259777123471,33.1861397395418
656.8701166867711,436.23093270199155,30.8252019787274,33.14262268942282
656.556722693996,436.6041728467525,31.777842745811814,32.879151857489205
657.2410643294858,435.2212672575042,31.934458666307087,33.060654888555305
657.4800913460593,435.1973647274502,31.306793547506654,33.53324150956118
657.2162791193798,435.0005913594955,31.05796480386345,33.81370875719317
658.8458734097142,434.54608128294706,30.98768623067136,33.89971500857945
658.3368798405331,434.0153978275349,30.60009177552005,34.05984753105231
659.4959577670932,433.11382208269345,29.95205461193708,34.080503760496626
659.8615500213898,433.38252761119253,29.53505062650089,34.19487169948921
659.7810066476138,432.8763520932921,29.152125900397102,34.105230128173446
660.1379570620679,432.9336932929788,29.019052128850383,33.71605111386697
659.7806959532606,432.866685030728,29.017109469336496,33.619321503253005
659.823383106656,432.34710291796137,28.811206457127494,33.33075519232535
659.7965904303775,431.8164601285974,28.88139302759543,33.09775678496173
659.3726457676663,431.52822335399003,28.882110867593603,32.9296001762288
659.8067424187027,431.4691683893803,29.016020417388496,32.651840760975475
659.3600431376152,430.81483199505755,28.870840707697646,32.48109634476404
659.7974009711403,429.4237736367854,28.6496582013339,32.45595159432834
660.0502237008596,428.20337249085645,28.640991203637682,32.168462374650645
659.9153003757451,427.4634844739528,28.558099682050965,32.33249698866581
660.0019293167475,426.8521825912206,28.342360232335416,32.32553584896358
659.8987242909891,425.5609178015293,28.287090276871425,32.14183341464374
660.1948797431904,424.1904953231269,28.62172267462317,32.175036054630255
