661.5,426.5,28.0,31.0
660.1314874670447,424.2071582557023,28.17620532084686,31.685010575997694
660.5423043523787,422.52523835676385,27.950308709430956,31.925548152576383
660.8185110728914,421.8119667930613,28.016491762603323,32.29072376823227
660.8383693148731,420.6896405153592,27.9212598812999,32.35978104012811
660.9464206465542,419.7376738687252,27.88733124490387,32.5731520851662
660.9047543009459,418.6190251782573,27.952376543787295,32.72748814522494
661.5316323866899,419.0483388093385,27.733058982376207,32.33367819840264
661.6189438945651,418.01682765825984,27.886219342604466,32.49911487014303
661.1051239870751,418.41163800105755,27.857942490599672,31.87747862547029
660.9269135370382,417.1749170604748,27.85040556835056,31.93721801869021
661.9737613372373,416.79412933738917,27.533810888629745,32.140473300181085
661.8698164761315,417.49983868597127,27.47259404393515,31.786486777699483
661.2587823398998,417.8871419165724,27.40859316165948,31.58446566081185
662.1887980377008,417.9171866599335,27.60607452621968,31.53056482610201
661.7019131738768,417.32975760687305,27.443003791183003,31.481576139048236
661.2362126219722,417.223840608261,27.52919851510182,31.554301165511035
662.0522278937477,417.8904431831758,27.151818921982663,31.34235475133809
661.8202101822276,417.9995628454855,27.10757835930498,31.348016907155014
662.2807333682634,417.98402277103577,27.101689245744044,31.587319355868814
662.4460947879063,418.5557985920308,27.077808614366834,31.592157291744314
662.7126354105937,418.2908751183337,27.15399579588722,31.54301908450976
662.0588110609467,418.02432555230774,26.94945701425464,31.780612901496234
662.4091547426856,418.7958286453591,26.924881170113718,31.81391317768141
662.7744448513238,418.9701665779085,26.8646963271353,31.732842855719188
662.1672654706513,419.4232770006443,26.882139223535965,31.69960796930067
662.4212491880147,419.19670953844,26.92199438345171,31.69174671293645
662.8190827979314,419.2749568093668,27.304212219160224,32.097723799272
663.3105037844686,419.9413297613621,27.121386530074957,32.102807008287975
662.8026753891293,420.0011347782092,26.983179652311684,32.224102125364965
663.3346623155143,420.13691224960735,26.786927178344975,32.31426741672432
662.6807487626071,420.41971468379876,26.803584998385062,32.36462016610119
663.3718656397987,419.9972037635521,26.622362067251636,32.52928830547994
662.7557606818026,420.8522148063322,26.919543311025485,32.327237506693294
663.8006585257122,420.58817998485387,26.707913225890522,32.38203482604159
664.0306696199876,421.0878173655734,26.382492287630434,32.14348299980226
664.2613471743962,421.3213749460345,26.200813318168095,32.13168220688963
664.4827618367927,422.1142037361797,25.878452915334186,31.716617649899355
664.5819106010844,421.85243960575923,25.992308994358037,31.855487097263797
664.1778352023314,422.4547394554422,25.84527104064317,31.510967520845515
664.3721615357026,422.75690643154996,26.1421387248339,31.614873898849236
663.9856312127382,422.938835054966,26.21359297790211,31.675141637950603
663.5862750798933,423.1818268695603,26.188525958637857,31.90310983485744
664.0501742799836,422.5391874555838,26.26358703168573,32.186136084075166
664.1056444100885,422.9423575888266,26.234641118750133,32.0339001099823
663.8931711697476,423.4722688977686,26.461090289151308,32.252329378466115
663.5003509836707,423.94765530390566,26.62407884589051,32.41404531283505
663.9785679597385,423.1044084488467,26.65882090293325,32.78854673531711
664.2697194469102,424.1048716257694,26.553610701311896,32.64552052414132
663.8573561749382,424.8689267705265,26.291552644044458,32.314478210625055
663.949386601103,423.87748539520595,26.083666805644512,32.08443862659518
664.5477869687705,424.3744403812707,26.202386356869496,32.28742532671454
664.304169358014,424.04841818481117,26.216966133045496,31.9890749699922
665.3297453219773,424.8405633983056,25.955985589930116,31.99227438637188
665.3884585310673,425.1362394502793,25.53737791497907,32.001141710963786
665.8670758369176,425.3870034002577,25.725201935175356,32.11280642890013
665.9705750257992,425.218877618113,25.596033492068706,32.45367138291625
666.1551858087023,425.4287096045602,25.718702833550182,32.55414889237514
666.2557640082566,425.2086921422058,25.83887823347188,32.406742730314804
666.6982910927335,425.80692305721897,25.818304381156995,32.46223581342777
666.3699968328011,425.97312513987964,25.93383954628157,32.586606627936256
666.944822631386,426.28253891831963,25.98094490807329,32.77858927937692
667.8715272006056,426.3896776171801,25.84636993139266,32.752987776989194
667.5342422119638,426.25863579265695,25.960431597881218,32.92047600865527
668.0231226947647,426.6895307876298,25.786447730935443,32.83939766955794
668.3963728508849,426.42490585248447,25.93017056417992,32.780507111782335
668.4680571253822,427.3473992734165,25.920504546642277,32.671058514165665
668.8909750928328,427.0915037145717,25.832312311386787,32.8080769937728
669.110986026998,427.7743455169597,25.926760643595053,32.83388444448529
668.7622359487499,427.6761404753587,25.942832367626817,32.65655614940107
669.0470572210772,428.1887506618135,26.27938880139616,32.762661855859996
669.0309519920858,428.5068665823091,26.12194683134827,33.00579039265735
669.702482602954,428.49542003709183,26.23928464125073,33.06227196702149
670.1865571034331,429.11004497453496,26.223048877864294,32.84987351730612
670.2690009696021,429.2888476776672,26.326831555444173,32.95117517881742
671.1652980941899,429.52683080720726,26.277277271898118,32.70019068965668
671.179943934479,430.180798804718,26.197339893458153,32.525748952562175
671.3392520722393,430.0254074063205,26.214397277977156,32.57232158481017
671.7453190323766,429.96275357376106,26.265577271047896,32.71778965489429
672.1402324313526,430.53980627954485,26.25102397496903,32.76151015198766
672.3459763641338,431.0371152831374,26.296598264415085,32.9247762657437
673.1545586705121,431.39362592041624,26.259403892251424,33.02460534728798
673.450874206563,430.61666779505066,26.240336872731298,32.77860449615911
673.695931834917,430.12427487003686,26.381470447772184,32.92770825208962
673.7643591078174,430.62983039746837,26.593349148297932,33.13527602928073
673.9590987314867,430.76190901962116,26.60972880508261,33.281303227972096
674.5917422115313,431.1784165103662,26.308466031127903,33.35118423351584
675.551741791646,431.9533087098449,26.47194889795216,33.240204937860426
675.7747670386182,431.7833831507248,26.56015641201108,33.08624552162347
675.3981332369017,431.431959837725,26.56618162433449,33.03219207552524
675.8601821194256,432.1828748373134,26.63377437575855,32.87632066685594
676.4303125019655,432.06880014571954,26.33251329930404,33.14737425938931
676.4048876090064,431.84485454973014,26.55219070835112,33.36373989611502
677.4510321922561,432.076202382823,26.542820185803222,33.47481755441889
677.9655889461916,432.59591568216644,26.808201306838637,33.52376950435414
678.1730125925859,432.57081476224744,26.72342340696936,33.66595740433469
677.8334597638872,432.443045992717,26.817254606435494,33.786101905003484
678.5629255948379,432.5679790391773,26.987320508849734,33.836654755249526
678.6268451894041,431.8004765488398,27.386633500389095,34.01595042157829
679.3596820054141,431.51387393680017,27.702539362845357,34.07447055130099
679.5546937232721,431.8082367580825,27.72650016623076,34.11764414636916
680.2286852012058,432.4986456803871,27.730550944684943,34.02056932563229
680.0189595120444,432.14824912905794,27.793716899967404,33.99856753788683
680.9792366747464,431.8089897390023,27.72296459177526,34.221090847712716
681.5617537975281,432.4950581191741,27.63448047228765,34.32178700553632
681.2650234539868,432.58510563697683,28.03917177415156,34.12092618107759
681.832116270725,432.30553449158776,28.203874347157033,34.37046120447595
681.2477169207881,433.3194912182621,28.623069179500174,34.267042136846584
682.1114518733472,433.1720969822894,28.765493182882743,34.15991654867621
682.6182959635083,433.58463442512186,29.160710151066553,33.9117550197923
682.8356024541158,433.4516122575656,29.320175710653544,33.893132876270855
683.6024855495317,434.4228459118807,29.599643849045414,33.88964090180819
684.5756086123167,434.57585903856346,29.62203983906823,34.04437381134547
684.5524017165563,434.745473649547,29.498113107465404,33.931893637015406
685.0136713790021,434.54184304907164,29.794694761883044,33.89759445035476
686.1036489439765,435.24145753078903,29.72514769963736,33.661570514500205
687.0993471138933,435.942381479638,29.602784458024566,33.815816667209646
686.9217063130028,436.1311309770849,29.479395522333746,33.760270283523795
687.6473394530137,436.35454404570453,29.384239219080335,33.850779303679005
689.5310273104677,436.8171067345558,29.369089856864093,33.798979869923265
689.8991185736444,436.63249487567515,29.370980917928254,33.7071944130993
690.7648120881952,438.0023958143064,29.413967420168397,33.720873447091606
691.6240987459765,437.61990876513926,29.273430651312708,33.721357477467166
691.9706876081357,437.6937451807493,29.171219449688138,33.76372392332368
692.4815028982156,438.5466788409368,30.061347530798436,33.48795024899823
692.8249528061774,438.8447559372469,30.892637145111593,33.03058815394656
693.209709463611,439.0177262212012,31.54763621656648,33.01545825212219
694.5279417696454,439.0544657139631,31.733786989553245,32.99496483419799
694.2183310213471,439.4785268563378,31.850117243645585,33.15786881268559
695.5231691598823,439.55261522011523,32.26422870346792,32.8778807196455
695.8859833142329,439.7101829983527,32.24949617151539,32.70080153080632
696.4510461768579,439.4620851227126,32.28122125631654,32.730678853570076
697.7974475313877,440.04229138229067,32.20383888874858,32.613495914339566
699.2665130416041,440.1925979832497,32.27206911442478,32.770770659980826
700.5100511328546,440.4204465198811,32.451561211189926,32.767125345484175
701.1124650750183,440.7253777513341,33.026180882404574,32.863931557523955
701.8979721705556,440.62705705031067,33.25497602799243,32.72142548122886
703.126749086804,442.3497780572555,33.38968470198049,32.63309778237216
703.4994568661417,441.52378694980007,33.46597335215599,32.264229577284766
704.0730495984964,442.22430646648974,33.65788812910763,32.34551752831099
705.9571813149012,443.16494604998843,33.529866319222876,32.093248204186274
706.6732862925785,442.8371933144338,33.673152799033616,32.090061017347885
707.9871354525958,443.6391906787307,33.74906179978459,32.06206435661004
708.9822553378192,443.53321986330496,33.805187051996995,32.22536085989676
710.2324733670424,443.1930287872992,34.037230804265434,32.61297757335157
712.035955573815,443.8022251060333,33.995157490650016,32.20967153904813
713.1950991771416,444.3989357871149,33.73479526988236,32.05955926940662
713.6882178528099,444.43095943966193,33.8650436334583,32.19875195657349
715.1759721769502,444.5699538822888,33.97232726728228,32.26204534961903
717.1563727891977,444.8678825034026,33.98158138450775,32.14926426257712
718.8751305578865,445.3938051173686,34.276685132713695,32.28399516265115
719.6205079399227,445.47258832412047,34.30406555865118,32.364828105751066
721.3624306275692,445.6566162248449,35.247805308327756,32.35466544342604
722.93981879058,446.34766952458506,34.9220304090028,32.07078086123397
723.4463109610958,445.72377615317765,34.53058387257493,32.159002751334285
725.3868062079741,447.25484487921904,34.378466154849775,32.06429207613742
726.6538003390236,447.2915952919782,34.46987772070791,32.11307146087579
729.0417978018602,447.1006647184598,34.426649900137406,31.708303050302955
730.4023637071208,447.2669404216435,35.28808983453501,31.663523256341414
730.7743776579299,446.91812620807406,35.45506677424436,31.778098094613068
732.731623187709,447.72698771103813,35.95689699230462,31.704492897026835
734.7392925455036,448.12785959227256,36.20880976826203,31.5895419254477
736.333987921338,448.75006543452787,36.55245977854094,31.6529552102288
737.4246692370451,448.02971546443314,37.91679507460158,31.41480724144462
739.3644742846078,448.5425132851471,39.08815219596792,31.53316659231093
741.1609501857873,448.5812661273534,39.794336078575974,31.751254825268283
742.5144922156252,449.33708774532346,40.70248400971456,32.005869709864854
743.9633930507227,448.2712734660879,40.942475880473836,31.979904302805586
745.1726333693196,449.0977824623698,40.71104081746859,32.44087375607306
746.2681683644366,449.15147845823304,40.587467603815156,32.318385977223755
748.1896425390254,449.2221306886398,40.309476396513865,32.59123813214437
750.0488382009263,449.7518642704189,40.44135677452489,32.58332242980606
751.3829999999812,449.1977659406928,40.54558375930092,32.26015264562413
753.1632686210934,450.0758377073118,40.626505266847474,32.47022817995972
755.4292125498213,450.850100629036,40.509519142790126,32.30106539650891
757.518275691167,450.3751060998747,40.55962238280378,31.895078707722973
758.6153630051593,451.6272268312994,40.04885100837434,31.983710818176696
760.5394737537989,451.60233009955607,39.937516966081915,32.134202030026486
762.7230264755324,451.88334184300606,39.60943778299091,32.20268815807094
764.4693671400904,452.39115768289224,40.035504355791275,32.07855409029811
767.2467199292349,452.81876004432814,39.92045360462017,32.47386363630138
768.5641127755233,452.5446582524477,39.89268662122628,32.588374258131154
769.8455870441652,453.0096036941727,40.24240702734758,32.20131360348664
771.8649228366952,453.98202434638887,40.609120459682636,32.06898672337828
773.819857542118,453.33976801074516,40.52866541651278,32.17427776456931
776.2157113355873,453.8060909292196,40.8090126925502,32.47847372544918
778.6180598379074,454.7458210664164,41.05151493717777,33.125331524328175
780.7528527988784,455.18200113319585,41.03734302432996,33.87278542904592
782.2569692437442,454.0047904129412,41.01183503961249,33.88277403874472
784.4301940532957,455.6871246659802,41.06499880094124,33.49382808401251
786.9473415871562,455.9216672471771,40.631869027867566,33.79824133756571
788.7433631078295,455.6690581351522,40.41691810955261,33.70801559761098
790.7307703457847,455.2557509451486,40.280873784780546,33.32021025506117
793.2284600871876,456.7462497801122,39.66256520575289,33.46987001959751
794.33897823882,457.3215755024174,39.1582845310739,33.25202774904791
797.0689345188401,456.26747947410104,39.2276764754282,33.433643906556426
799.2343929696457,457.2448288541616,38.90677172362773,32.93663598143441
800.8735891937281,457.7921172181635,38.8236326476554,32.72386681911966
803.0005950370119,457.1298946328297,38.65615832223278,32.4109673910172
805.7044520646716,457.3152253016787,38.31567067682538,32.392566076674626
808.3081962815405,457.2923077866335,38.093195728042375,32.4177629463575
810.7859386347299,457.12856165772183,37.56750008797841,32.237339409331454
812.1618994336425,457.45062981337804,36.780777841463994,32.649045736034786
813.3791617350087,458.227894532911,35.97774501901256,32.41645576535253
816.0767264689039,458.6257949735448,35.18064278053133,32.367865684732685
818.8638545702078,458.20470287457823,34.50658122285155,32.50571681572556
821.5897653003761,459.7040492606133,33.832412979830394,32.24850200996397
822.8264357800176,458.8654874490661,33.36272173215648,32.37396652585019
825.4195586678137,459.07527541377715,33.0009302641203,32.20833487419142
828.0769625287089,459.7308722332259,31.45755470366113,32.566494362773525
830.4352323836068,459.34113619282857,30.49199203320243,32.75762055829131
832.2872218751468,460.155092468449,29.56928903774773,32.175789311600646
835.0750870997534,460.5677582586679,28.65978497555838,32.02129531232059
839.3278998038855,461.1601805839406,28.58557607882981,31.918590988275135
840.5935418228169,461.4112409443971,28.046457010411366,32.130740322656116
845.4006069327809,462.81516725237987,28.876852509172373,31.42916111939502
847.310777342555,462.74371052988914,29.81600217958392,30.719159694591166
849.2622324331306,462.91780476645863,30.257000308369005,30.51918270063922
851.3908666039727,463.52419232663203,30.529352137278273,30.36580575457829
853.4390632735198,464.3045250240626,30.2002687022826,30.35320709498481
858.1865408467307,465.3484725683894,31.68182360377319,29.714080860472414
863.4514280223634,465.9644953460081,35.846493908879964,27.31414416048256
864.8600949183619,466.4493220262573,38.42881688949634,26.252305541118826
866.6661554199685,467.0132915063022,40.759535508780814,25.68555897433188
868.5702046193542,467.9413440428983,42.68642055422322,25.463849381295677
871.3046138855643,468.5795404064457,43.73163438569475,25.63856212962659
873.4886608769539,468.5707386478724,44.562833062675054,25.597534915816347
876.4639266427758,468.67547613720467,44.827410402491054,25.86903335967913
879.3700853918623,468.8556457398058,44.77422624324636,26.38986389086224
881.7129685953375,468.1286178431894,45.21954475527163,26.454818178815593
884.93152782828,468.2591954045382,45.11051361925141,27.13801067612831
887.689574969452,469.2444797511011,44.571059561364144,27.695751566666402
892.5687107862605,466.80996025806706,42.72147694981148,29.931556290268052
894.8920786465646,467.18410829231317,41.776165589478225,31.03210653811346
898.0209130442332,466.3858263299468,40.92054252091724,32.22751764345119
901.7476155974865,467.214743683569,40.73784168381977,32.28300056888189
903.6310976339364,466.9563601058389,40.30400749373255,32.94520886904695
906.6908763101086,467.5933305495528,40.15716838021878,33.00560593137192
908.996092746262,467.0778100414752,39.94356034464287,33.25455717768696
911.4912944690045,465.59514741997305,39.96140427464627,33.56135766902804
914.7765364889651,467.1720666902654,40.40914685825999,34.07310107004788
916.3589164570841,466.68758829082344,40.65578676333077,34.081970927212694
919.1427145050267,466.8612332133723,41.26537000399353,34.22817219530087
920.6051790151264,467.0514253543776,41.465201849959136,34.44919752737643
923.0435169995932,466.6428269258612,41.46346150800929,34.59327030947337
926.2450899876386,466.668873990164,41.59078781051342,35.150952558545654
928.0752946508453,467.97100206824325,41.962095307677814,34.86575768168407
930.5487854886732,468.3773650312608,42.335188667117286,34.70236332532052
933.688811285883,468.2934701682076,42.13163701166245,35.00688238125144
936.0684637627417,468.65561791721126,41.55078788756562,35.403982351956
941.4350245812165,469.0515580681847,41.29448910370439,35.55511881751089
942.9197514152233,469.4678881039429,40.716944319739014,35.54283836082443
945.9225399463365,469.6213268007276,40.538488038457444,35.68549159855886
948.6728780283025,470.0265061597731,40.27618992246853,35.85491885926206
951.3058629728068,470.3859177168096,39.965969545178794,35.87886981449826
954.7825277798678,469.4979180815923,39.59476368746542,36.47768712578062
957.4476120629116,469.3908533418619,39.09924134635337,36.79616858026523
960.700135745331,469.16011031493633,39.01319460712517,37.27124949246463
962.4738180349045,468.8237506165679,38.84162515393938,37.34820371576627
964.7274039397469,468.4251116984959,38.609420061021055,37.877440000797094
967.883548859139,467.9592594525044,38.35509454718792,37.79650377813476
970.5277336510239,466.47506363225943,37.96380395435436,38.23504326675402
972.28138016663,465.8244107987682,37.98537888311841,37.25350367502374
974.3620271111995,465.8847516948181,38.4808876482458,37.116254201939256
974.2486836267165,465.1755101480701,38.600542422478256,36.28447098188238
974.9547419603986,463.01307506051256,38.324116205782374,35.44946099571197
974.0752507411969,462.3093395812702,38.3266508521323,34.97329774456385
973.1314102800045,460.8674785508033,37.82796516875848,34.53263821560815
971.8088401862681,459.7196093417445,37.33524648858605,34.02486048420481
970.1346411838945,457.61985560155534,37.35944433998256,33.4632805469806
966.6714715597597,455.840100071067,37.103441058955305,33.10137413321053
964.1139747171692,454.28106760651735,36.91025727297527,32.970215830040615
960.8201150865535,452.4472636623281,36.879400007564705,32.9433378156328
957.30467586395,450.6151370317479,36.865479601758466,32.8217283925434
954.9628562552098,448.05112982052384,36.53074914455654,32.71007539937264
951.0322848584025,446.4931014797748,36.509228211364395,32.55442287715063
948.2551000597426,443.67029890545064,35.88091767867932,32.447149836712015
944.8536073051562,441.573198890638,35.514984578233,32.523955419010534
941.8472478637144,439.04713372891484,34.66436165279751,32.54777735088594
939.0322383788342,436.4590992226474,34.29165645187307,32.59571545063998
934.8662701162391,433.2007367856951,34.13894045783725,32.11879227232909
931.9996641388757,429.9334844313573,33.34213408294367,32.29203609004406
929.5931431840577,425.2984548734554,32.53400690230875,32.164789717261314
926.9666440998088,421.70763757141526,31.86332667267393,32.26974652211673
923.57165186892,418.13730976964297,31.59328925716285,32.20171338969946
919.8505134162369,413.98734177812065,31.336274456443768,31.832286350893483
916.517623419317,410.4323756953908,30.955698725948807,31.84722778606754
914.8693770549199,407.2783129306276,30.29922547993526,31.75879073930003
911.8765515343309,404.2054919192663,30.085786993983312,31.785593021269364
909.6692757238611,400.4217550106355,29.80562740657932,31.579660332946347
906.4070089868138,397.60025074014544,29.426697517026376,31.409813630243562
904.8577460851492,393.5857939106108,29.264593666425057,31.38972941028453
904.393987689654,391.2374954864504,29.757626392836535,31.635859625762226
903.5813618008025,388.8927520215006,29.95820878558313,31.96357687945342
902.2475098700013,387.13691593773694,29.98185203546056,32.08964323490792
901.9529839525765,384.7758040510767,30.28208998128359,32.01435829164515
902.6011537575281,383.5311791073346,30.548051053448262,31.988351297415484
903.2409181868188,383.3553730366543,30.43706207657307,32.04445612695507
904.0902011584811,383.31417446069486,30.414247819344602,32.2225972032534
904.5852090021245,383.26288658486857,29.947976238350446,31.943549865592438
907.151690996782,383.36613613143885,29.753502639813117,31.917661473893695
908.3681333014944,383.57838773668,29.7113827436758,31.94320158406724
910.1117714446548,384.1788085271256,29.898845579745853,31.876824624719795
911.6078558242111,383.9061796727839,29.979186109420915,31.914907841521
914.2999318402598,384.4942577575893,29.828768208183035,31.96542002975925
916.5254363518786,384.2742034038329,29.554780688393734,31.93732406016704
918.8796969089911,384.77869501648803,29.301827410930265,32.24712519097409
920.693246580176,385.10110041913725,29.189228209704254,32.12520620515271
923.1679485704464,385.34789967241653,29.303705149573744,31.79046671310524
924.9751028262096,385.31926785364726,29.20294238961889,31.724361245483628
927.2489113728827,385.2644724477655,29.27163350855292,31.602188068513755
929.5464396647723,384.900181807801,29.33233721301237,31.649692285359194
930.7354053286653,385.9832093753346,28.95105491209705,31.850843246941224
932.5828152427059,386.41860120673493,28.5186576456612,31.86983414506883
934.6807129991465,386.4761128994418,28.310538276426346,32.009425470462965
937.0961020470652,386.8497635073045,27.797690402146532,31.94136251452978
940.4091972394411,386.7863946726262,27.637083341827115,31.88439029423607
941.5464950492283,386.3477526663643,27.352389741753655,32.11931284464369
943.4776369397002,387.0176596989377,27.32617888256265,32.497716152391135
944.627623921911,386.50216751887234,27.09606799911955,32.449616712206
947.4661549348742,386.81728541998683,27.198447806689014,32.49843207078936
948.6285796555333,386.6143160366574,27.13678768116695,32.70374734008138
950.1687949700848,387.35316201570726,27.057243253922163,32.80583011933973
952.9038727521335,387.82534990806676,26.636176644750506,32.63633808172154
955.0894882012142,387.5225813743846,26.620375395942183,32.65643683798591
957.6590379722224,387.3864345873417,26.383609113508015,32.813000074273035
958.4356835890906,387.57107885310785,26.159150148486745,32.64420614506328
960.802893162986,388.47446666392653,26.07418893221438,32.62678508618536
962.682335934175,388.21394082243,26.00058824281809,32.691792095258684
964.3334773774611,388.20323695455266,26.043012130003785,32.71189931831679
966.2013532790787,388.35740137625567,26.13449554863137,32.80559009485246
967.3518724099301,388.6688727688188,26.184024150942058,32.73184933466291
970.0294550573176,388.1826281443058,26.081680301632268,32.635890755396034
971.7029744938156,388.81768061791627,26.222136850999583,32.47272297820387
973.8671064331353,388.14394694087304,26.511873002877742,32.73631157672086
975.5158555249335,388.31590275869974,26.591716328146717,32.729702864269925
976.3781560096974,388.06124111363755,26.580675224570562,32.95776843559282
978.35641597629,388.1290679425191,26.647824534244144,32.9283462065125
980.0963966170472,388.28947337841674,26.736763122648657,33.047596427093985
981.794268524905,389.1071687111251,26.651212845598717,32.92305917144433
984.0148316179999,388.80188647125306,26.57180197618137,32.94714315287453
986.1594978450254,389.753331729402,26.529340039861097,32.88603854432195
987.9875437429378,389.41180999576477,26.525717163790326,32.97843002261339
989.2027174673682,389.1720874157801,26.73939217968178,33.148458530857
990.7806313329107,389.6763498289923,26.75860993886158,33.1927574863997
991.9959257756274,389.3235427539156,27.09196710979429,33.41348397700334
993.4981811419708,389.9821795742617,27.32134500320599,33.31402549706254
995.3109518369215,390.419589667445,27.519197435021034,33.29524435793714
996.5535537746332,389.9774578368065,27.629177647350776,33.327591348414884
998.3143652577725,390.4897763675034,27.760890252361385,33.09818634459242
1000.2800793164153,389.75444688283625,27.87786968970224,33.22175721540079
1002.4469756905388,391.0438186971767,28.01062919899293,33.21621762724732
1004.2719342564467,390.41962370335995,27.959610239555815,33.03320314348329
1005.1287606525701,391.7797007158176,28.116755439061585,33.08569959883832
1006.8815496195202,391.3941974902863,28.22611934056477,33.01289364383792
1008.6549010140507,391.253284977025,28.09165157309503,33.11892675112912
1009.8164156272619,391.13452841412817,28.139158912453162,33.03339986837782
1011.7168919945435,391.2741658088378,28.239893799960242,33.03322355989846
1013.461753931307,391.87134649980857,28.020404034404365,32.95299386702857
1015.0978863596805,391.8426465433399,28.209672008849495,32.838460918756994
1016.9681404422746,391.94674439335813,28.543114611178414,33.18774829576974
1018.5973750058604,392.37608757957344,28.66470377258107,33.142972407653126
1020.5101635265561,392.6703462705249,28.866688872608087,32.93260629351715
1022.2431044365441,391.39936248511356,28.90381255724037,33.17270995557216
1022.9972043563914,392.22465676644566,28.87229716864889,32.759482108774066
1024.7430110250064,392.2731204525287,29.040996722425476,32.6655456893009
1026.3096471700262,392.085453245292,29.039445690549073,32.57228385395546
1028.1174697506895,391.5866166463707,28.916053117494663,32.45972350649469
1029.0570679408197,391.1672357320968,28.884042587377635,32.63231557243112
1030.444690255608,392.170467950421,30.393143584632213,31.96404002242513
1031.8462271428698,391.1279534741914,30.518541375355,31.505843924911968
1033.433583877362,390.33820621748146,30.694602432966928,30.875287378608895
1035.0157013070132,389.4255518900605,30.770739039347614,30.966355382320085
1035.849086789871,388.63290497085217,31.19853418042784,30.902692564280752
1037.6634358165475,386.7760024273532,31.42931197813401,30.934442416369606
1039.6997678206399,384.9839002341695,31.81936788724655,30.764016713930964
1040.6823165345177,382.746717917751,31.38028931744723,31.01443715960348
1042.2205079542134,381.34030791331514,31.54342583573702,30.80372358578795
1043.1330699269326,378.7929681999755,31.734069226189888,30.914350354386066
1043.9389016077284,377.4331025417439,31.821773030164117,30.569344589321698
1045.8869794696693,373.5586611407717,32.11435040717334,30.559382061981363
1047.915937041781,372.14639451771205,32.23054805973334,30.54654252825442
1048.2426629542085,368.57883780725825,32.152218531688646,30.4858651814924
1050.1932634528575,366.1015291686846,32.144249403134495,30.55746396498735
1051.8304051872494,362.8570548746672,32.22633781392834,30.3309970752695
1053.648180143624,358.66220141929995,32.46263719965664,30.056730177715366
1055.1106104852472,356.1704569844509,32.50316004607281,30.347101905689954
1056.0991215806175,353.32803443528974,32.728817489426355,30.176771508864462
1057.0814592971153,350.0618657614875,32.53951146217757,30.357723263054623
1058.5527808888385,347.27183299755643,32.614367964018506,30.250312632774662
1060.3782412507273,343.708936226149,32.63583078706999,30.033014687705098
1061.6971497992488,341.5145610377825,32.98610039046653,30.305343364914055
1063.193355010023,338.1899046382837,32.823184922073736,30.180868188600492
1064.6219631542958,336.0431165510617,32.80173900210405,30.064706776069322
1065.3906236363916,332.86804254439164,32.59543183662625,30.373949313792952
1067.2332875766103,329.6923467782568,32.93955580326512,30.49159813213447
1067.8658536633125,329.06137248516575,33.49359732351766,30.611016992288086
1068.499321836853,328.25671866806124,34.1056423282896,30.059258094362146
1069.6213282641752,327.6976947834735,34.29814313598287,30.300026522316756
1070.9116813656256,327.03582047514396,34.64863219217656,30.39850677502313
1072.9551228571252,325.2118057714116,34.64708732486936,30.422649597252352
1073.5782099757976,325.1016938560541,35.2056867758411,30.157469204763647
1074.9175859144182,324.14213204796283,35.442909515604434,29.998744863335144
1076.369811990027,324.3063206902105,35.09939715320482,29.98965639886805
1077.9444646608297,323.1933798273489,34.92086050170883,30.349349121600547
1080.0744628943917,323.0399052155859,34.62108413308021,30.225573068656345
1080.811235030914,321.6005986641345,34.27978218200341,30.42820989516139
1082.502596623564,322.7371839551527,34.44567063763414,30.446507456588172
1082.7466871090169,322.65902248411555,35.104583916453734,30.541599448604973
1082.7304447126276,322.73672299731095,35.52009536872063,30.530037587782523
1085.449163702884,322.2341340897505,35.96278100347279,30.436633373560777
1085.4332529535368,322.83110183685335,36.3575325317977,30.573230907004017
1086.0145996177107,322.1799855539256,36.7438070417374,30.317812787549187
1085.3447438490418,322.53592848555263,37.661304756471864,30.454119437284103
1086.0572120530817,322.653031403097,38.889890363010174,30.447095141134923
1087.0690479736186,322.3290933402272,39.33171386991321,30.849986193069675
1087.6798639111066,321.9294654234923,39.923943841861046,31.18209950420446
1088.4236079842844,321.6564669250743,40.177755920763,31.317330465722016
1088.928869267096,323.02725346013204,40.63442588577213,31.64583290753887
1090.6258671930561,322.1204630597324,41.07617799108149,32.05852729190286
1092.0038565418647,322.9243219846994,41.52552728113518,31.445220314428244
1093.6016293541602,322.9308116676165,41.7624543623853,31.60284306160255
1095.5284971668298,321.69038102632106,41.42529335824673,31.939035526673383
1095.7859338112712,321.3152828944771,41.186802903083006,32.22806561714161
1096.930769978417,322.7338273080786,41.54694064455123,32.25615108345667
1098.0221330488364,322.8732482853392,41.79357990021189,32.796201429064496
1099.040437584193,322.65194837454953,41.72325689269353,32.874166617579505
1099.9985013193327,322.9689681592128,42.0458677208299,33.254108390568575
1100.53450958891,324.79271008328703,42.35424921672487,35.840708671753674
1100.4204353949265,327.33926929038716,42.291796679008016,41.087589456466986
1100.4171665282606,327.0535899435425,42.81852822757084,45.942438807962716
1100.4190108249527,327.0659364858668,43.774247679001675,49.8322600265214
1100.3999650531134,326.95523996192327,45.14742532993448,52.30892737021541
1101.5102308910434,325.53116625409695,46.53788799306362,53.41913197104114
1101.6267691168816,326.34436559849405,47.42476362402096,54.25591072479759
1102.2211829276741,325.7965054653681,48.05562241524754,54.74376416737614
1102.847103067172,325.7223392002888,48.3330540965102,54.78161761834787
1102.8834580931923,325.6640700930344,49.040512100957585,54.95920968633867
1104.4441198742832,326.0612099691463,49.405770341144105,54.893741496176204
1105.028655313351,325.4718654783403,49.78369724857661,54.79985366885878
1106.3275206418907,326.45794422998983,49.849862913747586,54.45045169305609
1106.4402685701464,326.55046282023477,50.49391657009919,53.461176908424946
1106.281071483737,327.1111387751495,51.07782538491869,53.20149203560564
1106.96864137925,326.3006473363532,51.31643974714408,52.611490683156745
1106.36903220396,326.17617933047944,51.48148413227,52.24589297250357
1107.166523895532,325.8808064934933,52.14310708953437,51.484087186209806
1108.1143041240396,327.0327064004962,52.60792418264427,50.392022024723225
1108.8308398710672,327.13041872951607,52.908838827886555,49.89238354479552
1109.3645406998098,326.82083915248825,52.970401713743584,49.55705561350874
1110.2551838210163,328.42584620065463,53.31849188276871,48.52631130782541
1111.0916121151406,328.74679385777677,53.27335314711255,48.027490580568596
1110.8870637511206,327.94895561525794,54.05375483421122,47.591836718545125
1111.484488097318,329.05206894425925,53.592841259537956,46.875851111262705
1110.8509289029946,328.91468315359504,54.05910532289038,46.417613056188955
1112.2070145292284,328.7773148806629,54.4322476290012,46.082397986719634
1111.516695717784,329.8311664611577,55.16609307850478,45.18785295637588
1111.7887499348133,330.54039407607854,55.84997741750209,44.61150865840746
1112.1816443311225,329.8760772659341,56.00119992640127,44.72788763525614
1111.9088218623517,330.1465021361574,56.61142777805667,44.3764610833767
1110.8927052730514,329.8071752340006,57.10869448784608,44.32855250689951
1109.2811782672636,329.8242415082203,58.24509479000999,44.01079668031916
1107.4088578527292,329.97305646247094,59.38388730670107,43.71930123948296
1104.966311968191,330.06286674018367,60.397952082979685,43.55268389273199
1103.4456705696684,330.0801672981431,62.64957377057748,42.628338435439716
1101.940225569729,329.3270979958565,64.05765612942716,41.87081803961617
1099.2460553988046,329.0036545510561,65.59236831270599,41.16990419755802
1096.6812104631726,328.4825718872111,67.43375027877315,40.486085667139484
1095.0692710474352,328.5162701021057,67.98001704397902,40.18608214091675
1093.1256409045159,327.7961838213843,68.8532921728048,39.817998672276744
1089.0509111017948,327.9479340475324,70.26032299864497,39.54572447684286
1085.6677468008481,327.3619549266061,70.77601216190895,39.01652324146163
1083.0128410477523,327.12320398754593,72.15651263103683,38.42857993487422
1080.5233400841944,327.07915575224445,73.42838960965145,37.70751790146805
1076.8701852708507,326.34481037640825,74.56127928394628,37.18915001361408
1074.1160226835643,325.8244847982804,75.74363428563683,36.63711451673247
1068.5297047490826,324.1778773627604,76.76072491992008,36.198046272385604
1063.1359642349432,324.3425965643598,78.16301975282522,35.68530549649279
1060.0975065692378,323.7889661058276,79.47726504410534,35.1944295117016
1055.6771946167905,322.77669926708796,80.08084938295985,34.80574349885804
1051.119265581015,321.8436106741797,81.12594863493064,34.59690776238767
1045.3811426891548,320.5287633535035,81.53561555360002,34.703774778465316
1041.806590550742,320.994016592298,82.51662424174188,34.581013459548714
1038.0600379549755,319.74709564982527,83.20640854857002,34.8585522343715
1034.176865962744,319.6626887847549,83.96584650047083,33.98363999710499
1031.2079062953435,319.47923311611487,84.05842939804666,33.5135709915201
1027.5588096676377,319.538649919199,84.92130895182835,33.08745761974592
1025.0488571958197,319.04900294733,85.25036077656796,33.141120576793355
1022.0905144407677,318.3465767322582,86.45670769414252,33.01097077533906
1019.089346348404,318.9305422027651,87.68192376549716,32.77900114042036
1018.1892878702608,317.9369141143653,88.07541211307998,33.18582168356055
1015.8647616643996,317.2516241355495,88.22169171672759,33.2347175191066
1014.6494450709441,317.61842511032717,89.45461140933745,32.552929484923226
1012.7099794810559,317.67713760630227,90.82048011200203,32.16630109832157
1011.2024416069389,317.24455490854456,91.63739092035576,32.20030821346439
1010.526838759192,316.8284140831958,92.85121129220605,32.1054545158419
1017.0620451039879,316.9663061200987,91.29945724061466,32.55669785826535
1034.262359706635,315.9442412602362,83.33472967716602,35.46361118881116
1039.935486438064,315.16783386718174,76.83691781510802,37.622318037107206
1047.0112560212474,316.26515600597963,71.16185436437809,39.313741388371895
1051.5374955178272,315.78240440624785,67.03002251553599,38.948271081861705
1052.8771235248869,316.2350578461551,62.12183269022911,38.09320376503545
1056.0407722737095,316.6965033381,58.996066125963964,36.78017647962815
1056.170824038063,317.6891678892464,56.18392082822879,35.14243549922644
1057.8007780074386,318.33110979233516,54.28977059325907,33.774588731017474
1058.840396144745,318.8409004735558,52.70463691588274,32.71460772777762
1059.3511047999102,318.8972696083473,51.31568332897376,31.73754172944628
1059.310179272899,320.0669028741019,51.15411439305247,30.79140561957555
1060.3593251672394,319.76640720227954,50.50405132122208,30.429152286630387
1059.658474408172,319.43724483851696,50.40846640041485,30.05785171756284
1060.5038527003246,319.4489757032808,50.41418544114769,30.095314451009244
1059.8590698504322,319.25238156132724,50.172728353838366,29.925469094531657
1060.4595588171533,319.4098882638109,50.55023137933508,29.33207288159433
1058.5299847710241,319.3234113195124,50.76040552979026,29.0999803369809
1058.4306110475497,318.66883609588695,50.81508102523027,29.21320721741362
1057.512152224668,318.5914854165678,50.84871974795941,29.3474651905849
1057.9751962018183,317.7783914309572,50.44280540291534,29.26906486777689
1056.0389600584988,317.5813483442625,50.62050425396177,28.964230254785498
1056.231155717028,316.23237883725034,50.65001530902498,29.202734997951094
1054.1700263555636,316.6736433847566,50.78401257069621,28.91268471467942
1054.2977747641064,316.74577195712016,50.89615383492263,29.0575379622844
1054.1040565573544,315.72236044104477,50.70661114772268,29.103672679997366
1054.6971334401494,315.3690669212644,50.74917065613462,29.378514398999542
1053.2117686740623,314.45889701193437,50.7904737566528,29.47550047410645
1051.9732327703318,314.4578497687108,51.147645814357915,29.140433091742924
1051.6127359443256,313.4742525339327,51.320882973279105,29.15382056495349
1049.0297860717465,313.0934901379833,51.169939685600355,29.19591729441347
1050.5778711892601,313.49433992840557,50.72220218220144,29.057058974002054
1047.5026583163096,312.1039624842967,51.10669107660083,28.93644810523127
1048.1663338056055,310.7902266733573,51.06896109353039,28.942018691801206
1044.6424105168317,310.36592386072454,51.84377500582566,28.79436093224776
1045.1527797373603,308.02909478542745,51.84255303281637,29.007622793016505
1043.6840950460287,305.19255924245743,52.69967739747435,28.986919655628874
1041.6716263517656,303.453259941587,53.55339710602309,29.24077584480254
1041.4193190628525,300.6338689370608,53.895135107664004,29.25183559051885
1041.3995487534016,298.8342572182214,54.23836654749812,29.395202228118293
1040.3965444501346,295.3478194918566,54.38646213675948,29.233601019165725
1040.6098698905423,292.4467698276294,54.15594013096086,29.02784493227597
1038.7289290158637,288.87224718691215,54.33629583928736,29.082561333400363
1039.8584370401834,285.2017442442367,53.834733232267716,28.961183948487587
1039.6687100585136,281.904667197833,53.279632559129084,28.974127904881367
1038.5605098681833,276.6973588688712,52.51148031794832,29.13522359722876
1039.3612285386853,273.31284982273496,52.391055440513895,29.08791745549252
1038.1127422861605,270.5302285598307,52.04056791405402,28.979746227791594
1038.114701316136,266.648522165689,51.9684518884809,28.981647690238745
1037.7831715535015,263.11663630235955,52.12365891903336,29.354105673306265
1036.2603282150947,258.21872656149526,51.87689254523349,29.437783164373307
1035.2215899585067,255.48178236883817,52.152573575774156,29.502979666600332
1034.8094613794203,251.4805922439569,51.54398990981959,29.801030902538386
1034.0339398136625,247.79860192647783,51.39980982909324,30.073521745626422
1034.215633128902,244.72125997400906,51.022940578605585,30.085025280233168
1032.3117326392314,239.16405126986223,51.099196348062556,29.421810928883254
1031.978986040779,236.37353872951422,50.76004169397695,29.79056622655922
1030.5682943721843,231.96436063606023,50.38843162868545,29.674761227248943
1029.677433468509,229.1505873312984,50.15920048651199,29.529477350475013
1028.93128729163,226.28298954440962,50.43963277957819,29.53685300466639
1027.4786086504434,223.27071271793474,51.05568175239621,29.344748542229205
1026.169934265725,221.20411921965743,50.6934312843908,29.200759158626354
1024.750675778505,218.0743230336618,50.85820954079804,29.025590960091428
1024.334643539867,216.29449480863343,50.43039585950446,29.04661406359059
1023.5556637007812,215.10757526244748,50.07361831309757,29.26663097235346
1022.5410489180613,215.07039396304447,49.82084590633884,29.01599781501023
1021.7499023131626,212.78047887130106,50.144676091043195,29.166367472984355
1018.9747040755132,212.35794330143443,50.14545289165953,29.07328391529937
1016.9405747443302,212.01335114973816,50.238182598565835,28.968819260485745
1017.0329931409519,210.96884210687256,50.04004721558613,29.059012869021203
1015.4513797955531,210.6005239983267,50.03481854406397,28.82501140701286
1015.1914665058018,210.13865066779613,49.699449660862626,28.702028384198027
1012.522206780541,209.3103713811216,49.810240267695534,28.580419352146976
1011.2981324366312,209.59981905026888,50.39017410985755,28.401914013003662
1010.4234113684157,208.70901970546544,50.69143700129358,28.290041223194628
1007.4586741235094,208.35677557979312,50.13752831239522,28.56393318252036
1007.2847368778349,207.96985276856967,49.95983813318129,28.45890128440607
1005.9407628797763,207.76943812834014,49.73307632285629,28.53305899432565
1005.4562084673818,207.18417472003202,49.24203752839795,28.316972799581723
1003.1162660281282,207.75454039835046,49.54825135206503,28.081988260533656
1002.378636077819,208.2783884688678,49.97935887364749,28.143669026847604
1000.9754997037602,208.21464607132205,49.618753875183046,27.624033942216492
1000.2362621461218,207.1561548153656,49.81233702745468,27.610702104001263
997.0818177570634,207.49678710933892,49.94466826467806,27.89241635592887
996.9652714465306,206.94549257708826,50.103265018849,27.943531445248613
994.4935821151827,206.08274973199858,50.218157238978925,27.68507820300915
991.9476393647365,206.02564710658126,49.95035064316106,27.84561504574793
992.1914761283124,205.592167402022,49.98768084725988,27.7433069673405
990.0436825914854,205.80807449072293,50.22526449531567,27.249147698685135
989.519089687795,205.49516494555797,50.583409250355025,27.343957532175324
985.8497751003439,205.1265001009263,50.06009279613745,27.364846007354007
984.0291780502947,204.97985820064298,50.45955096102456,27.254427370042983
981.3996930693392,204.3100710675355,50.182666583336086,27.491989359608496
978.5150176119284,203.25461987142899,50.540644359729825,27.53940302997397
973.6429849355254,202.93127982329352,51.2516801562614,27.372257995782263
967.5263680898504,202.04412726990577,51.28475096003835,27.532053400828964
962.9845849630779,201.066328482225,51.57125529341748,27.590138063440243
958.1931403906935,199.6193387291385,51.901991995253866,27.579342903780745
953.3429354256564,198.4579405059117,52.12343139767923,27.401524945555977
949.0934879661285,195.6030644581691,51.83159870137875,27.181965765559017
941.7429391389996,192.6496067172045,51.53822766667148,27.007471316305313
937.2274260719731,189.24174629688804,51.110848306034576,26.94767669597025
931.5205614699545,186.35066700116778,50.2231439468394,27.283199087459582
927.0095008643658,183.95354089378824,49.36852851708662,27.418033196139543
920.3459654281346,180.11348824430905,48.99174482869702,27.006608648906546
911.4830219292598,174.28738672349004,49.03813506130979,27.13704693529551
906.1005836149969,171.2262580947324,48.97823980873214,27.122575906067663
897.4823185528335,166.45026268146358,48.7075735066674,27.218686567505216
890.6836082008839,162.9119195149207,48.012064561213585,27.39059489689835
884.3569197610427,158.53016464543808,48.2076920741355,27.451962874083815
873.4951603423453,152.3741699670974,47.78630963589561,27.54064652855567
864.3877438935326,147.87827227908727,48.00255969355513,27.377876093418692
856.5531759594556,144.53914632869183,47.76288208514663,27.2697305370868
849.7695852829393,140.21488258412714,48.129829025032336,27.118088081452985
839.7445468858535,136.02555844759195,48.28808681895973,26.971170253449145
829.2181263961284,129.9083516388697,47.77001257624221,26.929668725019614
819.9065519174799,126.8277602208585,47.759536503021494,26.76222302100298
811.4674721354901,121.67628226107367,47.509054938461006,26.63611323622691
802.7077042426263,118.74364151701201,48.09392313690849,26.290879702072417
793.8776130759082,115.78012351424637,47.91851510779564,26.550689869896168
783.8565463982505,111.11286277480076,47.62640850339422,26.276280761018825
774.2810346233348,109.61531128505648,47.73001727356258,26.039597489439274
767.9705795524824,107.74455716309058,47.37212378062398,26.23095939204721
760.2972552790261,107.88161363185839,47.25776997768291,25.657733180891007
752.8902357828962,106.73564930531137,46.40468994375863,25.309037310822177
743.3264566429541,106.28948710000425,46.56103774390654,25.223526781479762
736.9980592920126,106.00140186293449,46.280126452137296,25.277761911876926
731.1178774198738,106.1510237456753,46.1756210786779,24.917976356416546
723.9227736541923,105.11360708557802,45.69746046123744,24.46219553896156
718.7800715654465,105.79583474768089,46.098349830074,24.18604485361847
709.7544448712473,104.92352820886862,45.811182350552684,23.968186326895776
703.9505162351836,105.29425862278816,46.819577113524645,23.548950682305204
699.591315799775,104.55339252905893,46.40327148714955,23.433665939183534
694.5598941538516,103.89498229076017,46.19892670679177,23.524650615610142
689.3953941803007,104.52604129197293,46.5324747267085,23.553336164858518
684.0363752361359,104.19598954287208,46.28177405912997,23.435140152581226
679.5201575154404,104.06695680108265,46.49404672738857,23.460136469619002
678.238597548381,103.25036288515975,45.73986681867285,23.479767916424514
674.5337340463914,104.63962636326832,46.45302199571722,22.799128237810528
672.1129002811886,103.80990217917467,46.27004276708978,22.826021717272546
670.7297874669872,104.10323003048993,46.126156729766706,22.831813474339754
669.457304304649,103.12037437711378,45.70206716340614,22.90719232068861
667.8981982028765,103.42830228790133,45.79428649662034,22.986479483503754
666.4995914120993,103.03076719904324,45.777826343509744,22.88898071533523
664.4126640648934,102.04698487278274,45.47595109559978,23.37774161400338
662.7340790789264,102.47481686067235,45.7356510224443,23.4527127328668
661.2733196553913,102.17240402475447,45.90643649396506,23.161997153996843
660.7281339905742,102.09979426025018,45.929862032354826,22.789474883650897
658.9867663860601,102.19687600994668,45.88300520418193,23.10537479406319
658.0100700798617,101.85064773766092,46.14635675136263,23.090454381694997
655.0551740369484,102.65029896225354,46.94401247320609,22.975830916198092
654.8835882239949,101.28214210888247,46.66773251668129,23.14446712507649
652.3288750750293,102.05467867573142,46.818639832679075,23.23177125826244
651.9918978112855,100.83443213356406,45.86768340950584,23.33392477541271
650.7152497485968,101.17003988736865,46.10071161915775,23.20493212527881
648.3557760349579,101.38084630092338,46.9611812155486,22.940250683567257
647.2102036088158,102.10816519831442,47.237225350288156,23.134758372755805
645.7269610437726,101.03742458067757,46.45582477633407,23.474479768971605
644.2004984445192,101.59669598957956,47.460914147967124,22.928381807334464
643.1437126807527,101.5927500951233,47.33623112838096,23.12677767034366
641.0281028517117,101.62416281008522,47.44792535387631,23.564361962748002
640.2350303511118,101.87157146512286,47.45438109077857,23.572767952652892
639.9647299461215,100.84395842799529,47.25012602002204,23.74060734725867
638.3405198515142,101.20493705019895,46.76486262311596,23.677691447970822
638.7802768111485,101.1516271726044,46.2507950031619,23.70964894244871
636.6378075520979,101.3589015529688,46.17595797805015,23.757037668845342
635.7768326846472,101.25607624531492,45.701570251480035,24.0600481277052
635.0116080888748,100.7477866636333,45.680115241517164,23.793606317862874
633.3697735016086,100.9008369304,45.98646279129362,23.888920983370845
632.2498009392492,100.67709060041973,45.87954869932248,23.848252407283645
630.5016895835215,100.29120713233368,46.27702320368558,23.665522125323704
629.2075942132778,99.71486928259179,46.1671982543231,23.755250432343807
629.4381647508891,99.83096287004383,46.81813727629909,23.583124563201064
627.2949012937731,98.8542280448017,46.67602382493024,23.999924363335897
625.8205133534303,99.39877584926941,47.22949335681536,23.89768825480867
625.0021071175242,99.0076425594668,47.78094792419324,23.69815421862637
623.3522192900335,98.19319350783762,47.165742690808045,23.926447358582124
622.328219964518,98.545853999967,47.31199041963599,23.72811907203915
621.4234572609965,98.68707729927516,46.96216328570898,23.603420531861104
620.3675914400819,98.1391543074257,46.55391235116812,23.472086630649432
618.298344398853,97.25492217845874,45.94000794272013,23.54910112719267
616.6293486673353,97.19440896569765,45.90735531319575,23.375098031726388
615.508996739181,97.80913997534962,45.8992395798894,22.98461984621227
614.957508777671,97.825537196548,46.27989882057058,22.784430139905233
613.5752369870264,98.4889275585351,46.92755960080398,22.369766658744126
611.8421996364427,97.25397923863696,46.56028745825182,22.5045895890525
609.9089158672965,97.03190639716964,46.5166892098012,22.485185747441488
608.5471074999609,97.40144763358094,46.699243589430694,22.32770876864124
609.0699175686565,97.13557440021026,46.51531611904707,22.536285348316696
607.4409531214121,97.49883558155965,46.32864085513438,22.549097628505056
606.1432824431607,96.48413705403314,45.7592101779458,22.93248428469333
604.6856845171714,96.53166594562845,45.55860946391502,22.822504533631218
604.4129604668277,95.3509234120929,44.97268821226153,22.977321939035452
602.5239868540615,95.22545418140609,44.80616264802955,23.16651880990917
600.6673600047892,95.3344344150411,45.06706596853773,23.11167265195007
599.3279572645322,95.3476757420448,45.2302595620736,23.101797856183268
597.8183377551625,95.17106118071645,45.24071833980051,23.084238523830525
597.7453883894955,95.09993228655834,45.311644396883736,23.01450911474759
596.045807816409,95.04112356533304,45.29610312759047,23.13499108029048
595.3368698268815,95.38494129445864,45.3743450457857,22.94614689944789
592.0928189521806,95.38507108294813,46.08389044829426,22.696105505271113
590.9669715825443,95.62613974920366,45.8973212944395,22.614421233625457
591.0279324782172,96.0283900070742,45.85665335951411,22.457654406238888
589.8127572197817,95.64728323649645,45.99178064030117,22.383180740172374
588.6072047813166,95.25357473664062,45.52081259166384,22.346328206726703
586.8307415608211,95.64227552382093,45.43469021788101,22.538152456245303
585.2319329534747,95.3881690102642,45.42290439454913,22.4329851108345
585.0317201650902,95.45367216191204,45.5774668912933,22.208381089955658
583.5276526140829,95.45679507394436,45.26260132382879,22.165220630441357
582.5242802058531,94.77548968047857,45.119056127928694,21.96651504640888
580.8956445223048,95.0839396426211,44.719141702102206,22.01688095454798
579.7444940332043,94.54157073763858,45.10890927786019,22.180370686166775
577.8575779210337,94.84433899861673,45.6551099332929,21.85357394439808
576.1112277649698,95.12241827307959,45.870417142774585,21.898809571955532
574.3720534620184,94.51978733041051,46.23953832977803,21.837948520091217
573.1622041500065,94.55959934042117,46.23119931036921,22.265224274144455
572.75445706466,94.17036137793245,46.11721847162093,22.524028222555575
571.3544565018686,93.92529601150407,46.35306854854322,22.39506333191914
570.5075666777639,94.23714094944202,46.052477020986885,22.49700677923584
568.7724228310085,93.91780439087908,46.28551104857344,22.39920407105197
567.5643190254626,93.8287256757831,46.52498921897609,22.317034579304067
566.3181540798065,95.00433520561823,46.87707176531772,22.55543563300663
565.2115737413184,94.16518961952862,46.435572217379374,22.904835885500482
565.3974169906845,93.61730260073026,45.82792933291539,22.869954872819495
563.6578209445524,93.5517507194159,45.794935613182986,22.737737086747867
561.3087919964199,94.55857857288568,46.37850633827504,22.611548406518843
560.6661186969717,94.7917208249287,46.6858380507923,22.438998005874016
559.2708917969688,94.71286608167108,46.51851029752957,22.582454232752795
557.6501008218403,94.33872428688043,45.83996151811119,22.59147995022945
557.0960876806917,94.3306546900694,45.33327103214373,22.604625577867452
556.1244733154468,94.44102115159262,45.32494999418556,22.596958726092915
554.8863789663994,94.51704140086107,45.56825786151556,22.503406842413206
553.5369983965189,93.85807139031428,45.678277460367795,22.484914525745864
553.5448710267478,94.25407581330148,45.59472909270784,22.42135055405812
551.9860547928853,94.52744316867745,45.527543531029366,22.71305757285178
550.0053968401098,94.24113992989385,45.11287715203424,22.86632528765881
548.6032931419844,93.90799971376609,45.234898421576155,22.635895741333854
547.5950811219261,94.15543278644307,45.79544241580204,22.26394958014173
546.6982639920244,94.67525301930237,46.05972484512289,22.16400852581535
544.9559429738855,94.23437497775657,45.70142583563954,22.16864333920403
543.9243855366307,94.389763727195,45.60271028488691,22.096436053645046
542.9791327546795,94.78988508257169,44.95126657663333,22.079900782791128
541.974141505308,94.28990004641496,44.531094036542754,21.718098556291714
540.2950025877658,95.01536384771833,44.953183889067944,21.51752631657711
538.2501812575348,94.47551347230119,44.519717113494835,21.51339659160421
536.8384599934323,95.1347582603629,45.09242888875496,21.419606631913
535.4011052413668,94.71154472371572,45.2038832735621,21.336620505782605
533.7083288996163,95.24534554286751,44.94114198504778,21.595138648019486
532.3098883102622,93.84191644108135,44.96136510558942,21.886291504530643
531.1211767352622,95.12236204481195,45.73246119870473,21.53321880521763
529.1961921917983,94.65324701305403,46.113298339068805,21.533831030350754
527.7198346881462,94.39243121489889,46.23014021938933,21.562312809671127
526.9618788666926,94.10807144473026,46.34372551685274,21.72760090464822
525.3201804503617,94.69672793622276,46.02245707012611,21.944431622262904
524.921671379249,95.37563902504293,45.57777968908955,21.91237195492223
523.5633717785922,94.93687424145261,45.03060354173971,21.85535475343756
522.199966231366,95.6618109815664,45.0029976935957,21.599776798760807
521.8525881137923,95.46164345459354,44.988780699811784,21.0341436014782
520.6333995869431,95.79928231021933,44.65709769110164,21.207448515615738
519.3379743305178,95.64232299734519,44.454692874820225,21.198437282202633
518.1837147749204,95.80185853704634,43.582818051765024,21.138903750627094
517.6093801303977,96.07448355257324,43.13902408588201,21.11353556409388
517.5868586855304,95.99145010535545,42.29677220632948,21.2334711047041
516.5323351350794,96.70257443055134,42.26329244222609,21.062958022358913
516.8833496565293,96.18380892951504,41.09615893860999,21.023833874971686
517.3624029104715,95.708698424218,39.60215785799066,21.286545646845802
517.0171424501966,96.25001894452461,38.76892000950505,21.191642023453646
516.881242658637,96.4687961456918,37.883143389277976,20.796251823898825
516.4564616067704,96.0141765864638,36.91457547668443,20.995326931830057
516.1194461402627,95.70829907493864,35.85566037145361,21.135407840414683
516.8036108645781,96.10437598164461,34.23600734208087,21.259380457037373
516.5483111084823,95.42581853719544,32.802080181909446,21.382324551448693
516.676975380561,95.5225183182743,32.21821310477952,21.19807516560005
515.9489526906464,95.71078406531333,30.99505974269602,21.344983734521705
516.2606499372226,96.45490545553461,30.066375534014917,21.28993249193619
514.6679801987306,96.20037825697729,29.44060975968692,21.41928801648461
513.5461001317501,96.86218115908235,28.544989438630548,21.380296656053467
514.6311157244542,95.57994823915445,27.590649342852622,21.651989249144158
515.0029847492817,95.8358856889314,25.525429946113384,22.070380670295663
515.285062269328,96.48678582274866,23.830466075759738,21.90742620401459
515.5365878019007,94.98001337684599,22.057468077821667,22.01081532265708
514.7437349761908,95.1755778783446,20.9931245196468,22.1162320218789
515.1194807294768,94.51258883452829,19.679966762845915,22.48028364924538
514.4823840668708,94.31435734584326,18.84206973886032,22.369762333154583
513.0385955781713,93.37963490864564,18.565547738216672,22.583176552642605
510.5911268160298,92.05233520160871,18.242201609240468,23.51502041537828
511.09401390999744,91.84695462425958,17.292286197278617,24.898460231422973
509.57881914039456,90.32489869558744,16.941415579852958,25.415977449942805
492.9337239359403,75.92878786020648,18.266790848990865,23.29725895041661
492.9997756591975,76.48234618512757,18.51510477923316,22.883087542502544
492.59027222499503,77.23888214010988,18.809439020189078,22.24009377899561
492.83501785685263,77.42120812653273,18.96843389386407,21.99702151281874
492.22722195042655,77.80017415577743,18.999474348493234,21.793544496214736
492.53938838747615,78.21965382238119,19.090460452226857,21.512159912000133
472.8098359135168,98.53345531651854,19.75921734716696,21.270344887592604
469.77850324721464,99.64503772471556,19.4233684089888,20.441558614098653
468.8480686414375,100.25607748941773,18.823037383268925,19.804836035454198
467.5528842378228,99.59270814875806,18.82219749413298,19.090537157264254
467.97022343735324,99.0750733889509,18.75367737782893,19.235456096663142
466.49818905762965,99.22085867915403,19.41915521968884,19.043285753459514
465.32619835359657,98.89020202005977,20.08884144075848,19.185983587410348
464.58265810716205,99.64885042624405,20.9044298338656,19.37006321318266
463.2203782022779,99.24677686889773,22.08524579483318,19.338453131925768
461.8477885244504,98.72352406197574,23.54539156684728,19.522220553688292
460.44536366092785,98.62397353913362,24.982558717712827,19.729578144662888
458.3841545148744,98.15598167955679,26.988217232750586,19.90354109708148
457.49534729166123,97.28960610217675,28.665340989899335,20.235595974223152
455.27350854669265,97.76291996202502,30.202131186974526,20.331508327921377
454.5578862402396,98.24557191032969,31.509338936434325,20.334948828475447
452.7061915438889,98.85470668565387,33.82452876134096,19.750994828154383
448.9729591359614,98.10458798539118,36.08596790428337,19.438752494258985
448.0056175714432,98.41411254722,37.7791360078232,19.881681710750247
447.68874915232266,98.23033365570467,39.231521482405455,19.77453510897715
446.1162269871024,98.87453584127846,40.61329173924522,19.773148560095187
443.7940730747261,97.98373895759202,41.83746168176515,20.021163812415274
441.0858024862375,98.82508925221651,43.03159694825041,19.95202389974099
439.4413255393678,98.5361952827592,43.53722946137451,20.216852972297815
438.26787302963123,98.17822104173793,43.76441640604912,20.64947402385368
437.86997518627214,97.0507893912595,43.15183265722807,20.935241021824403
437.030418856124,97.37402348822539,42.95339483477433,20.947978264599147
434.16072167212394,97.97500739645459,43.63170254811146,20.963683988256133
433.35298186964695,97.38499290376998,44.030961893398924,21.033246612579482
432.26931817189273,97.65249800446821,44.15393389645136,20.959287100403472
430.88016483075484,98.38802936115158,43.821676346854616,20.804301500188274
430.17966941753184,97.86930850418052,43.333930210028484,21.141670866012568
428.05762522908714,98.00626407201284,43.49089185504529,21.08656742764406
426.265989632424,98.80131713644596,44.20056733380247,20.84893205435491
423.87206653174513,97.98810916588255,44.83420964340609,20.894329547605754
422.3113099332516,98.40169021397688,44.64426019963085,21.14922909978595
421.830626894845,99.4132286791463,44.31722491116381,21.06307316992774
419.36878575523633,98.92753651551176,44.729434488354855,21.090915970402392
417.4595722183718,99.38695469428721,45.586365447353074,21.10200493538415
416.1675407340565,99.390111569301,45.455106636732566,21.615889113308384
415.2766424572367,99.15637252572347,45.5972658393362,21.7200235742027
414.26645440132506,99.1629610158054,45.248521353320015,21.88456791562163
411.56700114293807,99.26549667428608,45.80273277884645,21.826758635460642
409.79198064899174,99.83767910381063,46.280623536331404,21.335523830885414
408.60463344265025,99.38008999064246,46.02525346155713,21.602188084462526
407.6666682262882,100.06742067271583,46.233169129495444,21.38984196975882
405.63534140731986,100.16577466733642,46.23796716135304,21.49701312232519
404.22788568352956,100.91312325598102,46.299683084717884,21.4959225124188
402.72103065383845,100.70503383371407,46.560458449809985,21.579063354700132
400.09396603841975,100.80912186727551,46.95742806608436,21.33339580582605
398.74503327126536,101.36410220155426,47.240321533513914,21.258923385139965
398.5499525559046,100.92968680712208,47.20214077087032,21.352299354801886
397.22686834288083,100.23674458372783,47.021151699511805,21.589325373588984
394.75379390576813,100.97376547768663,46.838362375647684,21.801587558869326
392.8195515283119,102.19385306580804,47.26315659215376,21.567180252575824
391.83086453550084,101.90481403171835,47.26449128734774,21.62650967974113
390.8561671139199,101.62696577660431,47.511608827767546,21.96573493514362
387.9076630629859,100.35731206613887,46.92406406937556,22.219110768855252
387.7231114297406,101.88231950586726,46.87389819133115,22.59230746395293
384.8956631712648,102.4063830481308,47.58974117282123,21.85321425012286
382.98241064882353,102.64717316927987,47.35072926900391,21.87273007763749
382.2420160017341,102.32530213369819,47.36358455076976,21.893177080060006
380.11432405444907,103.088551798709,47.445239979305796,21.83305596201347
379.3367291096636,103.02358210104742,48.09341990965586,21.6795357833525
377.27717611203576,103.26243132616548,47.72990757300235,22.04934343901617
376.43470736986603,102.74201858981473,48.112414189193004,21.771512228749557
375.4167009077738,103.52800092559522,47.64853678592384,21.91167369301467
373.872849011434,104.01757075342584,47.32438559622731,21.90374141764823
371.0087933626444,104.31963976013688,47.61017511646281,21.42045055490957
370.7447873073027,103.75478153779098,48.24296535302831,21.244666373037347
369.62672607968653,104.46509017531385,47.4081828380916,21.8760067052609
368.67638207711116,104.92746339365745,47.50988905746816,21.683301567916796
367.0807885094904,104.56756079505377,48.03645078644449,21.694938437315773
365.8296981563517,104.87978462344702,47.612024837600956,22.350392761883043
363.70763609056405,104.0771253053085,47.79769064092925,22.108006033932767
362.42801693657617,104.55238141051713,47.7145189090032,22.307479017721757
360.98261557489633,105.27806060999166,47.64800332639371,22.543306383085458
358.19072115177096,105.17184203157274,47.88769169733315,21.901848590963922
356.2640598295248,105.81786267716218,47.379948477262445,21.771634744815266
355.7110300102103,107.1398293186011,46.88213462460418,21.95678299727677
353.42200177732104,106.72490553070786,46.563354809560046,21.555756630688073
352.23676996745866,107.41893844709644,46.80591496782844,22.009057923422088
350.97830398939954,107.98826416742676,46.72450355160176,21.657120082920127
349.25444616092693,107.7068551326234,47.31458824045306,21.628916912769313
348.007940082374,107.85653195515509,46.91309990355571,22.242280431268703
346.04450731481705,108.25853320330417,47.2118397710975,22.393406366290748
344.24648427744006,108.33349475099847,47.835016926478964,22.1937586249895
341.09590952076303,107.59634271437005,47.9339073761123,22.623034726978624
341.6225011686216,108.19461881675757,47.736228235554165,23.229412400438452
