343.5,112.5,43.0,21.0
341.1470580672694,110.39407811358933,43.99737370501498,21.59624294846526
339.63317256210746,109.84724142384091,45.0696294498741,21.920011595257932
337.7771717081695,109.63537195677887,45.948187992924616,22.16514926442842
335.76181706746,107.2788388655921,45.79253357729152,22.5417419818361
334.0620953273043,105.89775281405412,45.998699937012866,22.72573234129026
331.8723463758092,104.62348042330339,46.528815916327474,23.108190210636558
330.0353487274674,103.18800300841247,46.90992948579247,23.461310853864447
328.8456399640301,102.3240308000609,47.10143860164101,23.74841538390226
326.5695989758672,100.52749490379819,47.284245484888146,23.84034634352666
324.63465149289965,100.3995492887013,47.77988860832451,23.83791545400763
322.9635018626032,98.68697168005652,48.03805019077104,24.002218334413644
321.0337823178083,97.63870158398771,48.601929635661804,23.940088101136222
319.7051186421775,96.78299454631869,48.29660931045539,24.027681871603633
317.6896443278917,95.50230039722922,48.52725042674373,23.95316204295152
316.00211573289886,95.57097856424483,48.661944018859614,23.883762126719304
315.6129780821372,94.45430795316841,48.468497850026935,24.06742335428901
313.5559695476142,94.32741494598238,48.720768607885134,24.18023764844243
312.03389632912496,94.84504133855914,49.09957319076817,24.105206094272624
309.68538960067144,94.59675547296229,49.439261093781184,24.18302700292226
308.7857671659314,95.50160673553782,49.53636074441202,24.08754857788408
306.907502992206,95.2603326390291,49.28884360541271,24.18716366090282
304.8031647972245,96.18065344327452,50.5387051359854,23.89336212409014
303.67533495914563,96.10642349706335,50.98915362573416,24.046032436465367
301.6973239843126,95.7542670977257,50.59833471694072,24.23374063280378
300.8609554582928,96.75182881632385,50.59286782858885,24.28193499040727
298.83246190136396,96.94044378456337,50.815172716265494,24.394411212566236
297.33116883561166,97.08845036866241,50.91311292797027,24.134769413283003
295.99729230734664,97.13311204297491,50.756868486941684,24.159778427667447
293.1370496336171,97.59204825057752,51.65602900911389,24.520376647876372
292.0551880770733,98.409815748335,51.52607574585875,24.506191106287474
291.1819411964384,99.31438660859956,51.38052198267637,24.25142551109405
288.79375859296175,100.19159719831329,51.46029390502272,24.281849683839454
288.0225771896856,99.62242231270434,51.121096505161795,24.247106493746003
285.6735303187366,100.10952986275046,51.130417091847306,24.176675072662235
285.0620578874906,100.71756839685914,50.9840991398175,24.262579691990688
283.13304013891735,101.40357716624824,50.56906334790155,24.09646890198415
281.6173777906992,101.50091848892536,50.27094768903687,24.314452875453892
280.30404579125945,101.62282915065458,50.16060478522171,24.228589254870613
278.9502177028465,102.29608789616643,49.85336838392263,24.325816184852144
277.1068241171755,103.69661945388297,49.73666205550873,24.186625694770026
276.5393527508244,104.0116307113897,49.002074229624924,24.150880919281395
274.4994872959018,104.27598527187904,49.117495685505766,24.062077978207675
273.14149028862585,104.82969859543739,49.34731273243692,24.082743977689773
271.2365295799746,105.45457709541525,49.13801236705504,24.10669257942626
269.94824425911725,105.61308031764835,48.97513183880215,24.024405187870855
269.08842307203406,106.63513117680522,48.60183030618438,23.838283959287956
268.2384823842837,106.63307939615201,48.9139025243136,24.067518704457058
266.2557458932988,107.64607052700703,48.976644087673805,24.02921139430038
264.5238410273342,108.42615819424452,48.7498846572343,24.030146198718526
263.5835188038986,108.70697709651554,48.553346811167174,24.292944939548477
261.44479466348184,109.50848324356139,48.825055403127436,24.456880272524373
260.5589969672218,109.2130684285063,48.16589518041316,24.484265049805536
259.76762295014464,110.04914396581255,47.96093922363115,24.70497581830218
257.43986861264284,110.46925610588171,48.14550063300973,24.578260680562693
255.513263238194,111.24154805966572,48.23654106711857,24.562568455619513
253.8255613321856,111.55497113896635,48.46302219732698,24.57808906394785
252.0532311268996,111.6309046394723,49.21217899156596,25.047874904503956
250.20367749369936,112.018141875318,49.55932583735788,24.944615311371678
248.17101746360052,112.65251720701724,50.5243303267243,25.28636045371354
246.18815097187954,113.18354564081888,50.3349419837197,25.244783742055084
244.74430733744825,114.45590457231827,50.441999856143674,25.435875682065333
243.57107200561194,113.6973083402546,50.60988212946596,25.79067660280433
241.85113752573125,114.47200549977305,50.68940477193609,25.985283195480072
240.07751734783875,115.02293181451157,50.54985537666822,26.223537172486502
238.92343018553882,114.12462703180147,50.42631683543861,26.42370391926503
236.85119937905762,114.04675458755088,50.528407652197444,26.422399762799493
235.66522194909118,114.43445169389025,50.628067752379906,26.305692903254915
234.6914362628661,112.67901441345629,50.31358229728491,26.621755643138954
232.64490030470418,111.41699271662249,50.32373938435461,27.023928519075845
230.66207300316654,111.54992654094468,51.077500905764865,26.804223039858115
229.16536930567966,110.25511255049186,51.180353157382285,27.10288093371239
228.232785647635,108.76330331964303,51.11124627684683,27.167870941201663
225.68011639219887,107.67145680108256,52.02455626522767,27.297387647756203
223.7373849429223,106.57153278298566,52.16433835475979,27.302484421285207
223.00787422271767,104.95550707987724,52.626603718356314,27.40134424196129
220.70464472350545,103.5446905557069,53.47007701045138,27.54687393680159
219.05209823204197,102.71089767493592,53.919905091263516,28.150638144159593
216.73946188351138,101.48231435786677,54.518235058374714,28.55388212509964
215.00628606248762,100.01216903164955,55.27807615659903,29.02175280034598
212.77409446042043,99.6668927383711,55.74352389968907,28.67474027478893
210.7690113329529,99.99586826410894,55.597075851035214,28.241232152342707
209.585378194389,99.44305216711138,55.35384846818994,27.908311609101823
208.80226314310957,99.48889395132244,54.92302542438649,27.68982397199511
207.20818836398934,99.04582441259987,54.023337763388696,27.359356790094232
206.62473905626888,98.88238884943055,53.72666494957693,27.35043060655738
205.24982281473456,99.02943421615636,52.86229874795319,26.891488520533336
204.0953872893415,98.77836974845737,51.86648873604099,26.834409480066906
202.33380334786847,98.87621224917734,51.51952035800071,26.667169208372357
200.84021802072567,99.46742666438402,51.31548360338128,26.77055514007447
200.34611379026734,99.85476755119217,50.883641085637365,26.391945962769746
198.87011386987663,100.70525890204966,50.57851459508943,26.550160400794738
197.66236339226904,100.90067978573362,50.45371971099489,26.45276058470172
195.77293407586322,101.95779216918797,50.083413190303155,26.28119400375187
193.93553728798727,102.47999918750756,50.12168375770849,26.41263345794215
193.26664862751218,103.33427748452897,50.038039073958956,26.46197924770366
191.42033619231475,104.10430595311686,49.482900310625794,26.420619710620944
190.37565249423665,105.3184101732503,48.94724219599403,26.01714743635445
188.69734362018843,105.49041282653363,48.81739234422167,25.8647703176826
186.6961727545109,106.35815517377681,48.98016188433833,25.565290500286682
185.3288280408142,106.53717037305287,49.0224215307717,25.559100120960636
184.60958085089987,107.54354088468003,49.20423685252533,25.739511525379683
183.21135534716376,108.60344141451675,49.29400875423894,25.735823651588795
182.00419323010541,109.5299748307507,49.38982770118518,25.821154465071203
179.67280326510587,110.48445446585282,49.754242991902075,25.895445097592184
178.5198371460633,110.54863241928614,49.53237991519836,26.04958004022049
176.5562719889004,111.01089419559177,49.77432360499721,26.128996950675326
176.77732831957434,111.70547601875867,49.52412429506594,26.334807941373064
174.67850431238043,111.80725107312767,49.505637284429305,26.36530663131537
173.37662228438128,113.12608503448712,49.127361650409895,26.360726105218188
171.54363545828016,113.90447459776661,49.397616251251094,26.42439270696121
169.6118150126053,114.23482823960941,49.32374355274182,26.55093927993454
168.50282630543242,114.7988394658645,49.376804213318636,26.75191956542332
168.22979729895334,115.64064395650075,49.65604495456732,26.940130914770627
165.2628082353233,115.74766309437106,49.937272112894334,27.060301038087417
164.05845205148177,117.05767197188516,50.01612880011169,27.350350126092046
161.9537456190209,117.49819685877785,50.11462695784958,27.58917077657732
160.08928649801965,117.49696777178434,50.66464829586037,28.104089003531378
159.9937849653506,118.42227417071464,50.535094660968795,27.999982896649783
158.3517181293383,119.34493476473955,50.572130840775394,28.074111872441215
156.41037147006713,120.06518435496109,50.86026544349745,28.322346150517127
154.33121262307122,121.58001075349881,51.01648266980736,28.420644260195207
152.98982405881964,122.37844858649524,51.41893462397886,28.68505463832316
151.68507194474554,122.14806354317568,51.74571733265684,28.99959466808037
149.8408254670014,122.64875382614305,51.95939301214416,29.13337681328911
147.70458249815732,123.91623019013167,52.5544559494966,29.613292821578952
146.5589187532902,123.77476411004828,52.86829933221341,29.752100399335895
145.09026194596055,125.44275335371935,53.035209323291724,29.746309709540135
143.28995955642728,125.87203299460393,53.13083258456649,29.803511540937805
141.9796671512418,126.38753094248415,53.2899999583377,29.980330338628278
141.2448533361562,127.06398719890251,53.498312242744774,30.01625492486687
140.45099911529883,127.62238401362507,53.54292509577543,30.224557187374266
138.19278848384442,128.66334580875946,53.661430995372484,30.108504931181415
136.84479599489256,129.11242180313056,54.031169711679524,30.234789773913526
135.7390994683336,130.07233205231563,54.22188591352488,30.14113530928821
134.4034614498656,130.52265541069244,53.81372421776434,29.92174595966865
132.27630126494554,131.79381672674717,53.68974058293524,30.087613768690787
130.90692767061648,132.54098225696424,53.784506076418225,30.102873810856742
129.25889840057468,133.07003344462882,53.82330381709385,30.11201238897302
127.63974140269583,134.36339079028767,53.46773048374999,30.163943346611646
126.10386083229128,135.63428702641835,53.11809060069437,29.934228635046658
124.72920801215855,135.6678736184744,52.75698841167513,29.60006115343017
123.38503638285202,137.3032288363458,52.69249830389415,29.664469488286734
122.45868374034198,137.78320674182362,52.93872334809239,29.78074575302232
120.86484311579851,139.10636079422392,53.29029877366251,30.058245984479647
119.24380133958417,139.2828716716491,53.20620186802235,30.073305173452134
118.2290469014571,140.603293149675,52.81213152827306,29.987488987038372
116.40616718213121,141.3137480922801,52.47255561688821,29.740712521818743
114.53146015114208,142.4935427706985,52.65411384390552,30.00129256615077
113.07040382420851,143.767543730266,52.71816566098067,30.087929910168853
112.06423476093303,144.26247544651466,52.71547721816518,30.206457047358413
110.42630238342538,145.78999214107216,52.75320615851373,30.23236271273251
109.40985266672382,145.87353627744486,52.39204307284337,30.301683925327268
107.98190193794251,147.12617435557667,52.27728193656443,30.162421534398703
105.87618038659328,147.74685461140564,52.36015591313375,30.2701965408148
104.73936543217246,148.8058792589028,52.65965519148221,30.519992781098832
103.70220119633262,149.25001596842796,52.2846576248013,30.506341110972762
102.89187113059657,149.83418508659236,52.411020847894804,30.625661923678106
101.31172999872749,151.0687345059969,52.66900966795316,30.816109460143675
99.49702044083635,152.18236682538907,52.80777240785042,31.03327803363962
97.89415239138847,152.56319640071663,52.90080136868465,31.21924606975967
97.09443207069864,154.26220224367734,52.819575682587825,31.041417041080102
95.00666276038724,154.867856639526,52.30638644752823,30.754555666641984
93.92581195971299,156.54812582798144,52.285135644854535,30.972609590146114
92.3398569640321,156.63616552215427,52.11795290474048,30.659177586205594
91.27012189581598,158.04077736159013,52.51164102346492,30.923128860794595
89.83666772492172,158.85804720496216,52.5071659366798,30.930852586526086
88.46437541484678,159.1330498540048,52.36654290378401,30.73652075059329
86.79772262435901,160.22016878371082,52.439943861727954,30.89510235300378
86.44015548189032,160.73103180291966,50.345025990216996,33.33602375263541
85.62645142242613,161.70088716101495,49.119030779296125,35.11817582941361
85.35540987194105,161.71522985172766,48.561750076402745,35.969129179467814
83.70356146845123,161.83649467921896,48.341212111653874,36.286082039343455
82.67704055544134,163.20317796630005,48.447746364545914,36.696073695772085
81.30748728034426,164.10749318682605,48.29883788292549,37.06220264269007
81.20075327498287,165.71360907153726,47.9126921675092,37.15858965721846
79.35690660042683,166.33476614244262,48.42684158656757,37.10900451168457
78.04593732262953,167.10967747012444,48.35099214205537,37.48901026170118
76.74005961843025,168.9433834994405,48.59252069040754,37.46635595071922
74.56526801187266,170.1097517618695,49.313526194324716,37.7727481108588
73.56125556507887,171.6543468578345,49.087415698584294,37.68504278983942
72.79487792483097,172.4986147177267,48.876508502540474,37.3197082495594
72.24339777448043,174.03844138396053,48.74689374430449,36.92043454622689
70.71713693264361,174.8760351598193,48.54683216267355,36.70500456096137
69.41314056317898,177.04398348265022,48.54646699526126,36.223896218674795
68.13011094131434,177.92352957991935,48.62504989011357,36.18577119771288
67.74804175588281,178.03493933313044,48.461393208448264,36.919227631232104
67.53628164489933,180.37745120893408,48.16354517718417,37.09800106743
65.30024361747779,180.59906719945636,48.04940049075529,37.63417645647595
65.64396449288591,182.7088019757608,49.09270512837439,37.702316957883156
63.683077651125004,183.82916392851325,50.14036286798754,37.935239216318706
62.5519896735471,185.15544592674723,50.49703304673801,38.39926786549586
61.18582928510525,186.61623827804718,50.63024608131214,38.29872641584091
60.352511083286096,187.7026953237008,50.71439907411518,38.581912549982306
59.18733356337617,189.29793454461344,50.38192757584909,38.80771366252404
58.34712008003542,190.4224704157231,49.91803310088021,38.84674526236104
56.89212829176441,192.1822098798983,49.397669473213845,39.13208258004336
54.11252755771641,193.9519131411643,48.46970215239993,39.238688840561835
53.13852579779826,195.4476559285913,47.770232575388704,39.053283845465565
52.71880233977198,198.29553106199586,47.11914196721792,38.84099734284713
51.08163748888679,199.74115818029554,47.059908341199005,39.105365588547585
49.596700802477734,201.56446607819458,47.52980484061929,38.87051584499558
49.76415863222713,202.61623418897173,47.12476921902429,38.655324149732145
48.63392644052281,204.487771007957,47.16697689047308,38.699640267010636
46.96928849428548,205.61918172633636,47.079920061237544,39.38046788382553
45.64533349966117,207.40461834226892,47.06843864728792,39.78681637933166
44.71806452041688,208.34796828702244,47.53858267534132,39.476733969148924
45.09407890487556,210.19610918472418,47.508696185572056,39.49866334775671
43.47119325566859,211.4274852689256,47.06209849976359,39.59906039314471
42.274867566026565,212.90779424142542,46.84891515652872,39.97160976267453
42.34931246615802,215.10349086204684,47.27341738984278,40.14183818738627
39.56410763963363,216.22164222937784,47.1979182103415,40.30503081595977
38.92175048584022,217.38758659589234,46.803478241080484,40.48971241259688
38.81887023201893,219.02949338991186,46.889136320823226,40.58429962717011
36.64814474320446,220.9874435855338,47.149941260396744,40.735425851069074
34.60227856475586,222.99124162677387,47.272840647628406,41.01489002936165
34.80112681954394,225.14258777375414,47.55490644188145,41.2954277540168
32.77768521303161,226.2341308066312,47.22315758627208,42.027107046233866
32.95444779858537,228.14405150816364,47.33764009891853,42.06212380318796
30.536121369411553,229.3575538046085,47.68881980129082,42.21465469461218
28.997620490633537,231.1212794561425,48.347708565606496,42.693243964664305
28.792586089337597,232.6952528844013,48.56032194710825,43.06606241271213
26.96141901883412,233.4496755174191,48.08730681443356,43.45677128009173
26.533617449410272,235.01491020850415,48.00610005585847,43.65432247058405
25.588220148673592,238.2299384738048,47.9160508749069,43.81302870014507
24.632030990364672,238.9650825510689,47.60579773705697,44.33280170951917
23.77199486228318,241.4441539547312,47.44438822651921,44.06475241949802
22.111799563640986,242.85613267335253,47.67666718478077,44.44204696589793
21.87216457961771,244.44437895489642,47.18334658714586,44.48733517978768
19.456474553892594,246.93068377510934,47.07944679240469,44.369490000879196
19.98382591715072,248.36436073066164,47.244680436738044,44.216514923545354
18.172695059271994,249.83671157945776,47.215541109557265,44.12999780198767
16.747391193022352,251.5054110257342,47.77546390362576,44.12876910596797
16.652919768887678,252.7112462714435,47.331979357505006,44.35574950871437
14.891070135434227,255.68747724793255,47.54414183547148,43.954396869701156
14.454597198072292,257.2192769461079,47.418957686715885,43.81093249456018
13.110533659430292,259.35032416718286,47.3844089636764,43.287798556942086
12.180087812485134,261.45193959342026,47.1501635382735,43.15887133148145
11.232966005175697,262.50845008224695,46.96695306277397,43.46199377118653
11.134190634283314,264.00927409673545,46.445690146798114,43.56598972986515
10.374194234358956,265.7696241139687,46.695630156005045,43.250429570810695
9.98155131208582,267.8122162290721,46.48422978038225,43.06952409579188
8.610419797833984,268.9402628665441,46.33430235249554,42.98650101318479
8.162441567179066,270.96649118527694,46.332890442318714,43.23563148051657
6.315260107105296,272.8653922899126,45.458267900277534,43.84615398972045
5.758559028454016,274.51983964680323,45.24899411420546,44.2443444085381
4.799225045980435,276.2914933391894,45.09396713477091,44.42300782035085
4.335778683107225,277.77434953727914,45.26301720056707,44.38696027440646
4.552339311160615,279.45906578361416,44.905525946184056,44.678272687208135
2.11293889863461,281.4949620141392,44.571147659755354,44.59763537371056
3.569319829792196,282.9142767036524,44.29477171510376,44.55592271793553
2.7127218130876614,283.86200253037754,43.30577925669154,45.13621102038731
2.3487272412030045,285.3511871523834,42.35428093364872,45.56772479868407
2.3434957501708347,286.9365280624014,41.57284274450563,45.33529399717219
2.3056892660722568,289.33100786883483,40.69229600181869,45.22601997695668
2.270118082420801,291.32651945344423,40.17208143600469,45.31290198580794
2.090059449361153,292.9296362863296,39.57558337333523,45.4236236480249
2.0347163473366408,293.72489722115057,39.052746411204595,45.686164408082576
1.420586380871498,295.4712034819551,38.58852721052892,45.68786250392046
0.9563082392732056,298.0817927258639,38.0667228379409,45.51905265700252
1.4577553896689324,299.80003293893674,36.97183339474918,46.16245532945911
1.1155574512822142,300.65749111517226,36.56044162713633,46.31815064462113
0.37989008904368404,303.1530438874126,36.061631483716354,46.26108040134898
0.5637760918381893,304.52122047412803,35.6223499454969,46.56754482053893
0.10858130923108433,306.44427948898516,35.196103086646474,46.49417335378242
0.07324598524585468,308.31168003362666,34.932346675920186,46.27205637132628
-0.5587945866786441,309.7662933972804,33.97895335916738,46.94772787743245
0.6552670964493217,310.2978200751019,33.253342376372444,47.46535989891042
0.48905717685345707,312.9459356919614,32.73392195791952,47.39335275576768
0.6378117151232452,314.8298174690818,32.13427705622278,47.194840738849805
-0.7541333356783149,317.2190259474191,31.677917047199678,46.969935878580294
0.8149626788433402,318.1976052574313,31.120601845396358,47.235524107615916
0.5573794805259986,319.96232988774045,30.610020465999547,47.50263346554308
0.47218616459402085,320.7299341720853,30.21631201796467,47.7877998625212
0.9357860535773241,321.9748683158358,29.621849119585235,48.39928545876346
0.9134358444246793,323.2314955826739,29.261977289431663,48.3660314209979
0.13957467582253003,324.78528456415233,29.03295371122306,48.45855244943509
0.4473836864007801,325.6897283791636,28.50069373945926,48.98507088439966
0.7141052003551351,326.02248623570944,27.94968458198531,48.735708125409566
0.22215249332405307,327.2951301093027,27.624592484183765,48.82991861201816
0.029787640806002713,328.49851982963906,27.061802290805254,49.52652008984826
0.23703381730293493,329.69592918738283,26.410731741524234,50.338600778886544
0.18639248963103228,330.87902162012585,25.757276840887357,51.29423140412311
0.2430901659403304,330.6350968709797,25.446128297274498,51.324725522357234
0.4798890417963051,331.0073881498036,25.080897996097846,51.756239284861614
-0.026309547434742342,332.67653113574386,24.9722680625528,51.90989166556592
-0.0012718709122427896,332.9696311146126,24.48702241665349,52.44659839270405
-0.07755304070069968,333.27903944113785,24.168032741879514,52.58736831230051
-0.09855297696689647,333.4733114935544,23.908038886727887,52.37525350896783
0.0486234448185332,334.8548115131831,23.5650869788069,52.02696542191989
-0.02426720739870447,335.58239427903106,23.192877634494884,51.9640822569765
0.31278208154393106,337.1508856350429,22.957246678412897,50.990709526489745
0.2787738527743855,337.9931491425725,22.468600278419487,51.13129819212503
-0.39063830310040615,338.4258958575933,22.458188697873233,50.77023875160837
0.22347151368385454,340.40804173936937,22.11278102786291,50.66358272452166
0.1633741107090252,340.6219220642601,22.108813800612303,50.613354854910604
-0.04479572214155603,341.304233478227,22.319063343852147,50.33921187774594
-0.0398721975805163,343.26686468847373,22.080224354112506,50.8569483433608
-0.41584313359101444,343.4829991834053,22.244208367094195,51.12061466243102
0.19685734097850727,343.61937594721184,22.29473472317671,51.59428539257313
0.16047300265216968,345.33964431246085,22.738134230355737,51.92070737560661
-0.42412924280924713,345.3336764402959,23.190477413657568,52.44265443528231
-0.18815271146963042,345.60795162563045,23.01120556817194,53.43433517327871
-0.40789756299115965,346.258782948313,23.234547386488472,54.54305980551665
0.2845446242082126,346.97032616387065,23.330238335194586,55.13734216788899
0.3206080161835203,347.6236582725862,23.191087260682295,56.316540443972855
0.47639521778264005,348.8937563550497,23.094212170528603,57.73711917757495
-0.20502416642392518,348.4227369567001,23.200634022094505,58.081779183895634
0.7618083784227245,349.9423641452352,22.579519000302817,59.27470587906039
0.05111378222705376,350.6310503855225,23.04966908365485,60.2078504711635
-0.06938794755316557,351.91300254632364,23.161652150320545,61.35870239994268
-0.4856433864014029,353.4931407412981,22.669717541948295,62.1855514067223
0.6125031135533234,355.0283640641205,22.314311134903832,62.049702968551145
0.5157767835831084,355.94299409563587,21.499465516989343,64.05538071641836
0.49023565870658103,357.76889243470293,20.830773997363735,65.39825013783258
0.5381232330811372,360.51231656532445,20.187844898877074,65.32699454703015
0.6994736044281957,362.1892797254374,19.690007530416203,64.21185802363343
0.3475142538464926,363.7969953228021,18.917258350567646,64.33891678671347
0.14897904953037333,365.56290982036126,18.783792822844294,63.69285000625592
-0.1353493941276671,369.3240993187394,18.78060954311478,62.78851300168711
-0.3117362615961099,371.1563307619406,17.9065283576644,62.30895516746979
-0.4575431240977146,373.36969191355337,17.150360138392706,61.62461491380475
-0.4411307992126403,374.2235263582149,17.01720106782235,60.07445044893453
-0.07342740090524202,376.88914626382075,16.475911355353098,59.489001596127295
-0.08597849109316691,378.19056528150725,16.170822698345678,59.167828647500585
-0.08569984978583012,378.4728891421902,15.910713771405748,58.643878843476834
0.006390099573998498,379.74754935529467,15.708072142354908,58.61251443571575
0.10831654688333447,381.04347058050644,15.553856282271644,58.71449341549848
0.04365215465168859,381.5363184449519,15.321764465128567,59.074574482948435
0.14009464350092315,382.6671123065345,15.752702593719007,58.71425571882883
0.10871736174335389,382.9525363077993,16.05780509803672,58.13117078028135
0.7124869163407794,384.53526653106866,16.395035871997692,57.76645081416551
0.2040858826404488,385.59264242883035,16.48495889105088,57.8812846662251
0.6484627536248198,385.169399673013,16.60066047706981,57.71350940896941
0.8071841107164435,386.70109982073643,17.144212519108333,57.58948046094993
0.18364296013161763,387.5696601091324,17.758182032077606,57.85900413312039
-0.3882862363154871,388.500531014742,18.370947423606154,57.87037368912678
0.6931910019503498,388.80710271612736,18.573783075782366,57.59294817304243
0.8054813051314369,389.4843251261572,19.150055125784633,57.682589785439795
0.6431334884413573,391.26296323980205,19.930734993974667,58.07112196879457
0.5827132979636147,391.6504931890638,20.959128153651008,57.64228622927341
-0.3762177179755124,394.0419662341916,21.62731681898263,57.93662590561943
0.40379797167237186,393.80007704050746,22.439596316533176,58.18857833032497
-0.0782707719168858,396.73232314023244,22.95353136845664,58.54367298008762
-0.0292037878638034,397.8699470800573,23.499048289747144,58.96329747974101
0.1802769526923491,400.40774100271983,23.839149158431134,59.16752816926687
-0.23091592204187705,402.71128338872245,24.61957410597035,59.454014774062166
-0.058724452044490505,405.7548479532621,25.292616107038505,59.181408865045185
-0.2584277764880447,407.98573858396315,25.92331251520391,59.24050448810347
0.0679355814814464,410.6542785209309,26.4563497543812,59.37462984869562
0.41675296764104175,412.93144565160725,27.011242338209776,59.560670152467374
-0.008142351126370073,413.65535807293327,28.170230789017076,59.44081998690122
-0.5473330349946721,416.97869423840973,28.77732326710715,59.75062958954213
-0.7362772162262594,417.87863360703113,29.68220472544511,59.16437914438302
-0.8718178367335518,421.5053173956121,30.039156791213934,59.51115595351254
-0.12604106133323612,423.6105345280175,30.521118750972384,59.28225831551751
-0.2410626905402573,425.0245643109741,30.915890740303404,59.423998506608186
0.110217912485151,426.70608069971763,31.1932083174786,59.31952638662232
0.47422237197133654,428.7636314129778,31.36815338085944,59.07333455749878
1.0692439088312575,429.92038170261156,31.685400670451365,58.98629491191659
1.9629562363747475,430.6995449569609,32.05161533192322,58.707188388226214
2.6034174032281463,431.0208485954275,32.55106549863604,58.54590059838787
2.3862956404656543,432.1346907353659,32.978385745832995,58.69939588966287
3.2010020895885063,432.45385610325974,33.37076525939149,58.47133462289791
3.906497787793601,432.1079917355075,33.63022979559849,58.64814217004792
5.137800830279559,432.57708575926597,33.576226663583725,58.74306295298293
6.457451793923809,431.9842126461963,33.79772118786383,59.07936413412796
7.108197389221928,430.9923953090624,34.05600546895491,58.953788078796734
7.793720834560705,430.93556951667784,34.07532382123542,59.02440234587258
9.314178597125373,428.97722762845757,34.1785115847566,59.134551355162245
9.867586225486285,426.96293337362323,34.579984234681504,59.28029684725277
10.863653702248463,425.51528648615374,35.349908731306684,59.08297311044251
11.869100983497393,424.21353420267764,35.52107989413536,59.348841445018564
11.403918753318575,422.7949835404925,35.89620080276189,59.49705612693275
13.63815844630414,421.2244580914204,36.23294202073363,60.02986022179331
14.767564302706582,418.8555913005852,36.528566037909215,59.84666246419973
15.378314093757844,417.43876165984136,36.79007221790691,59.971443228536614
16.70731712194897,416.568225609231,37.21909085024536,60.25466761533322
16.666669630792505,415.0215906315439,37.47938668705048,60.583036886350634
18.342454476213035,412.45771812067034,37.99305351697663,60.6628807545334
19.448755983589237,410.0241283002836,38.46340600568797,61.11871539027136
19.40335601916969,408.53619945844184,38.65015159082666,61.25503259238756
20.498407779074043,407.9263987397256,38.82231246577808,61.8633855366255
21.908137525377477,406.0816454641791,39.37136417312239,62.54194533707769
22.702821752861595,404.6477803846154,39.34405786243363,63.35520495711201
24.49709499673712,404.517762414584,39.590835662097135,63.263333912130285
25.48195135099553,405.38341662050277,39.806238767789296,62.97774426555158
25.52489317826357,406.21119482031867,39.7930194784256,62.721538866705615
26.612471031222594,408.03877571475795,40.20872700035179,62.30533734394035
25.74528062026919,411.8286345406791,40.778368928749686,61.525541204701796
26.595812648833807,413.0930247141219,41.398763926567355,61.232821000333246
27.310414867219002,415.46101624469026,42.19229990155539,61.027058447772006
27.614541261004256,418.09734314981336,42.58462504062062,60.7765003177626
29.262670160959257,419.5543007269568,42.92451497821367,60.69686446225813
29.008265115705083,422.03716002616596,43.459735806728254,60.321838860818474
30.2420886546658,423.58145482242736,44.02183144654974,59.86930306887861
30.06387282648919,426.54902293173114,44.52659017039735,60.02908319396004
31.589848963435024,427.643453126524,44.96284285256037,59.88780686122852
31.069064693120353,430.21558766197273,45.27602874615221,59.92955434993185
32.952850756965056,432.02647704451755,45.415543944512606,60.376608935977515
34.27719652940283,433.94234624453134,45.57317092113669,60.407077471832494
34.9947454458329,435.4571274190574,45.71123790894764,60.22277860392053
35.678401444212604,437.8445546180023,45.99056812028759,60.09263617731368
36.22792801573248,439.76494288288234,46.042306860716465,60.30294559649775
39.51444951064391,442.17955354799307,46.026604492841855,59.72261657355776
40.162068475871216,443.7984986586957,46.208001064798125,60.223939103541035
41.543637062153564,446.0245488819476,46.38275275293594,59.85319852031844
43.404307833806016,448.0644020063814,45.9764272408963,59.92549365237127
44.54661216706421,449.73418916890375,46.19467864365481,59.87547988373833
45.778022360246744,452.417605902946,45.954363111492015,59.91997282404014
48.2918077728921,454.5803269214137,45.863254688545055,60.12943669759659
48.604093847964506,457.06389784868117,46.42892888201291,60.14100358711074
51.692621700923716,458.63122549415453,46.17481056928297,60.38216487979737
51.395306054171925,461.046177500051,46.766960622705874,60.26849316780923
54.02671209390256,463.2366856449103,46.67636781967283,60.07479329578463
54.51686118854913,465.89248763013006,47.02051821588995,60.01441002847008
55.98361446507583,467.7039270783315,47.44641980301904,59.88685550531252
56.45074786030666,469.67517506788266,47.692262751860966,60.036557898097406
58.711126043445,472.4083769654585,47.858987312097966,60.206051739359225
59.958381333300174,474.3355326276135,47.68571072019584,60.346004540873295
61.31588828396025,476.54733379750724,48.07526243929805,60.11629086533143
63.22313757699517,478.7677457447376,48.10110828224433,60.2427825493313
64.20709372862714,480.92690517862167,48.4978481358102,60.32587902961616
65.53047836034084,482.2417567929625,48.61112034767885,60.27448176063605
66.73537898371058,484.631759111314,49.013522746645535,60.4343627402355
68.3314712351718,486.5288290349104,49.20339352631587,60.888129577918264
68.97409611131891,488.4556699347155,49.36689939593175,61.151909936511146
70.72246185226733,490.38441804826186,49.73522419035632,60.95204057671272
72.44150855619495,492.3563909278822,50.35284109820543,60.710845977139996
72.76305289748674,494.54769085687,50.69999102255162,60.32683682694335
74.23731119984438,496.71738692015566,50.807616986424605,60.482385934960654
74.92255685738249,498.2996487967547,50.58255921646101,60.45706096182248
77.18392478043015,500.2546075271988,50.70752606430487,60.1540444313389
77.92986845411242,503.0983726102362,51.10379834962314,59.794836675847584
79.19478573174996,506.1323852058903,51.09944430315237,60.18856819077729
80.4076941001607,507.7658279969719,51.70212693118381,60.259100211153076
81.49430886924867,509.97601416393564,51.815157282610514,60.98885910281154
82.11936802909236,511.13974257191995,52.43493752058613,61.18928057129719
83.05194169252738,513.6853423677678,53.21148593155481,61.34819589735669
84.28053300497561,515.4149053212356,53.96377047928104,61.60724611690115
85.27969466173006,516.9497896186879,54.606724240585976,61.710870771508255
85.93477511993717,518.9634956892252,55.39098089619324,61.29179460226601
87.39861725203967,521.0190848803641,55.82563898962374,61.882872899523214
88.53537526935321,522.9043910367722,56.36310041395052,62.29449248978303
91.12684023993916,524.4722160524952,57.378415998138735,62.191390409081606
91.76990100794474,526.2240048589207,58.4237103537749,61.65099906026879
92.68560694872251,528.0362507628104,59.23564668922987,61.284441107546186
93.06456451871321,529.3113317478238,59.59724005411603,61.56842325296721
94.86228197675108,530.8229089947129,59.79343063776562,61.305299982486375
98.21581338734438,533.1623415717663,59.52084037746157,61.43842985782884
99.93519569965062,533.6639406063972,59.874575533504,61.21992646019793
100.92691347205206,536.2706066761268,60.17481089095331,60.95342793127327
102.94913880701448,537.3571829819424,60.12044391548651,60.65813526970783
104.4980980261532,538.6827200187475,60.42258779982564,60.52624864650643
108.17469278412233,540.748017758965,59.28069007389591,60.4075969832101
111.32500797362181,542.4734049410382,58.241853785167976,60.281846270186826
112.43124627199228,544.6494840578673,57.95035764191823,59.80588489779569
114.73830902662803,546.0251019007236,57.22532147857872,60.07764039250309
116.51414276364393,547.6757345509695,56.412934943649105,60.043102777939495
118.5528684036475,550.0066116014652,56.16901003655152,59.582224436072835
119.83560724435027,551.9415414379304,55.94260529787974,59.389553398015074
122.05534703763533,553.1519348529041,56.309423967230025,59.270467875364375
122.6826976376154,555.1190367292675,56.26450012246397,59.199403036745935
125.08053445511999,556.9593076221096,56.58246631899776,58.914969163125306
126.09441542558024,558.733947721281,56.585415552088506,59.10110776132189
127.58760032761614,560.3021573416087,56.75383519580113,58.90868661903981
129.37241380016826,562.1526033451709,56.68043909137988,58.95357174204252
130.6953944277415,564.0481467278902,56.75201881561877,58.76630816157086
132.02629576668556,565.6471130785209,56.856051661336,58.72522269885012
134.3800218314526,566.9428960788164,56.96101322427628,58.56485148051627
136.1450404364635,568.4688778491704,57.15433512222572,58.15325306355674
137.81730090382752,570.3886147179433,57.47744724413829,57.91551420264392
139.23655345585013,571.4774937061795,57.24450959538477,57.949192021001565
140.436184988978,573.2706274638857,57.27042696430969,58.443066526768504
142.5607804965108,574.7844835205016,57.4085774485727,58.19797579720384
144.2114945711265,576.4962086889255,57.607057031351204,58.32267361556824
146.3708778392014,578.2758190223459,58.00978278569826,57.8875636474274
148.3825744134342,579.9180591099613,58.020206928492364,58.20753322118949
150.251092446467,580.8856496419237,58.215978307952895,58.23494320932005
152.1679614186367,582.822540506254,58.940248557583224,57.865059624427836
153.72535227622998,584.6005048025189,59.12619683240216,58.282611256507465
155.46271925550678,585.5255721183594,58.845939001473084,58.82808195052531
157.77903570368844,587.5453730988787,58.96601597067985,59.02239007325743
158.94732095815405,588.6093069378197,59.24217620324946,59.05167194867434
160.95279685345395,591.0429124064057,59.58855568858962,59.38619841537212
161.72425195174583,592.8597633880494,59.819848554063356,59.984796256772114
163.58475962528382,594.3247677389115,59.87909233937261,60.049207845041195
164.83576656426766,596.4073385138081,60.197778391596,60.44548149071303
166.6279166220398,598.2919596861957,60.34682593039436,61.31411184186068
168.97850120629062,600.6694875193068,61.17247312999572,62.185931576181694
169.8514326153025,601.8515812465369,62.37861855934742,61.74735990922768
171.06607257897156,602.5844779109743,63.36030192889959,61.363569696960525
172.7679414384172,603.7170908231354,64.07526280696267,61.383506083102716
173.65919475807152,604.8604121861231,64.5845399773159,61.05018934398956
174.96824499215134,606.624331224971,65.6825103995829,60.85252356663239
176.1182897976605,607.4811385153134,66.87007595137584,60.42529142269994
177.5156961632188,609.2781266267807,67.20756955761586,60.308701674374745
178.74739726257974,610.6319654559072,67.56948378803213,59.530605300644666
181.82486517352163,612.4777724029282,67.003848121788,58.83077097241402
184.5516989802287,613.9398527344099,67.13447148966657,58.47072106537105
185.97239814007054,614.9316836910492,67.38475417355346,58.35458818670696
189.32764746175076,615.5149868904216,66.85492150004163,58.12733263139172
191.63269187946054,615.8885358995727,66.05114403356437,57.91377569642536
193.98041932703052,617.1309922390176,65.65416488076448,57.813070266223384
197.8523718804458,618.410938350073,65.19929986258751,57.991911335738465
200.22371650374333,620.2801470324874,64.90196364715084,57.91845673946433
201.53929340977098,621.3374516081221,64.82280845036047,57.82831791747961
204.1915755881878,623.0254891664616,64.69516879903222,57.36431832036229
205.03525604786927,624.4947455805113,64.00133976243217,57.5780433844139
207.78670059080778,626.1690598305936,64.51277200376462,57.23754758040095
209.83544080769866,628.1055378842909,64.71212413147575,56.73668944206157
211.6495408422176,629.710537186465,64.56179095048418,56.80159294304486
214.04996497846847,630.9459076181723,64.66653607321558,56.00714402222668
216.44383554542787,632.5273185301018,64.77783468462755,55.655232661700936
219.15162532323865,634.0301120946408,64.77766278662935,55.259995187774194
220.15763026722038,634.9356579419839,64.88106179606578,54.95644038121063
222.91522754606316,636.4945019774483,65.14165888343024,55.119103233819914
225.58393310133226,637.6776686269735,65.25781527777488,55.05017327034078
226.74752271007492,638.838591744141,65.55610979800625,54.4811747075145
228.89711962774862,640.6919566296729,65.609012520276,54.1047693478432
231.71362880819925,642.3653499160107,65.78185610929538,54.330913826421806
232.75396453591634,643.1983966605721,66.20617856941911,53.28339763880095
235.72750407280847,644.3485015843105,66.14625026010017,53.51209437511027
237.98253349346624,645.0892178485516,65.94669394792889,53.61881699704159
240.19431372489183,647.2693040195431,66.61597034191975,53.45461519033691
241.36939327014633,649.5117021749039,66.70028691173486,52.60925011778987
243.6162280917094,651.3054133016768,66.59316149620881,51.95640604455713
246.62186019672183,652.0515554841103,66.5054807937218,51.97643015804553
247.84691960725905,653.0452246699223,66.70512579520292,51.73753491310004
251.12952023376192,655.0519013057717,66.33141328502549,51.63677333718681
252.8178757889762,657.293617217635,66.2834034323026,51.63209508020205
255.75460779108593,657.7176440295563,66.3673240144174,51.353189758437765
257.5810673152358,659.5721052390631,66.62327828574347,51.131871480659385
259.7336552578529,659.9676740559732,66.59357885619778,50.89947243612593
262.5379684985881,663.7152061962069,67.23254959228723,49.76814764616785
264.4086935260167,665.2047881256533,67.52127426963835,48.76242610333013
266.53492944442513,666.2873034473162,67.78044584255042,47.7487633627603
268.9756916898135,668.292429896841,67.82625947509514,47.24947271155901
270.7767019395548,670.0464248461803,67.6929777699394,46.757031518934994
273.02448572813176,672.3547260914484,67.93001612692856,45.994457253344066
276.0943471971956,672.5777091786463,67.79010388444902,45.409531239008174
278.73405633226633,673.4996990586548,67.62022273894141,44.8115166021678
280.21196674589925,674.7646650001784,68.0237871636745,44.12098322242396
282.30300962532806,676.4424793982156,68.62725533700683,43.352426321948954
285.762220628156,677.6503190600126,69.96687471318677,42.45725898318003
288.4293540935362,679.1411925764671,70.96905359083709,41.622458380477404
291.56320853594775,680.5903667405496,71.95462343831377,40.38257877560943
292.00833763284913,681.658625670552,72.43388686240047,38.942477889672276
295.07230343460316,682.4177188631355,72.89519008784139,38.387334538582024
297.17178666943204,682.4677900717279,72.3570915476422,37.871868327509176
300.6136911951471,683.6712601446877,72.72682301211165,37.49004462522353
303.1677676313636,684.294997050961,73.23062864340193,36.72140553114293
304.9318266003358,684.7980369870475,74.27549826191505,36.177205448799185
306.1962776191578,685.5051967633243,74.6448913883793,35.69939723400252
310.05398032224593,686.4227573741484,75.48607415511563,34.95370896714264
311.87419639367664,687.3079430097599,76.08509914268635,34.559240229450864
313.81501003530286,688.2346874236425,75.8241037926462,33.70523296048535
316.33392737067925,688.58532404527,75.79296773029188,32.94442330114677
318.0658802502547,689.0211810084683,75.92749284310443,32.34225683721371
322.803937037946,690.036523550115,75.06277605727259,31.95588997691975
323.5525324854646,690.9209014243108,76.42063691814056,30.488283418000336
326.16216048588257,691.0375144029847,75.98472852396357,30.22380712910167
328.9033188082576,691.4873607114057,75.43538335672201,29.98077548628548
331.45094659870927,691.8588316515032,75.13006384149256,30.060124324645816
334.25608992936765,691.8686195980932,74.83789813659662,29.894300597498674
336.64415036193657,691.9187400629609,74.96822229785647,29.37701595204802
339.4595208302373,692.3496509723568,74.39118943773211,29.270386055443744
342.8375755688723,692.5623415872404,73.89835463010938,28.954638703550042
345.26974129722447,692.7864113385292,73.90322960193285,28.104482471856144
347.995924150287,693.2251894066683,73.21651512185144,28.531049975638396
351.33220247112246,693.9026839362612,73.3779247353685,28.43793785717979
353.6974572201948,694.0160322984802,73.01774986246802,28.33285809231336
356.9172077719401,693.7210198960687,72.85403086728425,28.24073420214447
359.76423924617177,694.3108499702812,72.65676786465218,28.168751871064178
362.12799645980056,694.4556322939189,72.58882651555017,28.032276523586585
363.9562502072814,695.0039057387219,72.56072721417671,27.93474353473766
366.96528670803514,687.2408365174937,72.35605781908401,28.122577457540835
369.84138134622106,679.6307975867659,71.54918438057229,28.73941625954817
370.25531512583956,675.6820104613241,70.97855079865312,29.031935178247863
375.127112345661,677.2332666714459,69.50852069769444,29.851531408211756
380.86258225947205,678.5398718046199,65.75298251954734,31.49185164418301
385.1677684735171,678.7938827690728,63.66151191640831,32.455146648909256
389.5895379055955,678.3722403552364,61.61226693271435,33.26209832914561
391.9160620917547,678.6143820895717,59.143100320039316,34.10982000364052
394.54397298813024,682.6832074770143,58.91349169638626,34.27820617791309
394.88674253213094,683.288166603528,58.06035594037989,34.13814659512028
397.72374458836686,684.433927428175,58.48474669866603,33.56428942603566
400.5436753518257,685.1254942326692,58.163029970027196,33.319720761314535
402.8747920113548,685.8160778822837,57.96230444821012,33.28249658113467
405.436742618861,686.4856224626,57.16490221848835,32.91611200986911
408.8461474553582,686.1836057434973,56.933405720695255,32.75389567218781
410.3997502551488,687.1779423358387,56.48767506427518,32.289907631929445
412.11447082557567,687.9753989169044,56.59119243095928,32.00959159961974
413.71663709044094,688.5662358321376,56.109657771864676,31.598621859748594
416.55858624730695,688.8157174967932,55.07519783932774,31.140196189516235
419.0933066895759,689.7014009933207,54.348722080827386,30.65234763003227
422.1813603914268,690.0628402511117,53.209225280458185,30.091798296479073
425.1646388106642,690.0822310577786,52.83311586782565,29.528129002137895
427.40364470889244,691.3389335114656,51.388540131320944,29.235797483817144
430.2595803615724,693.0963437157678,52.13001364789102,28.249835260027126
431.3016017832729,693.2500014301615,51.549600846566136,27.325049686014154
433.48672674923563,694.0349793957982,49.96220618693368,26.59273827216252
435.811982834441,694.7975172745373,49.59578882700882,25.637790717122787
438.3194455266247,695.3371996582744,50.00780865214461,24.863734202221657
440.0338391286303,696.2735660388533,49.5131237449626,24.478451802315405
443.3628164436701,696.5497084329945,48.86693507176169,23.810089091748623
446.1317100944732,697.7195310768757,48.46290345405447,23.123323757370517
447.4270939895493,698.5160656486693,48.58724620429223,22.563748490240684
450.48997190322666,699.0940449404031,47.041607602584435,22.362303337368214
454.1559830249969,699.8688750013614,46.03179996246807,21.716491386685995
456.0399370114279,699.727838852226,45.135617310422035,21.48893771363946
461.1895943634644,700.37562757281,44.31655105758209,21.53634769064614
462.4539652431669,701.0871894355362,43.72029392494702,21.005138511683498
463.9485849691434,700.8765675534921,43.301134753298065,20.81354543800296
466.81055174492315,700.9666952681423,42.85068352443134,20.36084680358452
472.0411218335708,700.3792076143474,42.05531483151109,20.311396080061815
473.3999060036155,700.2699396805906,41.12879537581341,20.31997518240044
476.7505069162648,700.4258508524035,39.949681124519984,20.394019957610098
477.01303985110235,700.3505797168303,38.369920006241,20.57788543103851
481.94133613999605,700.3865854870987,37.81960947191065,20.427314015013618
486.59932757821946,699.9535431699406,37.04423500153074,20.624446482295504
489.14462722692264,699.4600156251831,36.552310478294274,21.173852083361552
491.8054177489102,699.6724474154145,36.31399664623323,21.219815784373775
492.93148480262937,700.2333667582434,35.91695887897441,21.174339946997975
497.40725673895884,700.3519266136605,35.3305120522139,21.207533826928753
499.43248745650266,700.2252341170878,34.81345759001138,21.03506711738389
502.024485439235,700.2406993062818,34.10013232461995,20.92549208335098
503.26649760986595,700.7846796212115,33.44524471259838,20.789753145100143
506.75841898628016,700.9362355472075,32.697513600700184,20.358123322665264
506.68897140506937,700.6670289400499,32.66796708006784,20.273838885594085
508.51642446521305,702.5395090763685,32.73515144249218,20.11363760992051
510.24271144823194,702.229870631049,32.95786496157716,19.917051725710497
510.1013669102481,701.8952251006056,33.021686854813154,19.741215859698432
511.0849300120602,702.6890596703937,33.969228495961225,19.112026959036797
509.53342315198887,702.3879550519143,33.986918167108,19.070040758564126
509.4689373952973,702.4336975683899,33.96033160100999,19.046986447372742
512.2848916218867,703.1064505986843,34.0100318247417,19.002146480610286
521.1331688232052,703.4380852762517,34.22125711570814,18.676144434902575
524.6479191871957,703.7275375160926,34.3656078777478,18.37661345199176
526.8860982361839,704.1928376929644,34.34652135569928,18.29213792610991
528.030954703596,704.5009643316561,34.35794729874378,18.25146214620886
528.4025434237053,704.8548502772753,34.38970677296912,18.205035260005907
532.3603292474759,705.3578063741235,34.474751199036255,18.097797017935463
535.2892576782659,705.3294552611466,34.4789372413564,18.028953414354696
538.1678068693577,705.3176373494799,34.5072363887748,17.94632261991306
538.0712254495809,705.2134338453939,34.5480842524707,17.890850537537563
539.9489676065422,705.1627242546945,34.57946445766746,17.848807820966986
540.1721773775819,705.2031289813233,34.6237276367261,17.792589077887335
540.388544888041,705.1379295623481,34.65670420943562,17.768272735440867
540.6346403897894,705.1785263293203,34.66910562460949,17.75766687378945
541.5486689131114,705.1242183527528,34.67831883782268,17.74703773733395
542.0006519682491,705.7439039816392,34.68480086149262,17.735735069725557
541.6877111661863,705.7788837631489,34.68636648852182,17.731020129234665
542.4197973131245,705.9479823461362,34.69106447681872,17.725827795527668
541.2203695810167,706.1749430575599,34.69578446587553,17.71854334749191
540.267437069141,706.098193271987,34.69889983199592,17.713082904055973
541.2147114671975,706.373080865756,34.701984826852815,17.707488348155426
543.1918545439847,706.1734422353644,34.70342815783656,17.702999364288935
543.6437395546563,706.1504014769874,34.70540227187314,17.697573188258758
542.7322671137315,706.6831225551372,34.71555091863829,17.684663585631956
543.3193131387203,706.6806938777493,34.718088531174274,17.67880269069195
543.306655191513,706.7061983359449,34.7234225383975,17.66858788981427
542.6462601286433,706.8425360150443,34.72976609564757,17.659495327473824
540.810662667197,707.1257939534456,34.73652849290559,17.6512458519622
539.8785624350863,707.4280839375699,34.74125549025366,17.645899272614308
540.1399491363413,707.3574270868437,34.74591703285033,17.640574878687822
539.1992704673922,707.6075815079628,34.75366661604106,17.633315658031822
539.2099300459157,707.9281077657513,34.75852101894285,17.628219072210822
538.8809558084466,708.2811119359197,34.76534269191349,17.621390023599083
539.191718621277,708.4390374019979,34.76820123106281,17.61741124591708
539.9822168866125,708.4624884997329,34.772628765981906,17.612601541388276
539.0108517185696,707.437033619884,34.77356113034215,17.60951426129118
538.166389112929,706.9521796311312,34.77404780688675,17.60511759592884
538.4337758259768,707.4108910869555,34.77792030392883,17.599849179996117
538.1589427983279,706.981820119501,34.77816546603434,17.596188119700326
538.8189524946686,707.5317325334537,34.78432450486381,17.589213619286664
538.4793810592334,707.0856196852177,34.78475965688502,17.585234426937998
538.9138125607724,707.5444260846889,34.793650626814326,17.575778976628563
538.5557060340631,706.9091893677853,34.79412079416644,17.572792856717008
538.4131082461871,706.4419523547905,34.79722445431087,17.566795471955402
538.6145328422336,705.7319670109744,34.79878365750824,17.561848819309045
538.7341403788074,705.2728514667026,34.801583141483874,17.553967852073992
538.7272095887218,704.7575787093976,34.803413454257885,17.548193395599323
539.1615980334761,704.2790284997448,34.80834832956186,17.536233632333754
538.9589531775572,703.7060483423159,34.81191832222821,17.528783989305722
539.1643649013594,703.390707682483,34.82328378248549,17.514162774868147
540.0235358875246,702.8587573729612,34.82927318909183,17.496655966123775
539.5661126304552,702.8340918243994,34.83465355580777,17.481457666654013
539.7451015393852,702.8397139723219,34.85615058645663,17.455959693939985
540.1257362854091,702.5087109973974,34.8655553230771,17.445173983956924
540.6984055293841,702.0538767073243,34.873141491995064,17.436529597279648
540.0625397991686,702.0268335842246,34.885188747370904,17.419959372524474
539.2926055265721,702.1566023697332,34.891216397864866,17.40511719673883
539.5039686209176,702.4324828089663,34.89852863151995,17.389384643830144
539.1880124026219,699.7704539645362,34.866691313682395,17.37945509666743
540.3652803615091,700.3713658732133,34.833790165347594,17.375589987122485
541.1054902622262,697.4769354161552,34.76843219538769,17.405498760430703
540.3312546650229,697.6457066923654,34.744396604401594,17.409386216421815
538.4653552836766,696.6999136406416,34.6137638409103,17.529031015662454
537.6815216795811,696.789659243282,34.55398070215428,17.52940914925171
537.4888962219674,697.2227063698023,34.517370505264104,17.523690121755116
537.9537417113553,697.3774116446448,34.493406078497884,17.51643596082986
538.6058219673944,697.6210893032296,34.46675549416943,17.511006190783103
539.1283024870257,698.0167733058832,34.44298199877563,17.49809350249621
540.5572911112884,698.1087721606785,34.43105954265449,17.478012544648028
540.9469902505177,698.3649325980139,34.41176258255518,17.470455094373857
542.2548507647632,698.481943517417,34.387458866686224,17.46200688470848
542.2671058116719,698.674312272095,34.37023093681694,17.453017801074644
542.0002211593878,698.9610519061837,34.355190772638736,17.437402662440515
541.945980078748,699.464983614456,34.33503430877348,17.42287079744769
542.2237517615662,699.5338144644776,34.31350051898092,17.418216757912656
542.3243055326543,699.5956549786039,34.30620475105836,17.409471857918746
542.7945049165853,699.7777727565602,34.2798937555659,17.405715835678354
544.1515330393457,699.8100571049005,34.26775372784894,17.396090596243766
544.8425281467096,699.9961238743587,34.24520097878903,17.37717868241694
545.5005236115154,699.9199618178369,34.220546704794,17.370976494076487
544.7644762697795,699.930707849628,34.1662747968124,17.38714888864995
545.1459396201294,700.2448698686447,34.121945150594115,17.388898397979798
545.2182352114909,700.4275874420462,34.05768515929166,17.394477428976302
545.5897402054571,700.8560096723213,34.02907301901158,17.386862721443254
544.8637955496665,701.2451732436092,34.00506835628863,17.38075374664928
544.3665494189481,701.5049628769335,33.99189999036021,17.37452651647678
544.0021057761419,701.7428426672136,33.95486037844698,17.366700799318185
542.4406966699867,701.871443273861,33.939954429609315,17.36077339688687
542.1417427392266,701.9137738132025,33.93055098274533,17.351922348306505
541.8018313521023,702.001392571917,33.90666510831239,17.34770363995773
541.6734524477805,702.0033439405839,33.887032215423766,17.34501838639938
541.3476382030714,702.0029538745774,33.86441922163038,17.33735481081233
540.8388355289754,701.7417102981412,33.85988323242765,17.32358356419813
539.8635280991898,702.0570399021111,33.82952365619255,17.321491515434232
539.1154143685228,702.1580854269203,33.80800586110254,17.308000737756256
538.7726942748983,702.028596970138,33.78860622272142,17.302830190860014
538.2461580750695,701.7980941228045,33.78289783300385,17.29694715976943
537.597594807202,702.01081807619,33.760451204752535,17.29740710326385
536.9049272964262,702.1469395200276,33.73286217501944,17.294606922888935
535.6109089879341,702.1505007739811,33.71005513355635,17.291183099955653
534.1530369591839,702.1713061023926,33.68684436088719,17.291538780843304
532.5411193072329,702.1711870922561,33.66408356684289,17.291497307253426
530.7289871468898,702.2863405837356,33.64138715220784,17.296851249801897
527.8089554355595,702.3495822512813,33.5906806163726,17.3179484042269
525.9026542526484,702.6480496827778,33.55310235627914,17.332327897560774
524.6174212282289,702.907912702052,33.50635444065595,17.34669714633534
524.1505354111584,702.8563820177782,33.49456359291666,17.34290161740978
523.132708171671,702.5900938517416,33.477718777610505,17.339493016106566
522.6563763561034,702.8752412204932,33.45482877696332,17.342547694859288
522.6233256645623,702.64964500325,33.4422865102288,17.33708257066602
523.4109608870474,702.7061378104629,33.41993950619181,17.340652267026048
524.2179621720243,702.7631660257657,33.392973188259965,17.348364258845262
523.7390233292779,702.8288206111541,33.351001911922495,17.361940732385087
522.8233580620101,702.6120677687446,33.32802157628741,17.360094330183237
522.7132601236475,703.0391786249023,33.30933416629812,17.363550256398554
522.4820367086837,703.0429306051327,33.28974979986983,17.366422283676265
521.7022420614136,703.2980579461575,33.276691761264956,17.36442630199734
521.5616336464994,703.7147095500909,33.26204305535725,17.360991828013432
521.3339936101621,703.6596214014238,33.24811205630217,17.35337559349981
520.9266704398689,703.7036085318198,33.240355383182546,17.343162915738038
521.0115773061952,703.7895259154865,33.22752244817821,17.33715709165727
520.3680221998608,703.4906657616176,33.218388754826115,17.328310374210353
519.7656559345824,703.4869384502354,33.209873270932896,17.318214290111413
519.6622648593583,703.3952972395712,33.20174080145835,17.30726347274272
519.8167699749127,703.3021451904264,33.19016946009139,17.298700168717254
520.4954817869642,703.6979761392143,33.17532567760203,17.291365003299827
520.4083104889097,703.6399830755181,33.165860021495746,17.28345544829783
520.1943929465641,703.5644310847728,33.15487632361907,17.27737491836545
520.8000711469336,703.4637484627782,33.14694842973112,17.270174331170278
520.4264169886162,703.3060326631562,33.1376594658637,17.2668125441933
520.5443120850612,703.6215943007223,33.122887140300364,17.2600206837605
519.9858578798714,703.4428495070496,33.115189179754026,17.254099351201354
520.6509296684319,703.3489443287773,33.106459477259165,17.245395324787584
522.166384887414,703.6112159801055,33.09130183165351,17.23934501882384
522.4238465845958,703.5114083103143,33.07382652402833,17.232173278833535
522.76045043435,703.2274566347214,33.05422362998947,17.22594067087083
523.2155938819091,701.5042355863461,32.96305052586045,17.295876915875873
523.3779870654968,699.6514839735462,32.89700652094567,17.355587895610878
524.2286559066216,698.1296859776005,32.8149969799086,17.428780454656238
525.5559882815575,697.1070167969441,32.74359443516084,17.484585987637907
528.8651725448365,695.557788480386,32.51838625177281,17.665743826961517
528.6936943691918,693.7289896554428,32.36507525453436,17.781696426799098
529.0996289189444,692.4101306252993,32.21287424298835,17.88990828057345
528.6568579839713,690.9309757127058,32.1178358426441,17.965355061021572
528.7898289413936,689.6065658624949,31.98921162997374,18.069502033858658
529.1778387194294,689.0408667100427,31.857033698162248,18.173882030123558
528.5136672039453,688.7449875939174,31.754644002079644,18.247111145266885
529.0459957721948,688.1452143480611,31.67950747495938,18.298701980927625
531.7344095839843,687.6984127337439,31.408695533600945,18.491435232088026
531.1878151175274,686.9482137987814,31.22178519378667,18.628595363403743
530.2102263643663,686.902857281498,31.102394905308902,18.713717106036253
529.6947734731873,687.5654035244195,30.9087076443397,18.836195540183695
529.5763132131831,687.7664193787909,30.844389895734295,18.880530886618484
529.956607385146,687.7994938516646,30.77571855400959,18.924534274846177
530.0979432314211,687.8982252366711,30.718539443184408,18.961725290657704
529.7567758681214,688.006645125875,30.648470374064754,19.00642330254835
530.5426972444557,687.8537602709581,30.575711736424655,19.054519212390748
529.8186756621112,687.4216503710537,30.52672714632982,19.091041794735055
530.5315483460821,686.9078626209094,30.44955605912699,19.146387993094056
529.472474762858,687.3933382997502,30.39795253511499,19.18275942365107
529.985983375479,687.3286343622598,30.344158400044783,19.2202453507355
530.7909792522719,687.2974357970617,30.28272380874393,19.26006011406917
529.8837029204271,687.8444685597835,30.18343558250256,19.321010653269298
529.5810212003936,687.5392359523614,30.064547394647594,19.405432751067146
529.4310927336477,687.9064716896588,30.011917032273352,19.43990989106961
530.1407194069571,687.9980256122047,29.95296148476496,19.47975959745707
530.3442910427891,688.0632606672934,29.895175639267453,19.51900316325555
529.8768822097718,688.1275275757766,29.838686940765797,19.55794062102276
530.2143211094162,688.3700382351549,29.75844939645138,19.611406021397734
529.8905909911866,688.7782092199811,29.699248766173298,19.64910842954891
528.8241781055594,688.4531376391215,29.643646373899276,19.68841311842523
529.8324965911811,687.8860716892375,29.57462288036283,19.733673658367977
529.5166124182393,688.1022687865953,29.517100047066098,19.769829281452683
529.2393851940443,688.4557878639711,29.44427241242167,19.818806069824234
530.261083776071,688.9763734386677,29.351824917252614,19.883150638891063
530.2081734092276,689.2763992936776,29.292557444409688,19.922545962276544
529.9876393610466,688.7788249154669,29.236075410881398,19.95905152068473
530.2994391227504,689.089481091564,29.16279979103426,19.999939977015337
530.2110461944393,688.9625870428479,29.09083330698227,20.039827433840962
530.7246305750404,689.296420317833,28.997524549728247,20.101429732766615
530.4880157688704,689.0228374080648,28.91588933825016,20.166397909976638
532.0016657298871,688.5625978099657,28.85836127824653,20.21219020937388
531.1870642313488,688.8569262284875,28.774236986695474,20.28098226015522
531.2921062059396,688.680491865473,28.689413763131405,20.34346430939614
531.4649926508084,688.7694106379121,28.6072832738969,20.401089892011566
531.4671612611303,689.2860855231968,28.522739845322064,20.463162031728192
532.2186282393964,689.0561437311181,28.473717789310328,20.496152351830293
531.7498029298858,688.525561277143,28.434487261900326,20.523997428886073
531.2357485238728,688.8674527038594,28.388268962682286,20.559663976355026
531.2029844584887,688.8475825525076,28.330028056025004,20.598927261107583
530.930576112203,688.3956409820325,28.261451620678134,20.651423914573613
531.1990008496068,688.1324731004928,28.1900728771288,20.704349488501315
531.1299400781029,688.1365377901444,28.124972651995886,20.744296772364354
532.2376674266702,687.8366571448414,28.082191895519767,20.779030170380757
532.6296235168537,687.550042262209,28.029947233768507,20.81864023378335
532.6577559038888,687.5818739775614,27.966491960243815,20.86803876759048
532.0556388782236,687.3404543405283,27.91736180621361,20.90312258568585
532.7288561300854,686.8399233556515,27.870304267059023,20.941515421299407
532.5959127747036,686.519826009897,27.77050047827847,21.04106695723355
533.0721358503743,686.0601126245901,27.713676937983198,21.087437494918113
533.1310508198418,686.6337964150728,27.626262139140483,21.156285762875484
532.4586406794234,683.4913035541891,27.4424830385304,21.341176689415754
533.2182177389294,683.0589624789544,27.303127093422674,21.458238793746503
533.4107962190626,682.5150072909473,27.166261089176828,21.57405475314221
533.601746976484,682.6039393706388,27.000798404232796,21.707057724515554
533.0277687486952,682.6262071867167,26.87770249927565,21.788142710822452
533.2436762028469,682.4476866313527,26.78648173364761,21.855168779722252
532.2259575250282,682.3110223523407,26.659318333593546,21.94524418358771
532.2308720297038,682.2518546523318,26.500387604982112,22.049629792636015
533.9786960502348,682.2835591760904,26.36897782609672,22.14714242306587
532.9298959470475,682.1007264511268,26.257647778488636,22.212381330234262
532.6706607843593,682.0717265095125,26.20052498996608,22.244162527209845
532.2585520374795,681.8261879697055,26.12369137965668,22.292761575903906
530.8151087966423,681.4200294010927,26.048901978991562,22.321792141626652
530.3024921213537,680.522783303722,25.959491994226518,22.337894524852413
532.5355861282221,683.1884026804129,25.856800284047946,22.39297493193195
530.7082707858335,682.7981614009182,25.795554866377756,22.428535151005324
530.6798427799569,682.3641042125168,25.74173783797942,22.457765591402747
529.7997791755364,682.0300955668356,25.700033682188607,22.48083255250785
528.6370268265788,681.6111173904015,25.667257244544736,22.488676269286533
528.1711086497014,681.1815981127204,25.637932640486305,22.495145661803207
528.1493685918055,681.8396789206366,25.605545550419855,22.504372000682736
526.6514144219655,682.1019386630495,25.573901047005982,22.512534338633646
527.0860222494646,681.9992583040507,25.52317118845948,22.530280869033138
526.6376838906924,681.9356043528296,25.467419743905804,22.555803737533964
526.9064190381405,681.84955471547,25.38850669712529,22.5875011422409
526.3865160244286,681.7589294370238,25.336127346474292,22.604522321029187
525.9476451438595,682.1038365967635,25.281600607284464,22.626945776875488
526.0739571845936,682.393780171192,25.22429701283853,22.653375432904316
526.1109482898116,682.5982387722538,25.162865104252422,22.683145346688413
526.8628138205681,683.0362836641299,25.107279909133414,22.697844416104672
527.2461544355658,682.7221254776389,25.070515490127484,22.694515586450166
526.8514853545098,682.7335023825984,25.02858164620464,22.703100121790335
527.8036060113495,682.6598692675738,24.98939160205644,22.713132885929834
528.6729602243553,682.6758923842646,24.941784011845108,22.725299764991824
529.168259344326,683.0826648381474,24.897210905036587,22.737473200484096
528.5576655878807,683.392455150796,24.86337672660492,22.741284143847633
528.6813224328126,683.2561816398958,24.82581713122254,22.747884121752264
528.3553674610841,683.0697254899917,24.791609306391855,22.75788767078792
527.8994777627887,683.882109136303,24.770429682844856,22.765628298430542
528.0280775914273,683.9037539802243,24.733262866535,22.769616429953153
527.4061697715676,684.7109512915216,24.703495928548705,22.785668599007444
526.219674556517,685.268811779244,24.67800141335274,22.799834131550828
525.7881138885876,685.0982913136313,24.65114016807305,22.809242418837947
525.5323437958559,684.6866355685493,24.62290456475231,22.81112072247102
525.3521267626336,684.8003848856786,24.60239026646238,22.807631140131342
524.8220218458277,685.4309835413515,24.58496445420778,22.805699013188125
524.4617909385238,685.4011481760955,24.54822829270335,22.81492533444891
524.5564136850111,685.2393794638908,24.52434485979873,22.81471145828488
524.9119964232576,685.1464682044965,24.473562369374278,22.8212880580844
525.8987303994121,684.9115581060736,24.428234461277786,22.80312043859641
525.4963521927175,684.2185858280616,24.449184967894325,22.75225414352335
526.1003652098171,683.2440160333937,24.463932485635965,22.680359492136304
524.570703443752,682.8586702339965,24.49153013428244,22.62865087864283
523.1498987183622,682.2592277192703,24.521309779687734,22.570566694609596
521.5490328318831,682.0921922473925,24.600132245166083,22.458871547018386
520.034649642866,681.6578868199445,24.670458080979117,22.351626753396904
518.6273356815416,681.0267645527003,24.761625806179296,22.241475295605973
517.0803137896214,680.7661705098486,24.847346635841745,22.14104528924932
516.4192117384771,680.2693758245952,24.9410433385715,22.039675758351017
515.601982951792,668.3613651092936,26.413827336301946,21.11100724754782
516.8385575044962,668.2788929431968,26.7450860659004,20.858070806197162
520.4806360161917,665.7505498785579,26.62448514144716,20.98939530217424
517.7597037107389,668.9507675495223,26.793968446658344,20.848775176309776
518.2455834218999,669.3919897471164,27.113319063093627,20.62262339844245
517.5981252335588,669.1520012943479,27.289473304270103,20.504241076799186
515.9201070396826,669.2967568666309,28.03045889932834,19.994157564922705
517.6922952850546,669.6510217027129,28.309326265014448,19.775119266059193
518.1526886114095,670.026727583661,28.620224058639383,19.564793641457783
519.242127319521,670.40538515874,28.845715996664566,19.408809725277873
520.2567625606349,670.2528763020281,28.893348619218933,19.37164569651044
518.0816200382868,670.8754802134853,29.08616439130153,19.21037587618244
518.64587741975,671.1352858364506,29.186516324732825,19.158484602385396
517.2985674205792,671.1106956960986,29.277454997161968,19.13232393409071
517.4024471290626,671.4286547854457,29.463458973358872,19.040377293940114
517.5541476451332,671.6442986310126,29.50918964459441,19.006584336139817
516.032848348966,672.0611681015902,29.74463739616957,18.942262740508596
515.0735421924005,671.9865939827928,30.12754783838227,18.747411413455687
516.2473654297145,671.9677939923546,30.278377630615356,18.64944796116178
517.0592942449773,672.3099264789159,30.38036271439937,18.616023091665255
515.7203939345344,672.1808980782043,30.477135112247378,18.580354581332294
517.3576503606055,672.3496049261018,30.512325848591075,18.551715416424834
518.2635259093125,672.4672133206641,30.49319183377262,18.52676162623913
515.8175141475662,672.6401866356081,30.581023767909922,18.468490615476487
516.6149972966839,672.8844016966815,30.624000260659628,18.42103681502681
516.960602021869,672.6331864723763,30.694785589399412,18.384910866676016
517.4810249159398,673.0906022619314,30.767304259341948,18.324885770357636
516.6955142129635,673.1806895194682,30.815857098399967,18.296012251826166
515.823255511521,673.040825716544,30.940015914973642,18.30402558755971
516.5224775884632,673.3394097071998,31.00335230918492,18.317161485032074
516.3295648897055,673.3605195604454,31.097087380152754,18.33296762666149
516.7636986546395,673.4101227600031,31.175490859348464,18.299099444267963
516.5059745771123,673.4541843753237,31.241000031677718,18.271885984055903
516.9617284678275,673.3895669590463,31.2870291860537,18.24711622788746
515.803152667613,673.6237543026986,31.520418617598462,18.1701397916397
514.5209754467105,673.5841363687761,31.7497258143777,18.11641480352385
518.183439192772,674.0711693683862,31.8971231704298,18.09424785596988
516.1763260058475,674.2737869619025,31.957759866468066,18.099707029670274
518.9336311066251,674.4479553780076,31.93024502090049,18.136659866496924
516.7592048429804,674.9714008828353,32.02281188077035,18.130543559867355
515.7017484623691,674.6613821237844,32.14900970859747,18.114203981792997
516.2044279079744,674.85150817187,32.186686443798315,18.096258182447063
517.5482327584737,674.8090007846248,32.16410126176645,18.106592196434708
517.1865821609773,674.8747132916221,32.180547994135594,18.112090197557848
515.6782556970862,674.9363237362951,32.17074265852061,18.10702979443322
516.0916668344047,674.8083520641324,32.2723775248062,18.081500247189457
516.1911237353014,674.7783900084778,32.372306302139165,18.044577226650176
516.5774374054674,674.6699571590295,32.419809250407866,18.02212443551844
515.3927905928709,674.6682451616094,32.41631540001505,18.021746673354496
515.1474569031777,674.60790423555,32.456658422845564,17.99945015528374
515.8200817407361,674.6018770613392,32.44562987237781,17.989328670122443
515.7791040509003,674.4556244183547,32.4447174285083,17.993569025843325
516.1440303551349,674.3715321593886,32.42150637487156,17.996803277294816
515.1257464941806,674.5893444487558,32.557951454263154,17.95340819599314
514.1810438749548,674.8913155302974,32.6058593906593,17.9573520492788
514.5607389382977,675.1273767019077,32.72002313608196,17.91466543603875
514.4731131855361,675.370348560905,32.77505298206385,17.886116347761025
515.640120133497,675.6909564629005,32.79795956687037,17.892328639110808
515.0900418176502,675.6954701181467,32.93507823088214,17.87014428221847
515.7170824030247,676.289318182767,32.95306460697738,17.87357068486859
514.8416215159972,676.5507091627392,33.020063136556324,17.878069651628714
516.4495623715185,676.7295201884295,32.954533426703854,17.94549467003585
516.4958899348813,676.8758073417771,32.94003679033795,17.992507157717277
518.9900620119495,677.4285516072081,32.67011695642263,18.144354051278484
517.5493226830184,677.5336581326343,32.69534032139229,18.147497435725022
517.5260215931258,677.7573198651959,32.6347772763272,18.191886004350465
516.2513598167833,678.3587593796673,32.70728965843422,18.175643542523474
517.6800496663799,679.1447065431659,32.71365254919175,18.18650609247166
514.9464620839282,679.8205186661891,32.909076310286544,18.035907928464173
516.3531152383875,679.9623632387045,33.04192841048639,17.975503787929956
517.2675394021032,680.2384042084666,33.07312027089065,18.087530780424082
517.8152438457688,680.6222207839317,33.27296513722166,18.11293862032325
516.7841044174353,681.0072369107078,33.4132547913894,18.108258377498043
517.6664852245125,681.3640899358248,33.44173682385669,18.10643164025595
516.2849696543442,681.7054662568933,33.53982140810183,18.068765584594505
516.9343484592767,682.4608462049579,33.641380871105156,18.018159268177133
515.2632491481418,683.0402077804716,33.68797836384336,17.969377003647207
516.3630160175231,683.3247648227473,33.681308327854566,18.00725772681602
517.8345956275473,683.7483083009953,33.54599446188658,18.08967576089769
516.0237051795369,683.6666861542565,33.364057506268395,18.136853300511078
517.9171570706043,684.0120234996073,33.28337458938327,18.096912676772785
519.2951314815169,684.1076264487979,33.147762776988074,18.120604247077523
517.3256474136938,684.476054726174,33.13761206001898,18.10590481302995
518.1738718067569,684.70129721668,33.083152266583824,18.119686877277395
517.1551246875008,685.0801737407452,33.117107181289185,18.160069586593462
519.4129208251719,685.236682758897,33.04913863565271,18.191397209307375
518.5806365135326,685.6382918409719,33.01491706632728,18.20821265502477
519.5882648458296,686.5271236717523,32.91138282337949,18.24806472432173
518.6546617723303,687.2087876120055,32.88575883693987,18.255440779438533
519.361721005283,687.2992171206259,32.890301488588264,18.25596315169617
517.5820225842875,687.6350506666851,32.954002501187674,18.29269177910627
517.4002486315062,688.0247855794601,32.95932220011578,18.306249592945164
518.2533338343624,688.3699337213689,33.073149581879186,18.330283922740865
519.7135756051863,688.6675044176798,32.986897416879245,18.426384152090066
518.4482915593559,688.8386580064074,32.98276749904905,18.433961961512345
519.1260796852138,688.7193839873231,33.036043943752,18.45472768108878
518.9095959580047,689.5410918942395,33.05417260727653,18.444514539260787
520.9483671633712,690.0686546577379,32.93102811333737,18.47913894455315
520.1755604197468,690.110353594698,32.66814226434347,18.608623038058102
518.7163336657069,690.6172897738069,32.744718788780894,18.564380205978672
519.7994055765683,691.4820014008385,32.713838886888134,18.577465840160034
517.2764314653974,691.7581410766727,32.90841057572169,18.61489392266901
519.1548920792841,691.5522873814999,32.94970712138581,18.68592792596404
519.2382296629902,691.9522778953924,32.91218687455164,18.68589821310518
519.9244453866928,692.6471779459137,32.80435856511637,18.677606700853516
518.2490542003195,695.5946753978459,32.96331459432662,18.59168762935612
519.3310876595656,693.0695499842334,32.878830605445714,18.517263182685728
