246.5,278.5,131.0,59.0
244.6358632264887,277.6460417877327,131.2062665584972,58.1999210574844
245.07421906921155,277.3613867974535,130.38511862093435,57.77359970087696
243.95019703609776,277.398020244223,130.45250744614935,57.90708552483294
243.35938027353933,277.36569923787533,130.50071025189058,57.949460033864455
241.0718498690258,277.0903781089163,131.2696728381851,58.516017994810966
240.52023195680746,277.00256395324703,130.7799926508115,58.24297490560241
239.73970451442892,276.78365287213006,130.46261526170383,58.26710903401714
239.115102890191,277.6129011231773,129.86877399075524,57.972224349282556
237.18623922973023,277.38754359867994,130.29742583216932,58.305753924835244
235.66895583653377,277.33390429801983,130.07751273346094,58.53447870351887
234.70173491150013,277.40012989840136,130.28277019441387,58.4921948240206
233.76806326412392,278.03205062689244,130.13875999642943,58.19452659864005
232.56828449579712,278.3877717185081,129.87513408238416,58.14667633673828
231.34411664883237,278.6422635970278,130.3765862170867,58.400341042948064
229.97930736684066,278.85481430761286,130.7448699803499,58.34681289114521
230.1162396140711,278.83956803183025,130.5140834837523,58.312550680954956
229.3897095565385,279.74315861649353,130.29868215682382,58.0626115474942
229.72040048218736,279.31977167771424,130.51958041683895,58.38425086160669
230.79858744144727,279.19642258955486,130.61464630811832,58.667730136619035
229.8279129803626,279.2569273428107,130.6699295087758,58.9325297536235
229.94301156595364,279.97326494189065,130.99608811199636,58.79753099951725
231.8810706490815,280.09918154996393,130.56778107244963,58.960865562101006
231.92070690363565,280.92902358003704,130.3198563268797,58.74698919734361
233.29862977892714,280.91199284570484,130.27457900433626,58.97105017188554
235.68461742714118,281.1918176057479,131.01235455095625,59.20376733528259
236.47986465463623,280.8910909912048,130.26769125174314,59.59581110394335
236.8078311751431,281.2691053223855,130.62332175023442,59.8785314211504
238.90175161685409,281.2486335573587,130.40010241069672,59.98134188654657
241.4596683553095,282.0011495941213,129.60816534186694,60.24677399492141
244.84035872646345,283.04419960665695,129.24861956431124,60.51998173581083
246.18858987321994,283.50587265540406,129.6997505306097,60.35059338672964
247.41190125831386,283.06853925512206,130.0168568558808,60.72799127211724
251.251929019695,284.6784671214067,129.20815352885828,61.29346225883211
252.33455922383823,284.9238727245462,129.24648637466117,60.84856249876685
255.15853194418077,285.95117312480437,128.8675357421731,61.413743907646804
257.9623277735984,286.0028897035013,128.86727011406896,61.51052999401779
260.4004529817044,286.2584272606493,129.11157223768248,62.00524785514752
263.95107885045906,287.39162610857704,128.2982295310875,62.33251933539375
265.4174228819949,288.34575167144726,128.72898078953372,62.26968988152068
268.3315635287055,290.26710732990324,129.07916343196462,62.32280323540037
270.03238876063097,291.8443621456543,129.32737239651937,62.1183663692485
271.61105318415514,293.5243203763538,129.6541307782461,62.51093279893237
273.3258398269788,294.8513438195467,129.0160649751275,62.36580944312517
274.68803985286615,296.352151955228,128.7670353304573,62.280664414667186
276.1129699699476,298.8186146222542,128.9712291181297,62.55098853511308
278.68044064049155,301.0882209527774,128.5266120835298,62.44762887852215
281.8306049179698,302.121660425759,128.69806668973663,62.38700365188893
282.20855098178754,303.75831353476093,129.1120983444498,62.74005188983291
283.62426888823137,305.028034430086,130.26675223798304,63.524098573074944
287.4062872887889,307.7769119098122,130.62265590851706,63.919327527044175
288.5817221649045,310.01502104131566,131.23762387334222,63.55991004910202
291.66536932019125,311.06265385861246,132.1389421382997,64.25840709837682
294.48954461057883,313.108863006898,132.65131095220843,64.66623198875641
296.39339078331585,315.21124290391634,133.39277098100195,65.72383372120896
299.2939456381433,316.73753240867325,133.78405171324158,66.52416165406268
302.24026102081655,319.71671621532334,134.35779915987013,68.02753453453687
305.2303705716929,320.84624621627165,134.6094507093626,68.37121243623528
307.0750552269774,323.58195465237316,135.3171599128928,69.28092530570092
308.6540724563303,327.0188230051772,136.19820559716172,70.50171298363787
310.8579137751022,329.16437039595206,136.84294309893073,71.11990231692573
312.80299170569435,332.46432365084524,137.51333077488636,71.73048984858225
313.3968167627909,335.43863023567815,138.5508691544219,72.09189426467088
314.9672740548101,336.1233464507509,140.1572733150428,73.0365008264535
316.0325079083299,337.91711748892254,141.34951993676918,74.06974875484036
316.8504026986633,340.2010138818671,143.69927670658143,75.20138548097518
317.51170690489516,341.8080010963861,145.4969237643936,76.34038546676265
317.7782606951522,344.2537284892866,146.73897995360147,77.96935504695901
318.4681343625782,344.97716502092305,147.41696591609758,78.89385516026069
319.1724890137119,347.6728415349421,149.7279860373531,80.58009498195403
320.12878978359845,350.53171642220315,151.22059618466807,81.43281792471718
321.72513769669746,352.4352818609632,153.72062220218947,82.68218605156113
322.2316957674137,354.98741150977173,155.4065655471461,83.95177614588118
323.37918479674534,357.14546351327385,158.11044403297745,84.94669489736094
325.00440815357746,358.8346753489198,160.21192746076227,86.17219407000205
327.27765445675107,360.65375954508073,163.4067053965598,88.00241328143997
330.21255252923777,361.6636871691298,165.38119092501773,89.03019954907373
332.5743872271746,363.5418130182432,168.43913154119852,90.85066475071869
334.8465650690243,364.3578860660657,171.40772532420456,92.42090622640848
337.66926519559047,365.50676839104915,174.37495877621126,93.92911725202457
341.5186371774878,367.74768719857894,177.50159418405974,95.84378403912561
344.4026270565415,368.6208692194278,182.0952610781739,97.46281530496881
348.9384554958063,370.60595742271266,185.55564002728116,99.28464682152531
351.349107878067,372.3487981098038,190.32881386993745,101.4527544907695
353.6877069663912,373.5874546303397,193.99857862206102,103.5018906531889
360.0766001636715,376.99101621066046,197.35602515291544,105.42922260118995
363.917250014226,379.2089013947757,200.50565997634257,107.10685126173762
368.32928482747224,382.0783400485756,204.4622147394986,109.45527139371289
372.63866302582977,383.21426748344913,208.68384664081816,110.99960748198895
378.75266613647295,385.9958615229838,213.0955727803717,113.05602255996311
387.93972533985743,381.85467660549637,214.38697790265536,121.92448045627063
392.41555520033654,381.8640813824269,219.16949291009078,129.61188437668326
395.7768327752465,381.08136111826377,225.06091042415028,135.06318224868318
398.36323256585433,383.08499137507295,232.21455737613766,139.0471760647463
400.9421951193888,385.7396695758271,238.84527133767222,143.2524232780451
403.540446085207,389.0910759167305,246.6999693190608,147.12591598564254
406.32664842211454,391.1200684478463,254.95192358537017,151.36861013025924
409.87399663897355,393.89609714890946,262.38396531846126,155.72066935868702
413.4724480778646,396.80881275001184,269.20714109973676,158.8606283618655
414.4212750566072,401.460908811863,278.22764662711484,163.36707371222326
419.22781306556794,410.45688990479556,287.2834987555557,166.96503538500076
423.35915154782623,418.05161025636414,297.3433315566641,169.49528309739097
427.65845069805397,424.38454901061573,306.88974134336684,171.98407058217396
428.54368677449645,431.63237119598847,318.2515285593783,174.28390312488057
431.0914097668651,437.14361283264907,327.68510002306624,175.89062174059745
434.112558566639,445.64378837791935,338.21874350933405,175.84762614932444
440.7590351373058,454.089716068522,346.0117393120922,175.63879040618065
445.4970792130295,461.9192443629472,353.89005561010765,176.0767339394006
452.7889711839632,468.6786623545698,360.0338717658965,175.2434228966462
463.0374530369887,473.2936470194779,364.2497204835515,173.67512711266738
477.85682943613324,476.1545312130682,367.23290448335814,171.4894326485977
490.73971991557215,478.84736037670643,370.6410565536552,168.53151108050702
502.54886285831475,480.28872049673873,372.83177449812604,169.6571645777776
514.9171905907122,478.4303831783634,371.10047486829205,170.0104079992421
528.195045465929,479.2593768068681,368.4767833978879,167.68932532759408
542.9177308049094,472.53005672856744,364.64437353535664,167.2405787044103
555.531212274762,464.5041330659684,357.6602561309298,167.4889535106875
567.8074464892524,454.0754900320334,351.92542800651455,168.63554049713665
577.4730406723879,443.9861119538997,344.46019308567793,168.43619339717844
585.4705140511273,432.437704416353,336.52825559028406,168.17642773801893
598.005526739765,418.7812922481343,328.6697399175988,167.1537113029718
603.0480087679982,405.2534931097863,319.99979453884373,164.76238727742182
610.9112317471393,379.18915702010895,301.75800586815916,173.4756236657609
616.5768654338841,358.0045659636465,289.6820152342668,178.10781771105883
619.3253128252115,339.0584127548325,280.31757818476626,179.54290595852078
616.6361592122034,317.7636812615518,272.32411264466907,179.0675381650529
613.5258347658073,298.4393959738993,264.26490962400925,178.77466434338524
610.3745314740702,280.4285385160348,256.72825515249076,178.3612939624834
606.7477766633792,265.2211559321983,248.64831731751295,176.2323274407032
604.414817006968,250.29756723838648,241.40786742104598,174.84266934859056
601.7337842125771,235.42978197541782,233.87430217334074,171.2224888369302
600.90026187659,224.36728351812138,226.36877566306407,167.95279619158657
602.1947052259361,216.17142224587798,218.85665211744796,163.82704742259682
604.4986381451864,208.9908243670356,212.22849471209858,158.56291893101397
605.3439707849675,203.5785032364863,205.50311187272195,153.7680619855696
606.648330743181,198.29519336832746,200.11302155491254,147.07136842843028
620.1069609153021,193.24445639915143,190.574259288063,141.98771701583019
631.6646639165524,189.10576986209713,180.59797052646803,137.8317996083714
641.437049789489,187.4713488414845,171.59993263679596,133.4527043517756
650.3267355717622,186.34546398563378,163.34882130326758,130.55727443273975
659.9956517267933,186.1225926365284,155.95040206388433,126.29597491369591
667.1454791727078,188.71487743268904,148.61203753155212,122.16408283354346
672.769679151139,191.4523734752582,141.84140551902584,119.03184415874449
679.0411108002336,195.4224030792106,135.62314148688898,117.01976728116196
684.6823145338233,199.3287528512048,130.14281226677974,115.05680252034617
692.3869629208202,201.82421641227535,120.2154638684878,116.72719465403394
695.4250486415604,207.3572219898096,113.95524711221873,116.48578848706362
698.005524465849,215.34003216794508,109.62679884203267,114.7592151812687
699.2531450700069,221.74527897928522,106.2956701420139,112.72633329107131
700.2682604689606,227.65032293172183,103.69295914238533,109.84092991073425
698.7584300456998,235.21780528770654,101.1392943549043,106.37956921030046
697.6868015263847,237.46976092579655,98.92506276133243,103.19825543778254
695.7093670029599,238.63531662493548,96.61710250444054,100.37794338785903
693.1105578272408,241.06664117601002,94.18284820191758,97.91535398572216
691.1104891738423,240.75215833730343,92.51683160093859,95.60061505803282
685.2403239045786,240.4420574767465,91.06500820880183,93.81225030423214
681.3477735434132,239.72746871419884,89.5266540742602,91.79602115398868
676.9953416139233,239.2491454137821,88.37756171070586,89.87595376365704
672.3058305062581,237.7645488417487,87.15676569636102,88.50809599295943
667.7982286242539,237.919482950816,86.18689160239823,86.49624551507446
660.236205067145,238.10643251216558,85.3328703648703,83.99299930642252
657.2420352583534,237.34968836788877,84.44798000198475,81.2349102367303
650.8737795221924,236.1716770463563,82.82311661926524,79.79071954285061
645.0956594420838,233.8965269963009,82.12081090393298,78.59963418306157
639.986156516778,232.07952016643463,81.6557614261756,77.81746961632311
632.0496861372224,229.32260449606642,80.4633964754479,77.35037205920189
626.1797382604675,227.1341710689507,79.60945925929224,76.09642769898628
620.0248626258258,225.51696025596266,78.59146222993053,74.84354082276516
614.1339002941453,223.64516852926164,77.92786267759342,73.962340760237
608.8132366412674,220.80753150374085,77.21275516126668,72.62488325915456
601.3202827326311,218.35782673858006,75.82177279604402,72.09480651475693
595.0333621811226,217.22039775490518,75.22073291761575,71.1456490077872
590.2244737600115,215.84789038189456,73.99422188752362,70.19645799285263
584.2260063103322,214.2769915242275,73.63940641304191,69.1960728811909
578.8931726000633,212.9419299839489,72.71383867275199,68.36310987166019
571.8668334733522,211.21132792139008,71.90576672780969,68.15727746342212
565.4194889693714,210.44309940032485,71.58883921965818,67.76745150365288
559.3573320586443,209.08239790034293,71.04562488864661,67.20754418371618
553.9225020674609,209.17393355130645,70.49224257365009,66.0920860662412
547.887634762535,208.03536554499124,69.36690405575538,65.65343729073993
540.6845779962936,206.16430793113443,68.5929324060483,64.86904132613174
536.4046099885398,206.59560604241528,68.50145164299124,63.62080835668664
530.4318507503646,205.77801351133078,68.1841660879697,62.60579185978888
525.700491283949,205.06826092363912,67.26331721074236,61.19243561167982
521.3049888008175,204.36413891175332,67.24484913928566,60.05979156439122
517.6378840406624,202.96776801829702,67.24125005058708,58.85999752175975
513.9320677451755,202.00229347014104,67.39678341747035,58.52382601832498
510.37022722709384,200.2237898603625,67.77864888661688,58.17131404232542
507.90344644730214,198.81317269798606,68.18682029803745,58.05556811958076
505.196912305762,197.0210176807881,69.07391001590166,57.773025393661705
502.01917488004347,197.12518663735992,70.45811812081769,57.01760314900564
500.39150984456364,197.12062694112154,71.62032570947758,56.186145296723794
498.892760034536,196.00103323799482,73.33327788137453,55.8985678332873
497.0072977999937,195.93911324391826,74.75203927405846,55.1657854235408
496.9098485198579,195.83879231650133,76.4116106382088,54.479892587517696
495.37436031849336,194.9725080475304,78.81405705360271,53.98482812603943
494.99288832404727,195.61219808082038,80.81952375901704,53.62646171273779
496.0620084377203,195.5693672346598,84.18019252825313,53.620387758930306
495.37293436951444,194.72735299404223,87.01009630755573,53.861606777618135
494.5731511285636,193.47665594967535,88.02721436654858,54.10240363734802
493.98716174158045,192.28463677522117,88.0979448762022,53.937508718662976
495.5315667602913,192.0461215016159,88.01100332518494,54.17936773920307
495.6742037813667,191.37006836146773,88.57807176941566,53.787294413061694
496.9010193612786,190.11607954272026,89.23350351967181,53.85600036209535
496.9301726994795,189.83691803273933,89.73517425549383,53.84857492891696
498.5513916953694,189.55542359432994,90.80803243680981,54.79799034396473
500.5122883090558,189.66500093993895,92.39689222838835,55.614502237715286
500.55340688030253,188.2799767570242,93.75479032644964,55.93140962949995
501.397661147152,185.73050369172879,94.2255389662889,56.344363996022196
502.64900862392176,183.11795462090615,95.09315574981002,54.74487479254418
503.8877376323314,181.68448228690744,96.20683585745664,54.27046652093586
505.9650462176137,180.3453246368842,96.79923988516475,54.19886884376376
507.22344486656834,179.28104806402516,97.0326843436946,54.10088190082827
509.1171629268016,178.19788335354514,97.43714609233822,54.21642005820797
509.91751177676633,177.1597088562342,97.91295596076819,54.214972116794655
512.9436840767706,174.8368835012816,98.44190780469877,54.66075939286205
514.1359568404878,174.0978219851154,99.3250782082031,54.4042170313651
516.32904939996,173.84655936284622,100.04426027294409,54.33732885236522
519.2917236552212,172.35359704215196,100.26444293994257,54.28354225679999
521.4197411714417,172.20205985007004,100.94805701257337,54.082207864203724
524.3824574330137,169.41538612632903,101.3845148054391,54.22256523752803
527.7573213984218,167.85475139328082,102.17048958000598,54.67313701456807
529.5390805864454,167.66882895365694,102.70228236881488,54.65984809092505
533.1502692944601,167.02377215417997,103.4854343564719,55.01543518679291
535.7827980428258,165.46390722201593,103.65257109268134,54.89404900421544
539.9698765417752,165.25443735903016,103.7518809679514,54.75882110189871
544.7671373317653,164.5142308918,104.16969897995122,54.92184740916177
548.8546010686421,164.12894621346976,104.24301865280401,55.07758364929086
553.198595333272,163.46938579531923,104.5162680309539,55.48142336862951
557.1358205638583,163.10874090775545,105.1017975807677,55.762627941301574
562.7747084856553,161.8094842899579,105.78062192638257,56.36458429880675
567.816371789257,162.46040190552245,106.67005647335401,56.81944469584384
572.5432389499337,163.01981464574024,107.17525026021598,56.789732450881885
578.5354765665122,163.09444006161192,107.63907920338934,56.747871709961714
583.947140468866,163.50908833894488,108.27854760992454,56.78623329357096
590.5407666280784,164.17964831021874,108.89914517553292,57.20271663872009
596.1464743018116,164.72522713676503,109.29367160052738,57.59218640319188
601.836101044799,165.18872026424833,109.78233136070749,57.79724267542406
607.3206073173196,166.35626140723124,110.26315459294904,57.893260281120845
612.4942894678148,167.43010665267946,110.89231655233449,58.20837315402443
619.3809806902019,168.4854700250273,111.6648315913861,58.705864602382974
625.2158002840584,170.29122017465167,112.42138087260611,58.96851982452705
630.2240037341776,172.0851308545245,113.17175864033663,59.39675214138664
634.8255350329345,173.8253525377558,113.61695997409714,59.74716128346891
639.8122956961627,176.11219459021999,113.24264271105619,59.38769770237478
645.8211028093641,178.32501853019107,113.71167418320076,59.37767301045143
649.6657796023522,180.24663615427144,113.63499769454509,58.86013566115543
655.7110078131633,181.54699658295456,113.33517828921933,58.71959174852186
660.7955813600071,183.25455076830394,113.31225998581492,58.49758049238608
666.0675860986358,184.8550086548846,113.43050484205347,58.35114503347952
671.8873009781055,186.84897149343172,114.40191301951558,58.74151811584573
675.0300432627499,192.35028985781187,119.02304370748985,55.141343869537835
679.0782992258225,195.1760655833935,121.01436709323437,53.279374670877004
683.1196550161626,196.80936198724123,121.5805374247857,52.47819281098123
689.9693272503091,198.90708144559161,121.09646299891219,52.019651362847355
696.3522370208433,200.16636595380913,121.83187369771187,52.45227567908441
702.5272644013728,202.70890167269377,122.1408193333813,52.259490065137165
707.2083064144225,203.5875453623811,121.5287639175114,52.56305545179952
711.5156680644504,205.26219498873945,121.5574589295284,53.44097244282672
717.765622367784,206.8442518381119,120.25284279570063,54.1544408172935
725.9275644014105,209.83895278579374,119.54423125042032,54.43767199764393
730.34567756739,211.1178319673864,118.76109692132995,54.40281397739986
735.6980127759601,212.37115235304,116.91039798551284,54.80725285124954
740.7808000206192,213.98496260694444,115.57962421640971,54.92571169295849
744.9228505683022,217.13393696181095,113.19405551163808,54.40167112150064
752.6837949783577,219.16111976220998,111.34605299066047,54.85329078071233
758.4644531015414,220.88808336484072,109.04808723104848,54.33844309853734
762.2615482824203,223.04792732307703,107.84319387780486,54.104864820278834
767.9224564564961,224.62973451200043,106.14394661382084,53.83270037071574
771.4753986916315,225.67629191323934,104.37923007033838,53.69521038703981
776.2338544041538,228.22994221765862,102.57559026318324,53.536188205325274
779.2076873250751,229.91308255993144,101.16487596324112,53.88362140513327
779.5662946403453,231.20350304657234,101.23145442447489,54.092457574948384
782.6809590787072,231.52862993715496,100.33947734676201,54.05802235390662
786.1978510561913,232.67733910208273,98.38704848670363,53.918841242907874
790.689575770013,234.98440213028707,96.1947028989345,53.59521916522847
792.8416536672484,236.79465815891223,95.02334315358188,53.88291380925685
794.1453427042097,238.24355033674243,93.68849182068695,53.749929286894144
795.9971279361455,239.66757012179974,92.23461475052281,53.570591603910266
796.6688107044512,240.92896972022976,90.94986903349276,53.00536021806248
800.110447130782,241.04649357847103,86.09125056925907,56.263917638451275
801.109676651465,240.92627463661253,82.33968862929534,58.04530140973389
802.0694835413791,241.4745273623427,80.32299889538737,59.200961514227515
802.2482485797192,242.2921409366291,78.51027041153407,59.6295938283928
802.068307441488,242.9797473632223,76.76514623162149,59.7088737825947
802.9760181774425,243.86902619892115,75.51475914920809,59.69728829537819
801.3193975625951,244.65269707167374,74.53670389681687,59.24276848648039
801.1574291416779,244.87403242443932,73.3700631601067,59.142403709417906
800.2844149040773,246.11384634085204,72.53009143122159,58.71190822369945
798.2213461331612,247.74792118219858,71.67890687146057,58.56974249448227
796.8512067252726,248.1538168467184,70.87948231809712,58.50453695178527
794.9572069916185,249.1414557225816,70.37008798657723,58.204684252701696
791.7729517889331,249.29720174756812,69.9010267710068,58.23944470373951
789.5711606578113,250.74299785118896,69.53784629979093,57.4758150857618
787.9807389527203,251.12313820874041,69.13989689953283,56.986070197341895
783.4997007621148,249.95584369488154,68.57948850138607,57.756499116493416
779.2770908763292,250.4073178966568,68.6787581463092,57.55190191733817
775.3425723334661,251.29937211320774,68.36692994425479,56.90985841324478
770.939615470922,250.6233772901334,67.89435646383754,57.147196379400796
767.0823038470135,251.20958308949258,67.54195452702334,56.67157476061709
759.8770790083939,250.3529932079558,67.37319296921603,56.94741557544084
755.7807869929218,250.83522825042172,67.40790193912522,56.86745493474574
751.3912265940703,251.51833335474322,67.17959838227489,56.71808916560927
746.7726199003594,250.92817510563816,67.06550008604196,56.82767533525953
742.9338295528455,251.32015624339118,67.20215384778106,56.27093586000828
736.8310091082883,250.6481098462655,67.04556157496916,56.33372942082307
733.2447599128247,249.53128529273684,67.09606260948166,56.8660856554515
727.5112624729784,250.2971509161609,67.28488404251908,56.58005882106374
723.3210387593597,250.7426098539053,67.42929707644592,56.35728290667267
719.0650333872966,250.61292925955468,65.92400912214678,57.028478424740584
714.2963027937216,250.61522475223242,64.95087498764165,57.292835755959175
709.4654135774499,251.02560812990757,64.55551974556339,56.97384617269752
705.5146437285248,251.21230407693375,64.11985260289846,56.85374752467595
699.3037333701091,251.32542012267862,63.549135821255675,56.4000478813588
694.9257486174314,252.0879791592942,63.69719898505835,55.986941240775295
687.9054117769114,253.19648608725558,62.47088581917455,55.822804095744274
682.7251417844259,254.573084719642,62.16385378266112,55.67144756545326
676.7929833524719,255.72803454520107,61.588081420800066,55.831960645505774
671.4311953181658,256.81605442845967,61.7359414707354,55.258773342710754
665.8708306872056,258.1059459159347,61.80528103844199,55.07657432924762
657.8907592705759,258.0888579507354,60.96219740075415,54.83090943265791
652.882048265286,260.1511941711765,61.35179367433447,54.2809697722323
647.423492781227,260.48199020740986,61.339855150570145,54.219113675031096
641.076368243412,261.6206528987418,61.57074343976197,53.51453146978105
635.0718911143833,263.32183355177585,61.97095403021691,53.40304822119289
627.7272130752763,264.42320282069977,62.30484803415126,52.65110831405947
622.7269042414783,265.042388241639,62.26103973739164,52.6171134544655
618.1746235341973,266.31800268466947,62.775823205481586,52.34736798019355
610.9108130771435,268.0259846384986,63.564663144247426,52.13912888218198
607.4250493415956,268.1336229216388,63.850639448808735,52.17951711153863
600.3056295570552,270.41025047864724,65.09013419214496,51.2818251135953
594.0666711065932,271.5203249896964,66.63738893791762,51.066497630422234
589.3246859158685,272.1236843785531,68.21157404867597,50.76978477979466
584.5157973716148,273.8016544909769,69.50318403055518,50.634575336502294
579.0620510258127,274.35917808237053,71.44505954228872,50.41646379548058
573.4405717930869,276.74939305211075,73.27686421440525,50.62237628611493
569.6055880507718,277.7622513501892,74.29636954846171,50.45666363816962
566.676081903708,279.90098041096513,75.60480897042743,50.671483615677836
564.0427901307503,281.0898558866463,77.21386554643323,50.64074065419892
560.9935463688311,283.5111446173762,78.37565463353465,50.834729927053104
558.8383403457208,285.65645683652787,80.9978203103932,50.886848885508854
557.2910617943492,287.0484596632455,83.98350244395203,50.85338062755076
554.119767832299,289.0717474244714,85.4760990464888,50.906373948940534
552.49369322731,290.0533217071154,86.14150323273925,51.090755939377686
550.5598534689077,290.522380204767,87.05000001028601,51.01251557676491
549.9574977481814,291.7344410025622,87.77730661889893,51.248913104251834
548.6904690032455,292.80136126780474,89.15116136714755,51.08328577433599
549.3078136277007,293.4676994906946,90.32122937951337,51.40010671834965
549.011148304611,294.2553845529466,91.1493751314887,51.79882550108739
549.7820679547601,295.5644915960396,92.10044931576384,52.76142029284641
550.2238937468152,299.40674155483094,94.3405443651834,53.27787099782236
550.5616366180809,299.2896399102861,96.24630380659659,54.48261630055721
551.860615151448,299.6707510050894,98.97252972707571,54.83726904419342
552.6955422847763,297.97654884024865,99.00571248396332,54.37218826645296
555.8376124297041,298.4220718626108,99.39998415470947,54.29403543357037
559.071313417917,297.47128242059955,99.87949399011234,54.30801568382668
562.4398757445684,297.97573674539944,100.80290419551305,54.244707007428616
566.2383490429055,297.34909018885617,101.13209933773064,54.36697015702174
569.3775267159037,297.3816121634377,101.62617441165591,54.407392938751414
572.1744660329624,297.447270511107,103.12096221659489,54.53090836216247
575.9022771377493,298.02606133695014,103.613825381472,54.72393505932257
580.4704636629099,298.3036777796351,105.03522782858725,55.37243955207299
584.3872330043754,299.43578110514966,105.13574018249103,55.53040735477927
588.1349738311488,299.9129825596466,105.25489590382205,55.64093798422233
592.2372512548467,299.95920049995374,105.91527693136527,56.20273245982449
598.2497699486557,300.5279683027603,105.91897565824902,56.32870231304305
602.0684179945672,302.1845023834448,105.8227276163529,56.35840329763966
607.5907796346273,302.1965723367113,105.7090555905051,56.475782505481774
611.8308145785356,302.28089263581865,105.53107539385067,56.607009239248825
616.1624907490395,302.0300429040562,105.94786316667353,56.93903475329359
622.6736938642625,302.1512801310571,106.99916165577088,57.30719963301675
626.8618798789902,301.78616016251084,107.43373609085413,57.25420157639213
631.8379358272764,302.0119132146215,107.1727510177071,57.46358789913845
636.6849667363675,300.0508078002889,107.52722836120684,57.47474602394624
641.1087706004953,300.3182731254522,106.9373835418868,57.3298526420198
646.2579151299834,299.60295233659537,106.61101926471,57.57094381995318
650.3224096262481,298.25430050280704,106.45146691768824,56.93952644108212
654.8991831419265,297.17352950332435,106.55383457444199,57.45672768649214
658.623086801895,296.32429681801295,106.24793828432047,57.287714090402034
662.3498936171882,294.94804815780196,106.36465813456934,57.13527843505493
667.3303610260673,293.0209981760234,105.43863161148883,56.87423986788084
671.4135946840705,292.48900588629596,105.18567366437887,56.921022070016406
675.500863340813,291.3933726692442,105.08726435687518,57.197480111595326
679.3328173025943,290.2001064892272,104.87043847600683,57.47653123040304
683.2230842866012,288.4579466674704,104.49774189889256,57.613618770568735
686.8889378874275,285.5010496076731,103.73325061673468,57.850839136806485
690.271073263996,284.4390528615697,103.42282965607814,57.99017104988132
693.0477907421497,283.29133524810715,103.18964759512599,58.13390530329559
694.9779044148803,280.5922183067067,102.88011757632499,57.93450916214026
696.8832653751535,279.0946447708914,102.49694716372824,57.68580051897281
699.4731776810751,277.8289597998382,102.71301517197189,57.89706991519611
700.4027069726695,275.90226054763264,102.6794419374844,57.764988111074416
702.2765770277946,274.6560030359493,102.02434365767866,58.13744674367872
703.6893656179352,272.66719464141676,102.26550937443105,58.26894818202066
704.0254594487827,271.26322489708633,101.92975539160156,57.85849649064298
705.706819941967,269.02699568308344,101.38064519739311,57.57355202176767
705.0360416310106,268.2423534460044,101.07365488517794,57.49334518580611
705.0861139982198,266.02177783909156,100.99559621229673,57.692077156772925
706.1645050030594,265.1500327419785,100.16440588600548,57.5881918388759
704.9766497651841,263.5708633832783,100.06832819380244,57.59709646661567
704.0072280704824,261.4882042454201,99.13942070010361,57.636014271598455
704.672045888273,260.50275816333436,98.85813516027108,57.533027193826555
703.4048517414734,259.7706174781607,98.13365332905354,57.3057301759598
703.9153163707001,258.87190772109597,97.30271776502477,57.32508758491042
703.4798086176884,258.04583611410123,96.87394765703448,56.566448461711204
702.6906865624655,258.03937659556243,95.92680304982872,56.600003770474174
703.0188507414107,257.47537792924527,95.54875447328007,56.258310899441746
703.2109908773732,257.5419407683908,95.152822805535,56.29256758065533
702.038339117174,256.50784633636476,94.395459947912,56.39217107273631
700.3430048827279,255.67631683815313,94.22278489187157,56.47440521716987
699.9611385322855,254.44666578590207,93.66512899049934,57.08033737042382
699.3971319326934,255.40603966543313,93.12381791085232,56.96063362438506
697.0957027867724,255.1821639120726,92.86006567565548,56.305882069811574
696.212128812487,255.81957446358902,92.08714452098548,56.196663293171866
695.9132085234253,256.0433923167258,91.70898711469943,56.00402889343216
695.4135454231117,256.21301458010413,90.75028607171254,55.99265723902803
694.3228248661142,257.2248101635032,89.67704249904678,56.24371950698333
693.7188616129503,257.70442353300183,88.57665086725214,57.02873937004448
692.0454197013948,258.9632253387741,87.47702628277007,56.92276758108592
690.425902834392,258.4604862703018,87.1208060723789,57.462095911054405
683.3658045934625,258.73092904119795,88.0080408995747,58.22461136260914
682.1402736461076,259.7300998834067,88.04891602670631,58.64236207397416
681.5487481436556,260.07598167170505,86.29660063947466,58.615646202550934
680.4511566389601,260.0667418656045,84.87521913661305,58.55711276920255
678.6432707290685,261.08451432580455,83.44410069760707,58.64327957975959
674.9328373635274,261.0475294661077,83.10410030985385,58.49193982289697
672.0291574306862,261.77112397295053,82.27500893118201,58.621293544310966
669.2319682321759,261.04083380866945,81.76461285310515,58.29893312751945
664.6031726510403,261.1936566024735,81.47891101610864,58.42731857938786
660.9598135956799,261.78351965676313,81.10449393014375,58.498335740728805
656.3680224833164,261.8901170468462,80.87099336831065,58.38411816124958
651.9403035556008,261.92372350898717,80.81814322172741,58.41314589155546
648.594885829759,261.8124499543422,80.59405834336357,58.26745154171419
645.0122566149156,261.6310887998284,80.4296968885594,58.40800442167803
639.6204531575687,262.0249568032983,80.31834053878796,58.17423893046609
633.4490776522787,260.31892741585887,80.64545510527603,58.39047546642294
630.3090011466525,260.4896256881801,81.18388553275793,58.73622135351633
625.9488827259258,259.66904444624305,81.32406236902314,58.733748325992266
621.7383076737171,258.7153361893163,81.62553302245162,58.44836956320387
617.2362235053437,259.2132438764021,82.13199780695246,58.21265812999607
612.6337737200967,257.6995615362698,82.99331999249787,58.01392165021112
607.7718633821478,257.19948860415207,83.85561608648646,57.69169638922537
604.4000597643465,256.4255588847913,84.42997331064493,57.23910855469255
600.5997884583476,256.1271523865635,85.4776241913806,56.8023467315833
597.4514961216677,255.87895686050143,86.38547547774698,56.64702453163987
592.6894980560224,255.25054289862823,87.99090013686947,56.232095353373694
589.0095547444345,254.75350009890047,89.00499303598522,56.28353534345034
585.4361708886761,255.57965472219536,89.97288816220536,56.29405931066671
582.9176864235367,256.02946265202587,90.1933335405433,55.9833120094125
580.0448234707706,255.9116686143514,92.44793004772959,56.296571880844894
577.5706673971973,255.6584339403152,95.50073080609741,56.643816420701256
574.7022520036376,255.78859239613234,97.03594339863673,57.380882507533414
572.57487196355,256.8879963486885,97.19310111141083,57.664109047230156
570.2773367507099,256.602096896568,97.27449632423097,58.00703355121294
569.9940511926416,256.55606046539054,97.68764074847789,58.214970504189424
569.2700156746474,257.3948521330912,98.94664674530827,58.446262276553234
567.0081848168279,258.9277857526964,100.42727414583815,59.08867512386013
565.9610039195132,261.92539453188243,102.68172395805037,59.97928367632797
563.8261149541204,262.6211537705216,104.19399599512874,60.93298481117135
563.9078748109772,261.82860782258166,104.91038263774986,59.77432494275369
563.6426001973348,262.70849145193284,105.19736582881015,59.31469258128338
564.6933988704878,264.06177922063034,105.49449995261226,59.040261208927404
565.4189933659894,264.80395303164323,106.05144842613234,58.83140589742558
564.1498242420455,266.2356681710409,107.12183108472564,58.86644959667288
564.3303250597573,268.12833124311885,107.51510167182084,58.726824860903186
564.7981967922581,269.82663601631054,108.09932981593508,58.711183646810525
565.7964265556648,271.63924848410204,108.25819713238354,58.65168213041694
566.150684974152,272.44339094686114,109.41046399158347,58.91776408436188
567.2114620589905,273.9559506629891,110.01727881948037,58.853749045111385
567.9328545163435,275.5976690993617,110.76394393033291,59.09182229657267
568.9166150662586,277.0245258391822,111.46210013953889,59.366465988943986
569.1516240301845,278.6259731094299,111.63740799160192,59.56754741204125
569.7822891295616,279.05583872430094,112.67880835315049,60.64676099888847
570.0585562745247,281.0897579418723,112.41394542061768,60.794540220453555
570.4717804955447,283.69521786968994,112.42190871888066,60.95643645063359
571.466852187801,285.78695497561495,113.03219105458287,61.41050448655584
571.6812970840656,288.1752315423702,113.26320913949885,61.50719563862882
571.6985128747398,289.60032926948014,114.30539396459123,62.176483035437435
571.7651722865396,292.41879052903266,114.0536220704703,62.15514155194637
571.6724704091032,294.3869182510228,113.5729255617476,62.06882235483811
571.136487603545,297.7535214842005,113.16609981677718,62.116206899530006
569.788848760624,299.123824498347,114.32480003946921,62.66791659274881
570.4684307659467,300.3983235998102,114.5073623796082,63.294898719335905
569.1167405629396,301.77739291696315,113.91304261892,63.90187715808923
569.4743437250108,302.5190737225196,113.69318877161287,64.6380175191748
568.4256330695057,305.7559141521326,113.7591056899991,64.95940349344482
567.5546310791151,307.29878452084006,113.70477421202483,65.4247875672024
566.2626198709235,307.44005342623984,114.53845032542203,65.99840610558498
566.4118656098315,309.73440838948903,113.8023253033993,66.5168104941196
566.7532808729082,310.63830290299916,113.1981666871146,66.72597493542207
565.1084963184591,310.45513787434675,112.8038681030655,66.78424199228627
565.2430562323391,312.2990537910998,113.34899516823455,66.51054847588827
565.2321431552941,312.99362025263406,112.92654111516728,66.14126556846011
563.3613347133859,313.0829648009501,112.7214207095551,65.56985350754121
558.1027464292732,313.2058707638123,114.62965619959442,65.9981083042099
560.0046479083281,314.188114173478,112.74680472711833,66.655048544052
561.1114379089547,313.8334911010519,110.61903630360258,66.23884479304543
560.8597076172787,314.27541160868964,108.88097576688314,66.89610344531914
560.5668920871519,313.7852209951602,107.62623486077482,67.29376653845162
560.7382479174931,313.3455791293428,106.66976201349256,67.6928447341977
559.3582058890937,312.0551373135837,105.75792553234282,68.04068541031728
558.3087180053736,312.2317001762042,104.71277726871605,68.24421282705174
556.4793134454081,312.50548015922794,104.02937704950519,68.13068783438723
554.9735825902299,311.17521809892867,103.81109170290071,68.27362024012672
554.065188002308,310.2259127576467,103.4566333964446,68.82211800765157
552.3019683473619,309.7107865554346,102.81336016284925,68.91333392354281
549.6139270417419,308.92748836122337,102.76639809254014,68.69338432006774
548.1091368960645,308.37384395683534,103.08105379092324,68.4791830794816
546.3893344696253,306.4496750192344,103.35599723633106,68.59178601510828
544.5222094344921,304.95968768684224,103.98709050155892,68.82932427089604
540.827333901381,303.92186094369794,105.25617983224632,69.12616284534225
538.7413357214109,303.0634003111966,106.7415371216756,69.03074993046674
537.4584209868854,302.3657152315311,107.72903285526075,68.15025358131376
535.4558543538096,302.6370425329195,108.16221568577387,67.54652250881759
532.8455539481588,301.044441718243,109.97953838466407,66.59559475889822
531.9170747390801,300.5432538160692,110.75412866736909,65.98662062294575
529.6731582797395,300.0649955773563,111.63695489125669,65.81716995540543
529.7835709631436,299.3964398342285,112.50581818316277,65.46179551312558
527.6598038761399,298.9994113336442,113.30317206504071,64.91030817606784
528.942830025286,298.88488454715804,113.7304719415074,64.8738822737804
526.0016232826807,297.3018921558096,114.72769350929848,64.92427600728294
528.0851108737332,296.7002393636849,114.93185451570042,65.09753500931035
526.9917888244562,296.12178625183134,116.98509489578298,64.99223455939538
526.770268176377,295.6273177885067,118.53742512283425,65.08851873602944
526.5330312564417,295.81797245579713,118.92958826377847,65.40706812651942
526.7658346146858,295.65452706752546,119.48401168816707,65.42824134539413
526.9403912557777,296.69046487365273,119.39930967660177,65.04052787303215
527.8762381757097,296.8974406969708,119.26577060568167,65.20523611847817
527.9043099609266,298.23738063963526,120.48970210848995,66.03175252678945
528.2299165258119,298.97965283371246,120.42878733334504,67.83607918851601
530.3352198416264,296.86166414372735,121.60099415539034,67.12804058871944
530.9640693754709,296.08801377273085,122.54117535579823,66.46505852813067
532.1137395618875,296.6476570126048,122.32896195325618,65.85003950253005
533.5026177529203,297.3549723154951,122.4733182745141,65.3263318603687
534.2834686736824,298.17232178184844,122.3326716307057,65.21103233218776
535.8827918311003,299.9558765153578,122.9177663131841,64.61305505015136
537.4137461400212,300.86101893494475,123.30517395854133,64.48119039702023
538.6547261803855,301.7763783197515,123.44347101701848,64.60997658937427
541.287441958523,303.89533334771136,123.15269079741346,64.33476856935846
543.1885360308921,304.80959769095466,123.6984006591145,64.52999447958197
544.402570975807,306.7309796165615,125.1710268084847,65.07130197846598
545.7211947684311,308.61892453068094,125.2926495864717,65.16440757831239
546.7626299924661,309.43166762773404,125.71731483443136,65.73729184090175
548.5553848313125,311.73445345930185,125.84462854769946,65.83024465286385
550.6159016991232,313.6917877158746,126.17833199850985,65.73774234417075
552.4873281493458,315.1819235733188,127.06917803834187,65.62369396454861
553.8717447222897,317.2043200826346,127.64884562106123,66.05766118837911
555.2815832714363,318.447851407977,127.87641497891426,66.38733547426355
556.8540382934527,320.605127218689,127.9530039010983,66.14255132796764
558.036220669842,322.0661414650153,128.42178858145576,66.87842483764973
558.6544524562273,324.44678669009505,128.67960141306582,67.44489413022703
559.7262902687545,327.11126444656423,129.11664239796636,67.44651980549055
560.3766065628679,328.391893576727,129.16211133218542,67.5407426452474
561.5359303031462,328.67701157758523,129.25391645592254,67.87299898791039
562.9002312656932,329.64818560476505,129.28921409557165,68.4913651783933
564.0104305680047,331.69273655325435,129.37858106826485,68.84335767991325
564.9975765998156,332.96646250987925,129.11784398301364,69.13628738897785
565.9262903036006,333.9841411723123,129.5567064962505,69.49161657610516
568.1998789719516,335.65921347891737,129.48412279892227,69.68547091957531
569.4566574314607,335.16447076955785,129.3374129181731,69.7433436082681
571.023024011448,337.4257465947691,128.8889813729599,69.42294564055433
573.1463895992699,337.54895758190116,128.49147047319497,69.11539577638882
574.5036654999327,338.1961477393264,128.20385815932667,69.30340157375144
576.2229260898148,339.1814588082043,128.05799769275836,69.59647300708636
576.6952276516047,339.079056759705,128.8934591520034,69.65507318383983
578.3732324543904,339.9183504025473,128.50749034461904,69.72144668306734
579.0728737986963,340.12564448668064,128.45637734041748,69.73931915070116
578.9782413039175,339.9573315918758,128.13054197005846,69.92088730142717
581.9653217389821,339.39369937847675,127.07437178443844,69.92110609681666
581.3043232801682,339.9467249968993,126.75959451974651,69.98440524563733
581.7419853206727,338.6770213964108,126.30294192749949,70.08852115633127
581.8249191243615,338.51176147657486,126.0174462334358,70.25616944150926
580.7885061526669,337.6141574742819,126.07809661682748,70.53780224982899
582.710009533823,338.85274531873233,125.71930988243858,68.83016347336937
583.8800371467443,337.6380903113926,124.55229909972667,67.85631720753119
582.4274928714268,337.0932021002611,124.12884899412688,66.98113067050457
583.8567349119654,335.3613295805766,123.02228108316999,67.23429464564944
582.5697542011497,335.3621783476253,121.60636981078564,66.73042970785413
582.4321348927455,332.6741649847369,120.89586436850846,66.91068235526174
582.0189619574633,331.80686766718424,120.62859244217486,66.6287252573501
580.0677458101278,328.51340131391066,120.184315485442,66.97139240756184
579.0082204952803,328.7119334165013,119.97392385248754,67.03921617902685
579.6667319263446,326.1491264249382,119.44127129351287,66.81290049754134
577.0925158028508,326.27510944587794,119.32696006744763,66.47744504508263
574.7948674772593,323.6537008887342,119.12419105624653,66.12089835550665
572.7041307821186,323.0630285932748,119.15001001613855,65.46598751525018
571.7559714493951,321.3530880200997,119.04582228052342,64.72130214472423
569.5989732670977,319.6616642706485,119.21393031656622,63.92191154166738
567.4920694087727,318.0801143683724,119.17965396491755,63.48206053483342
565.4217897742427,317.30097326453006,120.19243923380992,62.89277547033175
563.4242125923018,314.02855158100635,121.11764635495484,62.62265168192272
562.7948038484944,313.5974550875502,122.3870774879966,61.57066069456897
561.154663798042,312.55719302151374,123.1307937156105,60.72030046537478
559.6801046943284,311.9482737065617,124.25037727318866,60.20114649769893
559.8137478052811,310.7623090240856,125.6870532581237,59.93393573356168
560.1551636043237,308.56512795086815,127.63274715556774,59.313149717154786
557.7627597636905,307.3624880657835,127.86430976923768,58.9534005337718
557.6001301029877,306.9238392908293,127.53930601958314,58.82320113066971
557.7379638649684,306.6283860694263,127.89303231161607,58.86070574566345
557.237676824571,306.6854886931096,128.17545124676565,59.041273540498835
559.1897503112679,306.49150500631896,129.13090624785923,60.21629211494691
558.3351003716612,303.82975415546645,130.99380628337983,60.59660896405184
557.020850504287,303.44552629075923,130.88633146788118,60.56411523915866
556.6155606907685,302.6052535915053,130.5643094761512,58.93582250862301
557.2466576255638,301.2930815928982,131.71825950075618,57.910760311150334
556.8180998892416,301.42702029839785,132.60267393237262,57.22332655063508
555.2615628715807,300.3811636434955,134.2711638364534,57.067727314663486
555.3820634702815,302.09394825300296,134.93273354235328,56.51754838686253
556.4113034826512,300.25723254735277,136.18188906334439,56.625449974859684
554.3033793905599,299.730174387006,137.4152006931904,55.60317817490194
554.4996531293255,301.5937933298879,138.832200759185,55.60068580114685
554.6611718112437,302.6625590448576,139.06688781160466,55.10919338030172
555.0159039998942,302.7629643046566,139.97460175518813,55.17554884938734
554.4137455103113,302.9920217399874,140.83840073661236,55.8611433998835
555.5444260996177,304.44295729393804,141.09013159901522,55.89869609149711
555.511817343431,304.877383157089,141.78718522770254,56.419921360091045
556.4512137892078,306.26917459829616,142.62934484698258,56.74562097126804
555.658277412883,306.18876151204967,143.68610073065958,57.05982725462092
555.7956236880623,308.4311291119017,144.25371169478143,57.238501764847236
555.8175555214713,309.1322912189986,144.95588521315563,57.608008347848866
554.8733080913197,311.4824170121277,145.6475812720367,58.09386010555431
554.5938314568725,312.81475284412426,145.91730738309968,58.513812255190345
553.8134577766165,315.2638037392769,146.51359598001247,58.77408382075051
554.0864853414423,316.33250095656774,146.72642992945487,58.85343619326724
553.716999958395,318.61954813619576,146.67863959048884,58.966122763576664
552.4380345195101,321.56885630512716,147.40699039967026,59.35885631356174
550.9580142475374,322.10049519571913,147.52655824540386,59.30389707581197
550.9455901697129,324.73431632559533,148.16216250027725,60.102053575520046
548.5493815942953,325.63194280528825,148.79491883491983,60.65301014219624
548.1312455880682,326.6299341232859,149.69017749629114,61.55294182237818
546.6327839484079,329.5103984253062,150.87211383141312,61.95868497126726
545.3920728172293,330.7300335999632,150.1240381842244,62.1985609117788
545.7064267970252,331.16818729933215,148.6291747194523,63.307818221750566
543.5399913114974,331.84201914848086,148.41200020024306,64.08614014585922
543.1883746572386,332.8322362232201,147.18533786934103,65.017162104474
541.6410551221301,333.21016482310847,145.89379844605838,66.09961455035001
540.5008011674225,333.02219543918125,145.03154631709748,66.67241868311368
536.1639274244044,334.4376749691003,145.18267646304582,66.95617972940035
534.9338836011193,335.2574720571621,144.17639901066298,67.43802501021649
534.9936935024435,335.0272936918497,142.46608752233792,68.59692290523947
533.5056558776204,335.61450224754293,141.2827723224603,68.92906087426688
531.1211240838999,335.34254438012556,139.457675353108,69.06604640089535
528.7800586229023,335.5923776657966,138.93346214744827,69.46615420213098
526.4085689645933,336.5225049118679,137.46158007109116,69.4583158677109
523.2763420972224,334.34435810872685,137.5255709876875,70.2951330602661
519.9026412848405,335.0301411681061,136.63237097747185,69.68843001533344
516.6909708356309,334.40195767262526,136.15790761563719,70.10810211007399
513.1699598391165,334.1565608675637,135.9420317548146,70.50816128308907
510.22344436369417,333.92763250727666,135.4518534771437,69.96929703398624
507.15733165929174,333.35728289549314,134.6222258586048,69.27363842559825
503.63208592513456,333.80795600434703,133.26075767878683,68.69812740605451
500.30026141799954,331.3059731956455,132.53439061410788,69.0073422376299
497.17837496770653,332.1464325923179,131.8683038574063,69.17300347281902
494.40786508820895,329.6816822735863,131.82539455451177,69.50308260912257
490.89656309701905,330.9047668472763,130.4372939241597,69.15192231184031
487.47698758621493,327.74988873260827,130.38216212792742,69.03301051902051
484.61591310070384,326.80650823480136,129.90696679581848,69.30683644841122
479.9099937812937,326.23589849131696,130.44328186743905,69.79598469781595
476.4974382477777,325.07982188264765,129.387319459587,69.19098145725357
473.3353697284673,324.4290124566353,129.18830939203707,68.54098306837244
468.112049128016,322.69784035732295,128.92384047788846,69.28691972953685
462.4861916839091,322.6232185789401,129.68989099842645,69.70437730345535
458.3421346541155,320.96055096912784,129.75817454501322,69.49241742000677
454.08659988948864,320.53733419660193,129.5509909385858,69.24240373567314
449.9311275223318,320.68817897645323,129.78106695189112,69.45456784513715
444.911366625683,320.746076499933,129.59559694678788,68.94509100377259
441.7123078636929,320.0396790672495,129.15318312158587,67.54291609107867
437.9000360407566,320.3274415222845,128.89037573138677,67.30700461866124
434.8572594251801,319.9122965971866,128.61847323210156,66.47436457631714
431.4866697006403,319.23200965863873,128.76639000875684,65.88725511906226
427.9778919547676,318.3606275395052,128.55534976685965,65.50274293673615
424.4182421024073,317.4542283647482,129.18249678069276,65.84379293419936
421.00564779386144,316.8726364202914,129.53624031416632,65.91683135440093
418.0892433801109,316.80285601707993,129.633901188634,65.40973576681913
416.4600472807513,316.3993453544691,130.75704234212606,64.44972077326183
414.269936225424,316.1694908904634,130.48553391536615,64.00230190366962
411.58052735178717,315.3753543691408,130.8000291910211,63.42676230898578
410.08167069803585,314.3583810076472,131.57548297703943,62.818516191396675
408.38958813333244,314.44730619267796,131.92957541738988,62.03888278414958
406.3077814179489,314.0653474240242,132.600044574399,61.48703029143543
402.9829604494554,312.49306042654985,133.46409633957205,61.11341795558883
401.30594907937825,312.1832458293738,133.9855313607627,60.757753096386395
398.51257490683065,312.1544412907827,133.86066700444195,60.22227169896304
398.0756875670652,312.0307644989198,133.51161150761942,60.10476564209056
398.2355810927661,310.2793273475087,133.65291880584027,59.98551026618658
394.2381496350814,309.8294278670324,135.9036821042052,59.514210470349035
394.61307329429115,309.3724567654615,136.2456936496163,59.13931452537378
393.69994445547,309.50228410312417,135.4193367337528,59.42689372961458
392.3174499920241,310.16557611782355,135.85061952012637,59.808653563703075
393.19932051187175,310.57023030091995,135.3202837128606,59.6256317637677
392.83314536208974,311.65217576871225,135.71500162454808,59.74838004174518
389.0209101553188,310.6370300042515,138.34750674420565,59.51573569382025
390.1186362664522,312.2403717019499,138.3879494403807,59.9244187573163
391.7707482556977,309.8286389545228,138.01234079353944,58.732249715427415
390.2476754128888,310.82524050933824,138.25416709744343,56.94043360886067
391.1042802229233,311.32788692682016,139.13250806598217,56.275605783109256
389.5658203512605,312.07762822489957,140.68540487248669,55.429301401977376
389.41219149519867,312.35533452100924,141.404746866055,55.081029926019504
388.9625258173579,312.6443628320263,141.7340792421681,54.8539021768091
388.9361892665055,313.4816183304369,142.26382756302718,54.47973493189521
388.9227061874591,314.33189560622884,142.79116523687088,54.578984948602056
389.05864585038626,315.32431919672473,142.84283750622757,54.61477146512007
388.00327751644824,315.99752656467916,143.50715672319882,54.90261750286991
387.67345182591833,316.45874062882336,143.96497461770159,54.55506151069754
388.80009956627487,319.0831469194762,143.5983046653241,54.04468324411968
386.93614764126073,319.1642145456538,145.33566646117612,53.690624716174554
386.25425682226467,321.61344624132107,145.2410187626204,53.25638995490593
386.61691193523575,322.23053965626116,146.27835175471864,53.259735859896615
386.1456039816803,324.2200954920953,147.17432785430717,53.397515572353036
385.30367002304774,325.54379154303086,147.92774801432824,53.39331790750897
384.2749456349245,327.5443583453973,149.40967609631895,54.09467463251853
382.64366997986895,327.62865821659386,151.0101309060333,54.88803609989941
383.4739267285506,330.12000493133684,150.6475940217147,55.097834201785574
384.2740310273468,333.1470654743503,151.02478966091587,55.163445018834764
383.0859107986381,335.05928603745775,151.8250972579588,55.284620853145356
383.39712026947745,339.07497346151354,151.97764103953529,56.26581447884972
382.49926250737093,341.1942475353056,153.0333037444963,56.73550254876448
381.59576014611326,344.31561019340336,154.10297165260806,57.152724627893605
381.3178487996272,346.380574510083,155.14569139691457,57.60364659573051
381.69241779739764,348.5592447253589,155.1784327072133,58.55152295442443
381.1107492128498,353.61932565115484,156.6466394684988,59.59563913322797
383.5326112746821,356.75330641726384,156.04313636839368,59.90490805450121
380.5368128432541,359.30864861989204,156.74730914372526,59.664512498121745
380.72333227844723,363.5204471649888,157.84296245683353,60.48517428854343
381.8878668966319,365.67204138076886,157.58368358377598,60.79833030888763
381.1027157649753,369.9082669749889,159.88768159255733,61.51349165401692
380.61250679681376,372.87979271525205,161.6324819508508,62.10842120681582
379.90108047953754,376.86019463215695,162.86533564576985,62.80345920039857
380.520270129137,378.5237529053995,162.59584302002142,63.23949954478266
380.56201459420373,381.4845077409731,162.71750555840336,63.781785535561774
381.4644611092531,385.6884715724694,163.6265846199795,64.61043109186843
381.87094597864143,387.90408409908986,164.0418622853012,64.8164659988021
382.1215941356767,390.1078853749024,164.2415148652546,65.03696336554243
382.50927639489737,391.5714975278342,165.25885194879532,65.35406755851919
383.49087082165994,393.6658054995762,165.74173615053755,65.81059035557476
384.6688977478376,396.7436820992222,167.4989907279002,66.67119696234354
385.90363609029237,398.8739825032896,168.50582167352962,67.23387076663553
385.188911252984,399.4526104334587,168.7300598279515,68.17518549154815
385.9464594952335,401.10135099027445,169.90783205301656,68.97034334733797
389.65699145771873,402.109717854325,168.71850097335252,69.87988534936997
389.9262246578134,404.57922798576936,169.513196284856,70.46938757793639
393.46930247679245,405.22684057887864,167.84171826683203,71.53317690282623
394.2837174747223,405.9107970265327,167.369361311553,72.63981806940777
395.7706632620009,406.76656233902276,166.7842207669642,73.52996748478711
397.1299205054618,406.5400758377515,166.82502439336932,73.92714556655736
399.1036004106446,407.7381331847448,165.26071144846694,74.13717029403364
401.34236798016764,408.9838522849463,163.87065089400045,74.16419594365206
402.64560494499295,409.33116519283817,164.02124083001138,74.34789863004656
402.29467029409943,409.79696075475727,164.3912005944831,74.65042251074783
403.46802570125215,409.6443094146838,164.12130037855098,75.35512870337264
402.26827513649954,410.08795033989026,163.81900497637898,75.78595445794022
403.2059598358937,410.1080163109705,162.69476073447018,76.12602746158238
404.026463691897,409.24662992828223,161.2522011738136,76.34469930818913
402.2707472362831,409.22930931109534,161.58398473201396,77.1904653441986
402.5043835667175,407.741735373765,160.65996394320786,77.61777715356703
401.7311266519992,406.0196421889691,159.74782551472515,77.73905464483234
401.5358438546324,406.4349799100526,159.84947315072242,78.37854004460708
399.86195192852284,403.23651247425425,159.90072294150957,78.83912981580099
399.9987821524345,402.88204278256035,160.4384504498287,79.08986200915206
397.65696477541775,401.23575839853004,160.18576156113147,78.80618761505752
396.12917263259294,399.34212762198075,159.0315608621924,78.47937112326474
395.35641005910657,398.5237249552096,158.9689426795449,78.85882553517615
394.22396404849826,396.4237331496768,157.46920176046905,78.33998285229642
393.7603769899911,394.8842402744204,155.51873181544127,77.78869907537396
392.99430215554423,394.2518614864301,154.42550192195705,77.8411608807095
392.68219237015956,390.15820391188726,154.11843021054943,77.81683567182397
392.55373298247036,388.4722818586956,153.68190604521573,77.2612231608518
393.11582436968774,386.3247631641931,152.87146534217112,77.00037332756689
392.46404713210023,382.8446094141502,152.53917248725284,77.32746730760255
392.42669984245066,380.7133977138737,151.7114792687195,76.75476955337047
392.56226862043434,378.01516512194365,150.9761988835724,76.51104938109039
392.27253939937304,374.65740713820173,150.53156524748604,77.16023110098516
391.8595189251042,371.7301929115672,149.36260249576725,77.52564492870489
392.19878245436365,368.723191138604,148.6938314388923,77.20458740132801
391.39708085543975,366.2196668444827,148.1212359489959,76.58737651767743
391.88138371594965,361.89043437511964,146.23531349318534,76.09891743754358
391.63586903785864,359.6356464395444,145.98581825935193,75.37102029767723
390.8526185935886,356.6952864116035,145.16545353204734,74.9827512674079
390.9820426089476,353.0497563525033,145.22466107145493,75.02387861964752
390.3198087241618,350.85678719930985,143.29591686592875,73.58838528922419
390.77084807954583,347.0087343391255,142.8874332486495,72.39944691169248
389.0545060189225,343.1717395142971,142.48554410100576,72.50331956458419
388.02770248685624,340.74100392516425,141.9216491910325,71.5152199916597
388.1021350698878,338.8338114146456,141.7744649417266,69.82637396411305
387.171510310436,335.4012712493851,139.7506152880381,68.70644080967921
386.4867664653654,330.6423275688541,139.67642924828274,68.69586480709366
386.2622963960789,328.7526150481504,140.3037263770739,67.69288971727555
386.18591207482837,323.942957645463,139.14046094097688,67.21956936792614
385.6281367585239,322.4732612494165,137.73059019258915,65.92588844862398
384.81854201261524,319.8773093804017,137.56686528430572,65.29429393759963
383.59061503309,314.5195286281297,137.17624149639283,64.15576951990238
382.9797375020638,312.90246130871503,137.68679232765982,63.19914020838385
382.3967059585485,309.6409427008693,137.94776752644952,62.26401273215027
382.48901423094446,306.74279674028776,137.59995216786166,61.80187655654211
381.33399795221567,304.55982235728106,138.03132798036216,60.86592445890798
380.1248221631883,301.479986182302,137.97217458977377,60.30745477624279
380.06161170373684,298.84561845771054,137.61882601056692,59.779093972984356
379.8436359452309,295.5886906889967,137.107494736441,59.29077704031934
380.7603398961105,293.1406629599334,137.157984258426,59.26810319317845
380.247564560662,291.19545757297425,137.0453457327365,58.60605520397429
379.7358383042915,289.6110045331569,137.84612912087414,58.08514337818289
379.4251703102353,286.8378498999129,138.24917831158234,58.16718920549254
379.87217286131033,286.6124770941204,137.6565842123066,57.60816156268304
381.6481324700377,284.55935066458204,137.69978661693747,57.287692848883694
381.405792654862,284.1070112730568,136.94044828864776,57.04356732495024
377.8835603607535,282.2345921902825,137.58302546002514,56.781373096089666
377.52181407276026,281.5482161626676,137.58474822628875,56.868472633047126
375.62797820806657,281.26477695158155,136.7102495455199,56.12668816383126
375.62801516031845,280.33654363345596,137.34517432017725,55.70333769574283
374.0034606963799,279.640572516219,138.68539800749957,55.41418456850721
372.20357968151086,279.66529560267014,138.43542167778625,55.36438189894383
369.9899692636054,279.107421303153,138.51810620912326,56.11357865171233
369.0475122119894,279.0732525427829,137.68655626969178,56.13218849787896
369.4705239595013,277.7802657275838,137.48427956793813,56.707862922497085
367.2672640994249,277.55201724244677,137.5520064871875,57.14005560340031
363.84065067286355,275.66968352586133,138.0208515692226,55.271607268138645
363.8881457862367,276.08767045744446,138.28173418216556,53.99128131461357
363.29058607253785,275.6901793670365,138.0575171713842,53.16662970159874
361.5012307512716,275.37220968040367,138.50471517201007,52.66943065666666
361.3432423444359,276.3733654878349,138.51494113881859,52.07448555601018
358.63616302805224,276.67824441658286,140.23464104851772,52.107978700349165
357.7916117744471,276.4024425101508,140.94382120150664,52.014174538493194
356.59692294003014,277.39950218877436,141.57877143732668,51.89297819779428
356.0853805086995,276.5216833839271,141.2396271911776,51.863447994187695
354.37442931347334,277.4341775992679,141.79139332064352,51.63966956163691
353.02382493976484,276.4072600152967,142.81761224853375,52.00839320690478
352.3746852718487,277.49603308596664,143.58007270953013,52.04154829275292
352.09008173471636,277.81735008219874,143.08005995614275,51.82635914572681
352.0064588543716,277.7939293186481,143.3136295485098,51.704289588295325
351.4723226696317,277.5128498513664,143.25918549114022,51.76384201174265
350.37490740621945,278.56567053778815,144.04937796597807,51.957387583860694
350.52796522631434,277.68051657250885,144.38273320105145,51.855962444999506
348.56034759834563,278.0159341270329,144.53464254642068,52.07028104679357
348.58868779287457,278.10849598547026,145.63633348667028,52.23552600848864
347.4102095669271,277.99713253430554,146.03919862806416,52.40071090340152
347.22531606712045,279.3567270723353,146.2157485465074,52.61656826174449
347.32301665211196,278.64707142852353,146.49247585719712,52.85401433406646
346.884496168866,279.8595498533182,146.65403119126944,52.95622885784456
346.2166752781436,278.5559010457016,147.91185801372467,53.53009088996305
348.5470115932649,279.9960506573796,147.90263792483333,53.96156711254517
349.49207876503465,280.0068687104014,148.08428092504386,54.1582062406047
349.63874279680465,280.2764547915799,148.48169606943543,54.05207264078398
350.32743120164696,281.05418263502554,148.61900119506117,54.0816155615282
350.5041094642375,280.02546145263716,149.40446555649203,54.701176814206235
351.7588198589941,281.1609232742793,149.5045389762683,54.70608916182775
351.6957758764762,280.5968433966878,149.80582080243113,54.876103179362715
352.6644655115171,280.3489416866158,149.2236166698691,55.26956807683415
353.7332024041612,282.487512466749,148.4305608142303,55.07885754302637
353.18675081917155,281.36831362712303,149.2423802513662,55.46509607978413
353.3885938528015,281.5977279872151,149.204327880424,55.35354851757051
354.03257874570295,282.86318292468434,149.82163975756208,55.33355654462475
354.2271193069354,283.23014706252684,149.3926016630942,55.284444033367
353.2084093690348,284.17374219747364,149.54456247345803,55.02084387520587
352.7896697493576,285.0148990274546,150.10186647396466,54.956017407397866
351.46701132777577,285.054539613306,150.1469905318653,55.274542224483646
350.1937889245436,286.74989125782963,149.6440955670589,54.89550857120918
348.1334014750196,286.68942412767734,150.16158419978007,55.11968966191753
347.9997302597774,289.20081061998854,149.4425073101579,54.973481656848364
345.19720626916444,289.1061844706156,150.63941892358588,55.508471114846394
344.9252571092162,290.4237179029073,149.78849905672251,55.204942927478555
343.2888290801409,292.0565888918048,149.99963235944094,54.97517259122411
341.59690389199193,294.49482058546596,149.3627336436368,54.64586696833659
340.26997186084435,296.6984787534495,150.27629430875334,54.55385538853411
338.1618460564035,298.9806746720895,150.06325896084797,54.456851227493026
335.6611294056067,299.9693761411164,151.57725644472305,55.01701018290241
334.1996277411912,302.7243393616971,152.36480893355767,55.36764082105617
330.9242859634544,304.10504917464715,151.8144220849785,55.57807755082316
328.13148225847533,304.6136655715985,152.53555281418113,55.821650006134604
327.73960442710256,306.9867829660535,151.35718663263498,55.19297608071953
325.9983280290062,309.9969450960417,150.8476770985817,54.807792716586576
322.25937167227823,313.25958564665393,151.1960226657364,54.65768375357634
318.1039578963945,315.57207995158404,152.5850834595387,54.962572424905076
315.33492370492337,316.6241501818712,153.8150482810796,55.45995488684666
312.03001871139236,318.1541100512377,155.03028791749472,55.85244322344619
308.8308533710636,319.73973125316684,155.42408196942904,55.699409084892565
304.9767165649572,321.5973175009107,155.3398918021923,55.77173267934009
301.50368864680445,322.165711318236,155.30483897303154,55.84974826353107
298.1639862927216,321.48099057992863,155.32891874528417,56.502250410044816
294.96730344719373,322.0067404752527,155.25661051284752,56.633438617214665
290.4803878589256,321.06961575392864,155.80823481072167,57.114141478594405
284.53158258980073,321.682347872783,156.05098866714764,57.09491503385452
281.8534305185636,321.25220569997407,155.5670709277555,57.238222736863726
277.2488774007411,322.6886604273634,154.75359606293665,56.679362049174884
274.9163628474399,321.3376324322012,154.6400507028336,56.523809244333265
271.2665836818095,321.77544666385904,155.66380260709246,56.50200074733385
266.3873659657353,320.67941982384536,155.4894444219924,56.75595766565761
264.0723669023356,321.2888547437118,155.4543038273257,56.6038798371858
262.7041805504773,321.95180734759225,155.40034302159717,56.485337638877695
260.2555758697505,321.28004937858316,156.42245463143337,56.76998540711138
258.0216049002376,321.8715040080126,156.8499636404664,56.70011921809193
256.68135761338885,321.8376860158887,157.12339782941353,56.90737917213302
254.56878278814662,320.90448458592795,157.31561186054378,56.9910117559849
252.8503015249312,321.4404424512906,158.040087404629,56.837875398428494
251.6504971538164,321.49670677432135,158.33395822228283,57.01167477007871
253.043447146333,321.79713712953173,157.77641054552294,56.59601737348538
252.13403175804905,321.55740556967754,157.89082385497355,56.57517943013305
251.45679627801937,322.57716413325466,158.2062081155471,56.33688939572177
251.91967551750685,322.3275822283801,158.23695398151233,56.60827086661318
251.64291746638446,321.61687144787777,158.44195710639542,56.682017342550104
252.36857287288478,323.45030173050594,158.61886863970062,56.38083914080396
252.44583283436833,322.76800785224805,158.96060965776212,56.47022080829988
254.94451509985652,323.7551175608493,158.4493791790624,56.45671191661011
255.50340089253723,323.76141131889386,158.01713503758674,56.26553405811854
255.70847404436336,324.3519887498487,158.35460776679426,56.33408200745002
257.0847642260951,323.09657503652363,158.14239739081853,56.541869406481695
257.46564038448463,324.78560160112596,158.32756886640178,56.380285088312185
257.4183134318512,323.7398444660618,157.7773288870099,56.440446123195755
257.90250900118775,325.24927238676594,157.57691015806185,56.105719519916235
257.89530730115086,325.013331674572,157.86071782044002,56.043517518305435
257.8870450456799,325.2295683694359,158.07908256816495,56.182795127074584
258.4787012241008,324.881544477236,157.49635954628786,56.33617003893107
258.6506225092969,325.50858506218594,158.0266435294311,56.127585690434685
257.6299007411416,325.21782946350044,158.25416585259165,55.983866313197794
258.06792078711237,325.27405285291485,157.98664537439294,56.17129863826803
256.8541219363988,325.1940167462311,157.4435356592857,56.02830403172919
255.5913912612753,325.04182192359457,157.64506841494344,56.270004774981885
256.8904612467821,326.18345424048704,157.0164223098967,56.18893030194833
255.56571795070596,325.3479487798617,156.31700572288028,56.018261530930495
255.41101904598554,326.52858710462965,157.01271765619003,55.75523026370361
255.5650927459778,326.4681814916244,156.39728700372785,55.699449780457954
256.515674416947,326.3722794195836,156.24568306425533,55.33027408139994
256.98191120093713,327.36913744262256,156.3961432798062,54.92768745750983
261.577605489647,328.0189792142316,154.71451508217768,54.8776963543247
265.4419065342724,328.03299058104847,153.9533440613474,54.81811525606127
269.6081047756682,328.29531569873006,153.53741619885602,54.83153403047887
274.47010341885596,328.19883911632235,153.9146056647999,54.51065647391598
279.01217433512545,327.69885892669134,153.41351932847675,54.32699628108783
283.347385457469,327.8088268289666,153.1174915005987,54.27957634567805
287.8649027348796,328.37891159878467,152.37908685147823,54.24503636937348
293.7165240321382,327.64018102539967,151.3385554004546,54.12285249756591
304.59354202919985,327.4725568791802,151.36898138142897,54.30661636016853
309.6676897343938,327.5571470471224,150.71346379544298,53.99382931683049
318.1153652369029,326.7579118910517,150.25487083180653,54.55775432658067
325.42931495317833,326.43133324515816,148.74701801485628,54.298544393674504
335.98534298694875,326.86010930429654,148.82509027373143,54.19904432646513
347.52894715107317,327.7069070512475,148.68733529936446,54.07544268613221
358.4630292323087,326.93952303784977,147.16215247539435,54.139825399893596
367.2610865984856,326.7986075219038,146.00143584484732,53.84410298072428
377.3207362081539,327.0074378264317,145.511472028953,53.427419144647416
386.33431685098685,326.3975913903069,143.79982626147557,53.296685462217134
398.38775410432373,327.20590676009306,143.9817052643233,53.058441577770296
408.053814971055,326.6371222644485,143.23805208249655,52.98917374941064
416.99782124986655,327.08584094406285,141.25807861789102,52.36924673516411
426.99540679992344,327.1981966281563,141.4193291791541,52.09019408800686
436.3704145605774,327.77061563817,139.0264646893404,51.296057847106695
449.61988447043257,327.95699171949946,138.60866348046983,51.396811509252075
458.52552614127626,327.8353746226455,135.7502133144417,51.0243741874953
468.05211106578264,328.43925665341214,135.96292977219161,50.835154084625856
475.41649685391803,328.501691864856,134.18212381786907,50.361089760914496
480.4596137686044,328.2931112990577,133.92160314615012,50.375908483615596
487.7017397044361,329.4685380421457,132.45784668922067,50.02760202312015
493.5266701858249,329.0415596071281,132.04157585248058,50.20514434380472
498.06974989597313,328.58714710514005,130.89950298385048,50.03561665803768
502.8563188939031,329.86751816249193,129.93339871754364,49.61728458323569
508.0076389492268,330.1159917928073,129.98859342287523,49.4746193739298
511.09505178565325,329.55195822636506,129.39108784889936,49.927204829758885
511.48321635781633,329.9520808884422,127.90003106442119,49.54939616017234
510.4973737529534,330.11388473065284,128.19987632167823,49.59911939668578
509.49586317230836,330.0728921874443,127.21741598234264,49.42107385585214
507.0263635242434,329.88084735243683,126.84175472930883,49.26437475614513
506.07234022179586,329.46690117828405,125.82780474072857,49.3462606156506
503.2562014014925,331.03202243286205,125.33752188023666,49.35666504100396
502.6661243619944,331.3060051379526,124.74926408446171,49.77099867972349
501.0403268499521,331.2704607429901,123.56041702328017,50.20073916728403
499.7134811502856,331.91694851430685,123.16492243132598,50.77255823658144
498.02167924738774,332.2789845160944,122.18345255624398,51.80396676088408
496.6549183849317,331.58190646633756,121.49161336311097,52.06224906584214
495.78924228940184,331.72363252474156,120.72874362843527,51.56918311918302
492.283067931833,331.7189266027848,120.99167599225459,51.336403231166756
492.15454811281836,332.30646859369216,119.10357855867437,50.46921085663651
488.4515400973903,331.06576758560817,120.71076932555344,51.15539500113856
488.64513249159666,330.58361393756553,120.11948979937259,51.362378972543524
487.55908372507594,331.35178936170155,119.41595003955209,50.65859551805127
487.1452005861343,330.4577430625936,118.862211662551,50.34495467014597
486.4428692867589,329.8562630444734,118.79895753423577,49.97364195457819
488.5479347941689,330.9922479968378,118.49711356775563,49.79321047910959
489.528321435777,330.77931011277957,116.67274181861988,49.20890160157329
491.56048596675396,330.86420676151295,115.71609236215,48.76267078312576
493.1349358921175,331.67237302181957,115.12222094999106,48.62983230586272
494.26676073134433,332.18738731453493,114.90704296076166,48.5019461855466
496.8818415235137,331.74286637197577,114.0879073773994,48.65379889696642
499.6855542622335,331.5780913200472,112.92601755974994,48.277902936351474
501.95713895284024,331.25000131002406,112.81018057981201,48.36428097018013
504.46894601851926,332.2751944705764,112.45658321404844,47.93331398539443
505.2958541880338,331.6770086393096,112.12860734819449,48.13186503215971
508.4912827484104,331.149520218314,112.08511226891464,48.23866012576056
508.9239569463124,331.8091993379896,111.38853834379759,48.03284074768421
511.2598283874302,331.25786878820554,111.08255292692442,47.97457741259038
512.6703460074889,331.3387609283625,110.94384781833793,48.15061732789995
514.3397024656471,330.9334905297991,110.96561950208873,48.36108389340208
517.6593122362847,329.92934196589806,109.89577309161173,48.13618428582206
518.9948483291957,330.6599801140165,109.05217645358027,47.89977020748831
520.1910426058154,329.9963878856596,109.03956104029453,47.65724417111437
521.246081191274,330.0873767968203,108.96770856649029,47.8282245809574
521.4238530961436,330.41404965358,108.50444111088515,47.93007418709057
522.5531216541156,330.4197100325514,107.54807975521052,47.403170986864055
522.1153655270836,330.75905329161594,106.92352596732798,47.052659417427265
521.4379846203207,331.0227266670466,106.06063331422482,46.62710427937
521.031688565284,331.1284957500574,105.87627581120384,46.46318680470732
520.5300580910247,330.59644596133313,105.25261486755633,46.382414312797096
518.3720117331954,330.96065800266985,104.86714947011649,45.954419276277704
516.5009954426107,331.2053377289216,104.4528991495223,45.845981992267454
514.8358788432026,331.070805351874,103.69175318268901,45.66754449092288
512.2290859660814,331.61663375109373,103.80839317429715,45.59644390395495
509.8447547704036,331.4348856031361,103.80057059937465,45.609760199803546
507.19514126280365,331.5036510489177,103.3972672305108,45.2660927090573
504.63478987419006,331.751121397762,102.94923440822015,45.15990441224368
502.0741512808895,331.83824379220687,102.58054043393261,44.933414427398986
500.02012944933426,331.3721691164378,102.24165988744834,45.192521898806284
498.2338057710807,332.03820924318603,102.0042748762491,45.0068810784077
498.2999937706236,332.1622938112337,101.05869768812221,45.00849298464972
500.01212955635896,331.9486881340273,100.73824834794425,44.75255750468904
501.1592835654768,332.5414486424764,100.281319785275,44.36579392168221
502.8724906259033,332.5149610649102,99.86994963834468,44.30219541524882
506.576124952976,332.4442260703689,99.83131234711435,44.6403462332603
510.97784370630416,332.39844466083923,99.59132946844878,44.74386792149383
513.078111978017,332.75084605105934,98.25346406187916,44.414049494834345
517.1567466134851,333.1678825367039,98.45630125914356,44.39954336943903
520.1319484016618,333.94189413473543,98.11539761412573,43.98921858531757
523.9654614889631,334.412778782586,97.61669877106607,44.242958008106996
529.7332424347812,334.3837010323505,96.79020422409533,44.28529837348647
532.7124609224802,334.4742803325258,97.05713098008168,44.58574765730451
537.4144656957236,334.36479926267214,96.64446588549922,44.940847520934554
540.4762752076633,335.92638846847564,96.54271890522938,44.56267066381669
545.301674020085,335.15601551542073,96.1948349461575,44.897805817820796
550.3572691467165,335.4965220648089,95.40579301595352,45.18734713045569
553.5552830108612,336.10157782294516,94.83064570071943,45.10417705667284
558.4453196334994,336.47527583015886,94.57102495483296,45.28197828593595
562.5143590396926,337.55075785664394,93.66154092241453,44.84726763281468
566.1379315995175,339.0886583098518,93.57281159713736,44.87480711374335
572.6970291691782,338.75170325950313,93.18891897856795,45.10693926987588
576.3093365845527,340.3342794964667,92.08110254869788,44.675718814228745
580.763494845379,340.3411350399283,92.0253289042426,44.62536702362745
585.3990691630923,340.86729659583136,91.53454621272454,44.95042392528722
588.5368662823688,341.09597635307347,91.30809910323052,44.774530418035624
594.2310312156035,342.428137416629,90.94562620850195,44.823047179092896
597.9571140171187,343.27080414253396,89.95868296417504,44.320292052554635
602.5097982954768,343.8969692181635,90.0304393845706,44.3726381956222
605.6348450190928,344.05067625490034,89.76198627623616,44.38218088064774
609.0663544707174,345.40803381474245,89.24789630136229,44.1530736234361
614.4256066402315,346.03769145553264,90.26692553166997,44.414934560842156
618.3998520501082,347.3737686465001,89.3619770970181,43.954755276563596
621.4007651735213,348.19877224031114,88.68125442303727,43.709979326352965
626.5501331502503,349.14857700459515,87.95657604861984,43.39569861515246
629.7760418268977,350.54850501002534,87.60045228358183,43.29320383514235
634.7054037335193,351.2676683728027,87.71656100512868,43.44239067560473
638.9073321110075,352.73625992754825,87.23485533886702,43.001792458386625
642.6957009421506,352.77675423402303,87.09770526965944,43.14551672390274
645.2164417432747,354.09942041897887,86.84050062969138,43.151792582674446
647.9056133152126,355.08593838518385,86.83434939179108,43.00863247710019
653.0098010403607,355.72652590930903,87.02141118209525,43.022102499879466
653.5561224552144,357.48037809274996,87.44537051093417,43.550505673128214
657.1347230212255,358.2793147608274,86.75950192896097,43.42569628274359
659.1933552651108,359.0826636163105,86.1450445815409,43.22416484012604
660.1811209367058,360.00450322878936,86.21985603658356,43.176471194659044
663.2773151531118,360.8924035901124,85.97806870469338,43.31707471929684
665.0353371219182,360.95626164326774,85.55588706223116,43.605029097290625
666.6574501444613,362.5265664892542,85.52589846869839,43.846360962248234
666.8566940665552,362.3207979842714,85.76396683264448,44.11687242900098
667.3369570646358,363.3858359324433,86.18763115745179,44.30819264509917
669.9199027978576,363.32536735973895,86.04760143112051,44.617815267287824
669.1800350321555,364.0797847549894,86.54039765149727,44.57947820418097
670.5438885454801,364.7032772748604,86.19360984291151,44.77263901462055
672.0132380664737,365.1280025849368,85.76954469489078,44.77872008697278
671.6352824225135,365.70645633867775,86.2142476154637,44.5668674086114
672.3401669450897,367.2947324866325,86.47079829820888,44.27261000596677
673.2457076006738,368.1605608888117,86.2570982212097,43.96589819844213
674.5202816050136,368.15755888960473,86.11983809667002,43.626304989309794
674.4930757853876,369.215846522158,86.06691844508074,43.42560205963724
675.7087888258679,369.8629069602649,85.95610813255281,43.45348562086992
676.5246305755443,370.3267553482301,86.28636718672041,43.18100285660872
677.3621258737371,370.54770365599023,86.35219187220262,43.36532116256298
677.2336526206063,370.97571469743974,86.65482212748424,43.469479183442765
678.0777496089256,370.7852770946509,86.36890621652721,43.424513206550124
677.137104967006,371.8969668098276,86.13326263140888,43.67594366122182
676.5717012418169,371.0675418857919,86.49103634365096,44.15468639259395
675.6408378495694,371.8087710029616,86.0815798758113,44.3612532026958
675.3070153173287,371.63543908309583,85.89798841809477,44.679623872392426
675.2346654181289,371.58724835823057,85.68113600783241,45.01340586879297
674.3357866048698,372.69105398582724,85.77152549889837,44.945073979139124
674.0222022503895,372.73626384263997,85.88918094892512,45.171869320740896
673.9748744861391,372.48091901715225,86.18038769605451,45.49824394590999
672.5104184707329,374.27312014752175,86.25674516715941,45.2353632057856
671.7970022650454,373.5329519163069,86.17219690607948,45.57734119443752
671.4715431178781,374.9866552040682,86.05078437985358,45.4114404801973
671.9000978603297,374.75566707945654,85.96684143223536,45.55310962364093
671.192029649851,374.8234430850936,85.75113130606604,45.7873737368061
670.6560079026608,376.41151009369554,86.03438242869655,45.62703399679337
669.6073671018767,377.49533666817035,86.26256834716693,45.410604698094005
669.2873461649496,377.6526704141429,86.24371001970059,45.80129678428149
668.7386464084913,378.8404339158153,86.33006491114958,45.651324247184235
668.3982185312677,379.46248332233125,86.85999638531085,45.56261009391949
668.0384829653431,380.55127508375364,87.04721866252297,45.825214978972625
667.6755609592589,380.9837666417727,87.56594709902018,45.75792761889306
668.1814803930323,381.8033150916608,87.632258265424,46.429454603317886
668.5685439079323,381.7634688469205,87.58495087006163,46.25609709332305
668.3035988488631,383.92463348149437,87.444311026614,46.222968130114026
668.6044839795622,384.344387056085,87.57037057917287,46.585728508513085
669.5020372696847,384.98460039442665,87.83411404890069,46.990223454106086
669.6834683300926,385.93484938349326,87.952309005731,47.040689092343946
670.8422598397094,387.02633208708966,88.26434773065321,47.11369988525492
670.6170879376062,387.6840971589433,88.72937633678092,47.19835246554672
671.8747640647637,388.39759269366857,88.8612098849257,47.37205724456114
671.5100540363229,389.0633101476507,88.98476011215263,47.386904222697595
672.2427757895049,389.8076599347821,89.04660969184066,47.318714702069485
671.9527573693149,391.2661308539838,89.15257473151183,47.49592865208771
671.9161300570611,391.3698092608376,89.25931754768368,47.62593245887878
672.8394400491662,392.1375127835187,89.5003967383544,47.39389982319222
672.6238198868693,393.1403657557156,89.40497888557226,47.57642820802192
672.5035320540674,393.53703137251796,89.6001060542385,47.796397989317505
673.0766824280222,393.98410521135855,89.96455631531616,47.97313787724909
672.9601841514491,394.59641412554674,90.44320865843372,48.08892825485874
674.6701982494279,394.302463411073,90.68133518850453,48.24096469881708
673.6016588622813,394.8894998494965,90.79300450273018,48.18852928553972
674.7160694375658,395.58516603710245,91.23710357921188,48.65602795833951
675.1668044875715,396.1847831498308,91.16652097567189,48.733185596705724
676.018302436186,396.4927718202621,91.45669736638382,48.68391103895101
675.7027206821325,397.32210498817386,91.82191314514174,48.68005417807246
675.8291873035032,397.14292933700744,92.0271152092356,48.72340646626614
676.2879978295409,397.66742123900445,92.24725777658286,49.024110000147544
676.3445577251,398.5197220144925,92.51940384244597,49.16444732341606
676.6863718316815,399.3592289489393,92.63487853169535,49.27702676773965
676.8550728846716,400.61114266177543,92.77232964331719,49.53056337672015
677.9281827298066,400.5043263391525,93.4595156861555,49.68985089849622
678.8417510776478,401.0777653479479,93.45586651069105,49.677651363914734
679.4363997860883,402.47016166285323,93.9570655385123,50.25339530942148
679.8877137097397,402.8459869459711,94.54100626134652,50.13385200102867
680.5923286220402,403.37575085134443,94.68296728986431,50.402513563298335
681.0557494697094,404.6544671732243,95.20887889996101,50.32769686726202
681.3976162152514,405.2892994098604,94.88383239246252,50.38293600135836
683.3079391256839,406.67485289400366,95.36295835733364,50.880968084509156
683.9690434418252,407.5308987304264,95.98195725316525,51.415046932446245
684.2901400432703,409.3613028588031,96.35743623140463,51.5321126686126
684.965982860324,410.335083765756,96.66036015826373,51.487111207985954
686.4391925889993,411.43284420386755,96.80184443893503,51.577515243261885
689.4009759167188,413.26465324744595,96.94937134276101,52.175872444496186
690.12571459463,414.4115604817387,97.68666657185364,52.23150284209107
691.2581208497286,415.8936002599314,98.34255556541038,52.377284182769934
692.3270362979089,417.1245251152805,99.06853997666695,52.775016419398455
693.373457244152,417.3734766886895,99.71299991065784,53.496767355832425
695.7886560121657,418.5697105611834,100.07349077947657,54.04778153299427
697.9995350707434,420.1712249030304,100.41542694866763,54.05231195803432
699.949338273844,421.42677431507786,101.14903167833053,54.07850084603655
700.9174829630828,421.6853812809517,101.82282301884729,54.64271448844667
703.1986412420836,422.2586179455449,102.51884109753375,55.138096637546965
706.8107157653279,423.5221500285221,102.70619584285416,55.45548199170369
707.4806930997601,423.9109319337184,103.54483385587467,55.97530673493043
711.0500032003602,424.6590592847082,104.1359027759209,56.17150529814099
712.4024400597531,425.6307064939575,104.62791440450133,56.68229932912052
715.4773939508361,426.72298533352694,105.22559239580332,56.768984030123825
718.5309842510665,426.78969425395815,105.80477072402306,57.38168533084014
721.6600341799412,428.0280980514094,106.22660393741,57.73941309627393
724.796190551209,429.49363076213655,106.76447567363421,57.552134725066786
726.6745365547522,429.4233039403302,107.7546785029736,58.356505280949115
730.2945858324088,430.93302149502085,107.97988193816948,58.50232190344042
734.7599470160128,431.95808498131953,108.66406111362495,58.866031410030004
736.8109976670878,433.2632424989891,109.49912221076683,59.10146742182533
740.4625754169214,434.0336020816336,109.79318760877442,59.24880687126706
744.3707994103719,435.11913709011674,109.96847078871295,59.61953616117037
748.4938241462532,436.5742031538014,110.72026505932072,59.933383506915
752.8001387587072,437.987229365421,111.45133719702275,59.72776751365325
756.559222689879,440.23336577446275,112.02386185482072,60.11474665250948
759.2220628805942,440.39226357853596,113.35684999145676,60.69275735692409
762.4297858043672,442.0800018800096,114.27884558830795,60.84778855694009
767.3339337285357,444.13041217083037,114.48584762968022,60.887646857897344
772.6604599501804,446.44938284099874,115.48349670921786,61.30664559629599
777.0622128149521,448.2111970001936,116.52963182592714,61.620754838178556
780.748202242107,450.23932192494976,117.05871784435882,61.70281828212322
785.2396195356952,451.5712507950492,118.16560398319567,62.265293921669844
789.3326856705286,453.4015153481239,119.20074513577012,62.723114367674924
794.6370471604035,455.1426169229298,120.52569601466276,63.2074322427671
799.5148890404269,457.43029147562027,121.9224981020894,63.96556492602147
803.8789824225472,459.9073872389031,123.15008564509952,64.26844537134915
807.9413452915013,461.24740674264626,123.68106249813384,64.49802354945538
812.944175789611,463.74003911219114,125.54044037367962,65.36891659005923
818.970658399201,466.68210924913126,126.01156496773193,65.59313374568336
824.6145758212277,468.6072502089802,127.48254493538505,66.20856532696216
828.4031148583326,471.4692990640292,128.3255499071348,66.60593234617316
834.3524760836639,473.22355307545706,129.19229510020992,67.4022110054464
838.9947563775888,475.2429229006296,130.32067644503832,68.18424161877317
844.1859780285143,477.0527178056871,131.10117507586548,68.60412152759125
849.1973907930256,479.7226501221267,132.29439015810996,69.01716369402848
853.5645610900146,482.80742469394005,132.9786610906213,68.95221211891374
856.9471383536219,484.41284447355315,134.48915277312364,69.68974659266172
860.4852359465488,486.4109661894308,135.63325158598798,70.4202621178157
864.9726021727324,487.95733380446285,136.7475055304103,70.94974692711924
863.8289408564274,490.3772892683053,139.04896024548265,72.1510080270223
866.7443191900077,492.23017366810535,140.52208093199044,72.79210202039089
867.9866046496309,493.59755757795085,141.8037618151883,73.2954456966715
869.1968699525387,495.6346084614536,142.96076040134352,73.64500087012624
866.2252447880176,498.81377127568396,143.5238542133571,74.0515277654692
866.9560538369761,499.91870738493475,144.43144874285085,73.89012079889028
866.2104353450804,501.452437446933,145.48046757197335,74.54376672729245
864.4074949999726,503.4749959683881,145.7831432489139,74.69864472527577
863.3784949190579,504.74742514725295,146.61366180712093,74.66378087438204
862.0328144783464,507.2820573807627,146.69082138124702,74.68012012135182
861.1443560475672,508.563809096771,148.81138798779307,75.14880748904831
858.8947496191994,510.10984393198623,148.67633828273046,75.00493256082069
857.9680012894883,511.4690588076744,150.02397115640912,75.39264270774446
856.5018246704269,512.8557245752744,150.31122713882507,75.80099018293578
855.0874569339088,515.4343478873573,150.84555548257345,76.27120308483188
853.2078576081585,517.4766993820599,150.77903501595569,75.89804532438475
851.8660458559261,518.7896931205802,151.53015315123417,76.46506865438164
851.2194556106787,519.5983195299013,151.90727986975637,76.23383148934963
849.9555165477702,521.1645333353974,152.99137030159588,76.79244367900117
849.3904995305215,522.6871508152054,154.14729334719323,77.15043175710505
848.6428237005794,524.4923251734804,154.4721580800451,77.3923953669863
