692.5,367.5,36.0,21.0
689.8745979576421,367.0177720007815,36.85986103433129,21.274101979033503
687.7358110177258,368.2303386304978,37.28304023986276,21.35831758892469
687.3021989984219,368.11274788065896,37.21989531856684,21.144462251978187
686.0811755593147,369.1005479139842,37.350421143466974,21.161816797106027
683.9633717393118,369.949275605758,37.39413949743155,21.276356204589312
682.8561411419674,369.77356724373715,37.533707217541476,21.513389842068868
681.3161659719734,370.18751377263544,37.601220929187704,21.4641265640879
680.2147307345844,371.2038299645292,37.71904201317303,21.691333953478548
679.1941361987199,371.2950225712477,37.7261121941396,21.60801004288218
676.7150204467175,372.3828970796414,38.229886415124355,21.728377139757512
675.9361946956889,373.7417379931634,38.05007456211723,21.664320800994844
675.0000620422414,373.65464068415326,37.87902922676966,21.697452816614227
673.9097907702479,374.6483967914092,38.033680228322154,21.73433010748876
672.8766251971643,375.0826619356945,37.96888163282041,21.678973232194867
671.5082454298018,376.2914606282703,38.008399145984825,21.702738943280448
669.8929965121839,377.3381674838507,37.855141535740344,21.579095663638142
669.7314205082965,377.46493667910005,37.981343942341724,21.794980447997567
667.5434635955364,378.8153079483666,38.13737718695975,21.755906448511713
666.2412762126962,378.8372138818758,38.21510438489121,21.54991776383771
665.2934257262676,379.89909544303396,38.32485791569371,21.674696950328816
664.1613431455878,380.91025066115276,38.5618764992181,21.87976130619019
662.4698218203199,381.8601887496857,38.55476931798215,21.863105682522416
661.6389256304518,382.43671853616473,38.75528695463814,22.05706268251665
660.9029471661427,382.9668431742616,38.35129020894012,21.941495527599756
658.9476441980692,384.22422765189816,38.249575149756225,21.73025297384642
658.0704491902256,384.49628608073255,38.09783568603506,21.614088316351953
657.69127467558,385.31046867108034,37.86781936317257,21.624677655881953
656.3852149614726,385.2354921307106,37.88407163440512,21.550613220842855
655.1571674254433,386.11224196823264,38.20900382461252,21.510578044318635
654.0653376563778,387.20377528512574,38.148873451473264,21.404831747827934
652.2988546823044,388.45117863196907,37.94991796521762,21.350874596759162
651.3503904293286,388.635445047241,37.94063557181605,21.28801313028425
650.8713411643176,389.1765562056858,38.09167099911588,21.62104194922071
650.0083780511957,390.19425792067693,38.18882317846197,21.71992539973167
649.0515586332241,391.0145699092586,38.45686682149578,21.714056914778617
647.8316247137142,392.10110302785097,38.79665655458921,21.728724804638716
647.0755581293299,392.8702856338926,38.742647879561915,21.853936791537663
646.8744517823797,392.94027588397654,38.96726512198835,21.904006282381353
646.3481156335598,393.1160928437546,39.160385095809616,21.840899255487308
644.6840950037773,394.35486954784176,39.20000281716675,21.838544593040513
644.7390472874756,394.9794074911707,39.13731099203922,21.893220651878266
644.0870771766196,394.9543553331099,38.9692576481918,21.681546464343512
642.3812401971505,396.08491797133684,38.74084018790994,21.59625584365131
642.5597485828184,397.31510494696465,38.8135821739271,21.87163709755006
641.6696531350498,397.7645191008407,38.460243406378375,21.77716250378731
641.817598559969,398.7062026454218,38.52407707817674,21.813840432821138
640.3255297264302,399.5251310046805,38.35733345481874,21.728141473970226
640.0675859392163,400.1309171441897,38.633357618654486,22.07654446140842
640.1071282017848,400.56279336985193,38.433708282585684,21.952253134027252
639.3503443293021,401.4959374986872,38.38339749132677,21.80181844824842
639.5783506548039,401.92082396219854,38.347649412228236,21.74562045046325
639.2865743380319,402.99904414969143,38.59844087729242,21.822066389869484
639.2793412222942,403.74676616471436,38.60094273920252,21.91293203122566
639.3496777622042,404.0466468532708,38.45579892359421,22.114087445075
638.5919194330651,405.09910129147124,38.549839575364466,22.30174296076393
639.1456986260781,405.6778545768769,38.32304489888368,22.262078944998734
639.4442561022619,405.8512158946718,38.11656281432916,22.344847412104386
639.2955431558516,406.14855263635854,38.02291214236073,22.385568323128624
639.2138453122418,407.6073605735542,38.22701266106161,22.451668221366027
640.5916572999181,408.23619089694876,37.87628256083102,22.372277676124195
640.9691981760918,409.39888136179064,37.99055624862327,22.23794489173465
641.8198622832309,409.9542768457072,38.00438530477663,22.073802163990905
641.8013854496014,411.25196438921097,38.26126813072332,22.004591370272614
642.5209577392637,411.5842635723899,38.10683228972565,21.90285814196868
642.9023682385922,412.0108185576494,37.98524866918902,21.98127286541552
643.6080073069269,413.26726003455275,38.00679001818412,22.00246183391102
644.2653158334504,413.9193539084117,37.81115122708479,21.962118933872244
645.5583011054031,414.54867108471814,37.60210042957834,22.0134639008319
646.5956319748572,414.7998665239885,37.58886151552977,21.956258147165315
647.243745416597,416.07947359454704,37.79413941091195,22.163222852407483
647.580888270131,417.13069222011336,38.087175040113415,22.080202171938303
647.8894421214493,417.4181492033926,38.044537559473085,21.971213213438315
648.0634499018328,418.671474521007,38.04911542064224,22.00677935601103
648.8169498182194,419.284332932582,37.88909890142933,22.025060225922832
649.0509307044349,420.23242662550877,37.84694773428603,22.13455769266944
649.4550049783353,421.27886493809376,37.92967118813327,22.247476355585363
649.3101987974676,422.12254029471,37.97290266939363,22.04282384448602
649.8416341060697,422.6775401114717,37.78022672572747,22.295667605242134
649.6612014131372,423.7194183286353,37.80471919966245,22.284962385133145
649.4199634657414,424.5918906393772,37.807303257810766,22.184326569114955
649.8001744130842,424.3721358007789,37.59853069517179,22.27764284330596
648.7317507104416,424.66288785309166,37.91178841787788,22.184039979267723
648.6580286571032,425.9587296996592,38.05401037349885,22.06697209843418
648.141540298852,426.9035569598084,38.01889402855416,22.083912450610573
647.1849368937944,427.59980778859983,38.22550792122683,22.059976113996285
646.7835249575821,428.2775865745713,38.13647446762069,21.956053735878214
646.8550311714558,428.2218410619023,37.995014915608984,21.99477960458947
646.1338033055952,429.1232019844529,37.79673418664462,22.006761700833454
645.9325043268665,429.97879304529937,37.56285914405255,21.93132844236068
645.1299993336627,430.7919023457825,37.687521020261016,21.952056867647258
644.5883401142011,431.0959260650009,37.420501119378685,21.818532168859143
643.7996373144573,431.86194224707316,37.487918530122776,21.80172926829202
642.6587723768884,432.80715464964385,37.82225606078587,21.76323460459959
641.9079925549379,433.024424725512,37.405857683522726,21.68300240240621
641.075589936091,434.0764383574926,37.70813566997306,21.79182284810084
640.5150893893024,434.68335224042613,37.90773216340678,21.898384233806937
640.0577279354831,435.13634587762704,37.928649209572214,21.93040401611826
638.5086753372757,435.95062542447766,37.937637594234694,22.051699248665155
637.8723927656976,436.60491038487254,37.62017731243378,21.996287897211396
635.86347914977,437.0611196622976,37.45088219931805,21.996502224956288
634.9771689185313,437.5665022164286,37.599077488989735,22.15066602981075
633.6663133334587,438.2584296102611,37.56189674285989,21.92268692497658
632.7382556913449,438.775884303542,37.61738253051324,21.89652976524426
631.6419101407095,439.8339446115026,37.55184652187497,21.882085613403856
629.9981049467865,440.71666354321434,37.4773529706644,21.897174149592878
629.3103665198357,441.217490770681,37.492076049923114,21.924654802653535
627.4221926707638,441.5257441333488,37.51861662869736,21.93959634620844
626.1996129870282,442.1406055574972,37.708079937895214,21.978003085085028
626.8789731421875,441.39769950228776,35.70973091921397,24.70023296588964
625.654306167509,441.07019660803826,34.79057107317602,26.239296633836556
624.6387335508464,441.6029292028485,34.1813859918653,26.97919188065569
623.9704522538851,442.05880636852885,33.75537629727445,27.572881718339435
622.902045186117,442.3163421837036,33.51819703605189,27.935806532692013
621.9633899464096,442.60079116992506,33.4645939479236,28.523796568366798
621.0708739068067,443.44300012695703,33.71246872999504,28.467447935880912
619.5212842783693,444.0128965068154,33.6275826449202,28.116481701375474
618.3042169716961,444.26029367962724,33.24053381519737,28.020843806977194
617.7525245186249,445.2188418588769,33.32439343180407,28.251269182715482
616.3206093438718,445.77987022092486,32.89888638468861,28.125125427732
615.1527196963074,446.6625568589292,32.87753324497256,28.087043378110383
613.9958192077827,447.2033217337197,32.75653621977874,27.98945083241349
612.5646324313045,447.35694915540006,32.66826337228355,28.045721320073113
611.9638831168847,447.4391902318176,32.97514825829468,28.006390175605603
610.4076695949464,448.73011811715264,33.14074836735698,28.037420118512706
608.6335082020391,448.85672481061675,33.16643831587591,28.177378578451062
607.7147007428646,449.5913330444539,33.291161774759985,28.496001165838205
606.4694862634533,450.5827411333209,33.329373393113144,28.285060965620303
604.8772782301542,450.9348985831653,33.342535778528585,28.33005268509882
604.020041057911,450.76217701427043,33.37587053465887,28.91150418387056
602.2146009896836,451.3259556483093,33.35704834147811,29.44025342099615
601.6561783648564,451.0919628303269,33.43707222577605,29.67753789354968
600.6069471312098,451.5641149515256,33.26562268859827,29.985597690573357
599.6803266700715,452.2315840558539,33.39623609031368,29.559865335855843
598.340352493039,452.75460343463425,33.743035249661496,29.722239106333195
597.2153163456815,453.7767870144154,33.699748026325295,29.903187279183612
595.6898567982345,454.81343886996535,33.91833784799542,29.993372432982426
595.1442256318327,455.9422080743427,34.196273941213086,30.09809222010471
594.3013533367662,456.23330939722365,33.800122941517664,30.256203104311147
593.7722103436997,456.7915172492152,32.57201743099215,31.647320950590498
592.8246946959715,456.843253262545,31.648577056297842,32.105778805503604
592.3144903581623,457.8008358403086,31.225045688467013,32.39730205405967
591.8456046540201,458.4772531710561,31.1677068233901,32.06548005640596
590.7456970636549,457.89979484846543,30.992983582489536,31.828306381000065
589.125570481321,459.25377989468484,31.137537436854647,31.55742144023357
588.1203487397476,459.32061068480635,30.890727511569654,30.990199637603297
587.0120859933713,460.8203510816944,30.837556053409465,31.10427236784445
585.7753399153253,460.3430501728681,30.384752452207973,31.023518855983525
585.1017702658414,461.2629104158038,30.123249173050745,31.27964549993393
584.4884845721895,461.6440109227596,29.84545142068329,31.166441137194994
582.9676167824518,462.09972371857714,29.83066129291361,31.101706140709837
582.2140324067017,463.40459581958953,29.828220345164645,31.41966794187414
580.842880350895,463.99063131008995,29.855485918798855,31.21067909559705
579.6820745043962,463.53204906253603,29.604595952403308,30.95502087685297
578.841457944389,464.15735149579103,29.51847112697544,31.06055066343432
577.8056261407679,465.41259553566243,29.79615103632646,31.449272321469277
576.3006240271412,465.78199504701814,29.85599023023931,31.481599032610216
576.1344670718872,466.1671341546454,29.70103232520885,31.56775003660166
574.8016484577146,466.7974026722916,29.705343383586445,31.76987975126353
573.3493522389972,467.02465031894207,29.897894204581426,31.852406869785746
572.4750362612078,468.3313099399903,29.645855727115674,32.10614065961062
571.3414597354968,468.6406758075808,29.480079501117878,32.19390951427722
570.636462522822,469.21593861982547,29.05407706024132,32.329354339235536
570.4508008123388,470.2998717135849,28.796267435534283,32.50886449830489
569.1810965346085,470.0409811617629,28.92849329751334,32.107574762067
567.8047628867783,470.65733652690636,28.856643343112623,32.264686276424186
567.31976578305,471.4730233711049,28.95307598946176,32.29006314783395
566.137654301518,471.7670407019642,28.989610258525598,32.58709445892035
565.6537560076729,472.04759482326887,28.97318210952523,32.78293438935713
564.4043486900347,472.5010960507233,29.18599363200871,33.22248323354342
562.7693915559239,472.8791921267792,29.595887024299483,33.420295547965345
561.66719686355,474.0436049677807,30.122614513295375,33.69213829629063
559.8166174182101,474.6630659087263,30.742273350569384,33.53723154539618
559.1321615635716,474.9666587737886,30.921919451058855,33.492934854788004
557.7972467999665,474.9370969044879,31.114028479230313,33.27944041883659
557.3950940009117,475.77101752735797,31.18651891801894,32.98546060517185
557.2522441365843,476.5030839427032,30.745979382662426,33.22428349729026
557.3487516441687,476.0976968810332,30.42457126878162,33.34784515343668
557.1423032256579,477.3033200753019,29.88031412983961,33.57380365038206
556.9802463468577,477.8660546827864,29.55851100826291,33.672093371341326
556.3452109526569,478.2711623391776,29.068277584094297,33.79049702609208
556.4242843178363,478.5501022246474,28.74400798507841,34.38130831331142
555.6456345391772,478.74392481727847,28.323482258392538,34.8394808131765
555.7905420278144,479.38029483827484,27.949507407692295,35.51001789177397
555.4767910899099,479.856690469028,27.71162619491251,35.904668541965
555.3596753829837,479.8709693096165,27.267064238041115,36.18255493947188
554.2079244460616,480.1409728976494,27.016958886467194,36.21119675737498
553.96935370497,480.70449794417584,27.085396981866822,36.02784757393673
553.6122607124425,480.70974430893074,27.1306522575597,36.04667695081814
553.3315792962816,480.8169775302897,26.74971930016298,35.905687984935426
552.2109340466753,480.9149544191739,26.78627475871071,35.721480312905015
551.8335467169564,481.40381690987016,26.345243153271277,35.81086229371648
551.3327465779316,481.5597796909835,26.052633951035183,35.81306423631541
551.186038562869,482.7375516421346,25.98711337332276,35.64613994766066
551.3141777033015,482.901804897432,26.085394335183114,35.5591853280351
550.6318311855194,482.87171354463965,25.862311067455966,35.07838072082614
550.0550188879455,483.1508536689097,25.78512895426806,35.00760513336927
549.8765710656039,483.4809882141237,25.49194701754559,34.8865163217192
548.4763009870918,484.05471378497583,25.87711361080327,34.28375268955173
548.286860562077,485.53845571116426,25.701966426622604,34.00872293683004
547.4734802753526,485.3931944480863,25.397337549044657,34.10983352479548
547.3268434827128,486.36171511505324,25.329025755677314,34.32278131897448
546.6324774985655,485.6240271273536,25.31763472382673,34.56580730257535
545.5260521834117,486.6549159733143,25.48220797605218,34.38343701650722
544.6023759774766,486.9457130118611,25.404746163679263,34.09202660278182
544.3620398453434,486.80704842115836,25.143032742501802,34.1297086192464
543.3686684633925,486.72932526972,25.32535944595599,34.33747243341352
542.6947306855726,487.0237946338888,25.411009850533574,34.59525553305964
542.3132314156428,487.02026573254153,25.610376200165774,34.98554062447731
541.593420084479,487.0831642078394,25.891845805394958,35.17223750480085
540.5298326513806,487.93758306703364,26.370201463446545,35.42859126990996
539.165405186009,487.82096071540474,26.99698153266334,35.82464774420291
537.6887865628983,487.8460500909564,27.616783243453924,36.24928939834443
537.0845575397906,488.94905673291464,28.00905706697099,36.277572197878264
536.4354572781665,488.54918444890063,28.116473135873505,36.31405473244381
535.6107093597499,488.56789388680545,28.195666367077756,36.71922072887992
535.1701058235655,489.6351989430967,28.27212257970938,36.85125175628149
534.3944395942991,488.85828221598615,28.228687110118493,37.03813732117467
534.1809144664346,489.9145003554489,28.156813259487908,37.36672749145262
534.3147868724868,489.1019673413094,28.003183499308747,37.42154694246884
534.7965796237678,489.55275694173156,27.69741005567245,37.99009448970949
534.087374102967,489.33114158093093,27.516880724806885,38.054652283692675
534.1422995265058,490.20648157089784,27.184501941628557,38.135662257562956
533.75155122392,491.039627157552,27.024398104867238,38.434157733004945
533.6541414496098,491.65288896547753,26.914148594354167,38.6257791776931
532.9945887812127,492.01107406443634,26.9229765883522,39.21462874925332
532.5128916142879,492.5264125410646,26.796852732771388,39.7207636246101
531.6645640986708,492.158485696045,26.55162110056875,40.14948617322513
531.6767983432924,491.93440986675773,26.282824976752565,40.4256934668942
531.1409450327027,493.08537101408945,26.575192940075993,40.819784146016275
531.3062227378491,493.1317224265007,26.70684836380957,41.08592965455254
529.5013367885787,491.7830418722765,26.56382838078909,40.69017900953716
529.7616177663334,491.7815453594346,26.159802267698396,40.950610277656466
529.7493943214341,492.7437763719154,26.319200018831754,41.117495231836074
528.7105527411808,493.74469924052215,26.102723290117286,41.2052858204587
528.7250490730435,494.0959340041853,26.025323015886073,41.221597704780095
528.3024621480415,494.2328996441173,25.975420173785558,40.91535954143201
527.7822195887294,493.62006569703004,26.13565305032151,40.810087546652426
527.4279827190949,494.39771620548277,25.81259271385357,40.84415046235658
527.1117329632395,494.3304659175854,25.833844388020715,40.43618034456297
525.4097362486962,495.11780361439224,25.864290978347004,39.69665203375499
525.8874427095598,495.12732194913065,25.791395513628185,39.21898665019357
525.0914578292806,496.2247425438002,25.893444658036785,38.62298379016964
524.4424158643636,496.1006962924266,25.88142350249775,38.233141906186525
523.6815339390976,496.6691439995725,26.008480030909084,37.933410834298215
522.8608621955199,497.21671988573047,25.905320735242903,37.694302579571826
521.7950981868745,497.24001473423306,26.073674290215187,37.59638924892572
521.7834473834017,497.653132154332,25.9827071919119,37.481454662595816
520.3493957070689,498.37743984824505,26.21046759375661,37.2239761117754
520.9556366436569,498.07049167831315,26.046316266006034,37.41531244525913
520.422171660856,498.82241726111613,26.09412303500614,37.35225062157973
519.4276163500216,499.10105394949625,26.101859631329894,37.60284006306064
518.6183691415355,498.43046368928526,26.277736035873794,37.76782865748008
518.2225606730434,498.9569157658983,26.509393024795152,37.87826447674998
517.3102184167398,499.11927645911544,26.880431235179277,38.093751310797586
516.4824500567807,499.7055978091588,26.9802677721826,38.20847225912547
516.3646313518686,501.09605243422754,27.282796591463544,38.546863374436086
514.4366592416162,500.7137022887595,28.014095340395475,38.338049168092
514.872526767923,500.849643038372,27.840998190518675,38.21181184189311
514.1220610506341,501.9840971578239,27.688058804097206,38.22773846474463
514.7501825051886,501.2598071204951,27.18278339758217,38.68182845236998
514.0575276284453,502.50652188183733,27.136477321600868,38.34435829743759
513.4632936655615,502.35869829977366,27.16477242727731,38.20479547201711
514.0265681636326,503.5682297359152,26.882742033029448,38.6499482121456
513.7630593209391,503.4917468197853,26.95664556646182,38.96138953282969
512.8344524666081,504.14818380762966,26.758593610069624,39.064665054173105
513.1740730591857,504.04974091527265,26.295263053352414,40.08551811689087
513.118147971258,504.31810796861254,26.54144360619034,40.38807158927068
513.303735023056,504.7012224693675,26.294495215907066,40.95469697790503
512.6425856588842,504.616980366819,26.189474894415525,41.06996941950098
512.576190845163,504.70954612900215,25.96358609153907,41.435044437149685
512.0958629552491,504.66488427598546,25.875838369856243,41.73072274635449
512.243770851628,504.1184941929965,25.93116787438725,41.541834368516746
512.5872635624276,505.31781645351407,26.008864090075285,41.68312162162101
511.34896099679804,505.55201978236687,26.109211801748216,41.52708818483599
511.5770426936394,505.3583210240099,25.81187848452157,41.24920226000628
511.2825439740595,506.39566864109594,25.633038935709138,40.92213988697167
510.97179649238007,506.255275148352,25.451928210496,40.72879400679227
510.99947732428836,506.6824450275548,25.065578884602438,40.627157021003924
509.8792192958389,506.8723061219754,25.149987754230267,40.54942301661486
510.49675772053666,507.4297243061001,25.057957760761305,40.24893343867906
509.39626634771724,507.6692196683556,24.792319822730065,39.93245906968269
509.39274980004365,506.7851301187526,24.52828750412534,39.51257335527477
509.20484103193706,508.19500609319266,24.57736665299229,39.10405769255793
509.5240192892569,507.7955249890794,24.380797351439725,38.98841034935467
508.8785052761511,508.32211809780665,24.566178886600586,38.63157542164937
507.93660297477805,509.1302106826321,24.810223471951602,38.2058013428493
507.40877245930494,508.86875220104173,24.71097203112665,38.24644964476937
507.01173714302496,509.8841697111227,25.021269253366317,38.330439634907194
506.1985508846526,509.01890118951235,25.223029963241494,38.28429227470838
505.2480843795123,510.0568647816389,25.379936193393682,38.520374425019476
504.537894619963,509.22861724747236,25.732540343801748,38.98213229738396
503.0323654712699,509.3719367545719,26.438311995298687,39.35313439598929
501.4569761754282,509.36953899111217,27.154484273276534,40.00410375770946
499.6068676409523,509.6494115076987,27.772600235584743,40.2587545098682
499.17054165694464,510.2763572228215,28.210148131506127,40.675979074075954
498.3456685921543,511.04775039293725,28.540331229890178,40.31532593162892
498.5955158371461,511.40393248136564,28.713623008903788,40.0501496851176
498.86304313240703,512.0095053814175,28.698645646928114,39.911831581814084
498.7404745260756,512.4703660372078,28.765853875425655,39.80401097938579
498.54975731023336,513.7182746909732,28.63269452706943,39.51956485525035
499.12459196062696,513.0048981926616,28.203958246397143,39.65751916203142
498.26546532491034,513.9125812354815,28.092303504486644,39.58529830382381
498.62508332704846,513.6882706911649,27.882342042542046,39.62946957193856
498.1527847065783,514.0614963949191,27.49176555740052,39.34268233040369
499.5118793093089,515.4796342794082,26.906660172282344,39.33700229316089
499.88427732064184,515.5341096466843,26.50613533263042,39.44406130957071
498.76693827919,515.9992565336811,26.27745072174742,39.95434993017705
499.7412495564356,517.0702882942559,25.853818845089755,40.532814534790425
499.15522889383,516.7208300975944,25.915123800214353,40.60458665101751
499.03627327062463,517.287900985514,25.695660563278178,40.57489116710198
498.83986134313324,517.6065598020169,25.38649017797695,40.47384665592991
497.7774342823882,517.2893315691209,25.1068962670879,40.52761190334577
498.593377029011,517.7615803889603,24.828092953865493,40.53304135526561
497.70581866315473,517.8508974744913,24.762755703224798,40.628977440675186
497.1767109715582,518.445371198798,24.985271170532027,40.238444520431756
497.17847039962146,517.9175031551167,24.953892216818268,40.35569480657432
497.06230009653444,518.2975073588208,24.97456419751833,40.39812549275595
496.7302447507862,519.0588211202427,24.821295891212166,40.29023734025832
496.3158373033676,518.8802691388976,24.456651871292593,40.523489459770104
495.99032013701327,520.0385460242724,24.609144580647197,40.04081706719449
496.3232384752837,520.5510752226911,24.334465412002885,39.804087914016826
496.0150961308346,520.902776954015,24.070117819597606,39.88622544935114
495.5489204979386,520.6345894876287,23.987608336144945,39.792555385385334
495.16286182213287,521.2157601302097,23.964334485783407,39.328729694229025
494.55894971346885,522.1377251786768,24.253644451402508,38.95395085576333
494.582678203374,522.4779906068637,24.404614180171315,38.891091489105136
494.44160892414266,522.9486601215712,24.812622325697692,38.45847834126667
493.96190384102135,522.7315615422773,24.69887518145444,38.224733571944554
493.5225702942791,523.9248676582301,24.577260464178543,38.10593573785093
492.8029533130468,523.8894956591646,24.589123401557526,38.088096117579326
492.0864121485919,524.1454855415788,24.81313278296536,38.18612566538083
490.4619146879419,523.8144600887339,25.162395114543692,38.03232524031346
489.63647692319927,524.8468329346443,25.54792924292876,38.09545177711489
489.8466399070985,524.8976141243185,25.905118805716526,38.35171548166516
489.43034067895223,525.3872890872968,26.123226216534047,38.50334437841663
488.4815827281818,525.5392962158752,26.586650311663153,38.43613713977833
488.2526561396694,526.9611543072178,26.816348099259862,38.61500539541697
486.8905121947544,527.0664483774386,26.739783690353228,38.272520192912324
487.2113717280848,527.0586045555746,26.64831330619129,38.48893141020589
487.0628488758423,527.555103411641,26.618761618117283,38.57638864363732
486.7867559994652,528.8124976723985,26.592099247321087,38.37845459905085
486.4017887657294,528.0585609761742,26.36583124592059,38.51519442559676
486.54334468973826,528.7555687446958,26.10204840748049,38.4942144386712
486.30930296809794,529.5253654602212,26.017573309463316,38.3030496146073
486.87584560135815,530.3409778491421,25.679755267254706,38.12437977794295
487.1154274468663,531.1020739409053,25.358262297650107,38.22717853451057
486.97284605624424,532.0773323572814,24.88236889412552,38.56739646967202
487.15219744282575,531.8167951184963,24.787144698099464,38.42291308591409
486.4985736952783,531.6895684765124,24.762874019976607,38.57397576562447
486.59422566163255,532.5724591514806,24.88034288962107,38.653345720886506
486.51382563221694,532.4214766983996,24.77557674843432,38.55876107436955
486.29463678391573,533.6245336557067,24.826625224264887,38.85689463442587
484.95382139854433,533.8882874430747,24.933695591183927,38.56267990756176
485.40514868731225,534.4014018155511,24.46652515475939,38.784485639842615
485.56326103592124,535.6848485081247,24.08482160366014,39.86897517782178
484.3960764857527,534.8373766608518,23.992814361223697,40.029297037612764
484.2338733595271,535.9061940786343,24.136314377503226,40.102302632498024
483.67181194760417,536.3289077209145,24.28332168945486,39.783168387259515
483.7388198259263,535.9173938647202,24.307089217593948,39.886800938972904
483.4679584700268,536.8562257742212,24.35048375027185,39.73026629897183
482.65250982672023,537.3377759499451,24.67632136548307,39.49896227177711
482.29286165025576,536.7606758465761,24.7801647731797,39.322414754935835
481.94194270623734,537.0553155970139,24.520244822490454,39.57689640012886
481.2079276987737,538.0538620035835,24.11384465782185,39.3175605545341
480.6900868576101,538.4253621475785,23.986262303970438,39.302197080661415
480.98705307665136,539.0672935445322,24.056162888005467,38.86253829533345
480.5905229547182,539.9876891216545,23.993991727567327,38.56158652802887
479.7576640773769,540.4218474607039,23.912211089191103,38.31433719507222
479.8739333815166,540.8439039348209,23.990471572966072,38.49641679272921
479.316326983572,541.2884344859309,24.18061467910458,38.39397052577151
479.39592246030514,542.246211349999,24.35558590129366,38.50976574134555
477.90897936628977,541.3572338694755,24.464049602065558,38.76023497412875
476.7972435740646,542.3901869732123,25.081950870201126,39.0802769478075
476.1004683770901,542.5835306208269,25.684439803178257,39.230910326044025
476.5610294676859,541.9086860450471,25.820139683525383,39.41331761152995
475.81016766647235,543.3191751594525,26.599239222460696,39.67108522469928
475.3409094078201,542.9347430199406,26.8616950035859,39.55480836946091
476.0056828819816,543.1817907024708,27.094259909816074,39.69439191751701
477.0874561420648,543.3454203440967,26.836017583146372,39.73039782081342
477.96021780697345,544.1215667539785,26.933730699709756,39.58149707754213
480.35000385144247,543.6833233060316,26.524083632896946,40.04543134849497
480.8728211607908,543.6507774250656,26.582111862672882,40.0701974911467
482.4841223986077,543.6948878779319,26.512190022491325,40.42792077543945
484.60946697268935,544.351750096642,26.051708737182004,40.74678400929899
485.9336710791573,544.2374983951307,25.748934507858166,40.87350625268236
487.80882716947195,544.6864856774619,25.394041448017393,41.338109722420896
489.7312331294405,544.9815246057657,24.8792580620159,41.622263621546765
491.97671323029095,544.644669394877,24.299981419732745,42.145091188266385
494.50907537684196,544.7848740566048,23.81749007874859,42.84151812894433
497.66256600850386,543.3370422364123,23.406931678431388,43.16557155700319
499.7939536405926,543.3531948082655,23.36704059241565,43.32003403612554
502.3427987329057,542.7686824905944,23.170124886701725,43.840244291298674
504.5920979885726,542.5560169586246,23.50907033975391,44.058154156751016
506.5441352398631,542.2044259704757,23.737332453688914,44.090325042770246
512.4552378229491,542.3036823990748,23.881026754985324,44.009965824709646
514.3436024937916,541.6964207508032,23.80025841183533,43.569023399168756
516.8372072599968,541.1012631716046,23.697509328643637,43.1101767419227
519.2129087355784,540.2380560707862,23.812178555367556,43.01410800002468
521.7449141500731,539.6809891643348,24.047726365904506,43.33739188883982
527.5748044373005,539.684119159511,23.595325132575173,42.92384832414469
529.2168530619787,540.1629033517885,23.486286248087005,42.37592704671417
532.1067707116558,539.8461277622821,23.81376172067478,42.01355375291818
534.6825483061093,539.484833704713,23.484199405913373,42.26326287549881
537.5228738929502,539.4415203558865,23.587068453941782,42.13173432319851
542.91345767361,538.6725219139223,22.931438764936715,42.022954054111864
544.3143001681592,538.7827575270888,22.67586106801351,41.71726218539091
546.154188013197,539.3658574308904,22.872995826012414,41.8013540829193
548.1584028890636,539.1283332267453,22.662183509734326,41.80501257168994
550.0687056215121,538.5881319321028,22.88886407846791,41.796327793917285
552.2840788411783,538.7146859992528,23.192419683050346,42.084748540213475
554.3679889841485,538.6872745807822,23.15814193479898,42.411612191315996
555.9798663223199,538.7344963270632,23.12429623977944,42.4720971892735
557.2233209162434,538.9042753505942,23.280942693106702,42.88945930107464
558.1387796116604,538.951401524254,23.22089360366435,43.19065084027338
559.1800386512147,539.3689950901921,23.45936227229764,43.074296201225366
559.8785463892963,540.6602200096657,23.685425023177412,42.71613458745222
560.6821441098234,540.4193572017595,23.80310562830396,42.57531704711768
560.8836010803199,541.8112393790719,23.872470014060777,42.452620178302226
561.0448316388071,541.4277942390966,24.095676306983222,42.30472191407489
560.7387309387998,542.1821279637204,24.28177438329982,42.107241255293616
560.9166832436878,542.9089488127121,24.339672099249306,41.949911770254175
560.1449160918366,543.9383712811849,24.38985422819271,41.72297064857791
560.4831833274603,544.5060037657119,24.204115160664273,41.68171925126333
560.3637568343047,545.0592812996427,24.211765783007635,41.78580139520107
560.9277526478485,545.9934884595693,24.316075748746908,41.512833304328936
559.9605320485705,546.8737342353667,24.694243129286868,41.59441876956474
559.9866820985317,547.5225154112574,24.681468243947194,42.12387491715786
560.5757036504126,547.8466119079019,24.762412686152473,42.06993802690738
559.2171679762079,548.4453833684513,25.10436482527232,42.37551385924182
559.7460428053869,548.6798187287538,25.078929586660692,42.598499165286356
559.5879977021242,548.9712195319447,25.31060782936558,42.33288144090254
560.3706867272065,548.8896133840086,24.18728265018981,43.590304242260245
560.7193666215538,548.8290079743773,23.666347245612236,43.688968704979004
560.6311499069195,549.8524727126276,23.317930902427634,43.80441038707848
560.7888739357886,549.7483327756811,23.11617596278485,43.595352992380434
560.6442318667918,550.2932713444404,22.770228069433106,44.06966791151764
560.1134733442465,550.5660839345267,22.679391946989902,44.054927593291225
560.6496881781031,550.9801446208868,22.291369155840673,44.60283213571697
561.0263152309805,551.3944237833847,22.362354840525533,44.29374831709925
560.2332601123452,551.8663520011199,22.047752110877234,44.30448828188979
560.4580742406858,552.950953498907,21.775388946926235,44.22152009428365
560.302425936323,553.5723838847314,21.553625064567015,43.62638293780456
559.7988064328988,554.8408222541983,21.514140467213224,43.184263755785906
559.2458498325584,555.5805876709679,21.520841855874643,42.831982759168355
559.4897701186155,556.7582199949148,21.353238950128794,42.48011772179393
558.8724075539375,557.5252123684593,21.494837782487757,42.26674981602135
558.4275306165101,557.5721499269545,21.437048453511807,41.88672662774179
558.1805160705097,557.4966761263079,21.359807377684895,41.52641461361361
557.5570361699515,558.838639043231,21.460602642325206,41.35700060342166
557.6831140428206,558.6347176670273,21.05497819832393,41.79494363438546
556.7614694046702,559.6419719262748,21.4020425944063,41.659322888450646
556.7788896765471,560.2230963314194,21.38768241521339,42.229310105879016
556.5479262946657,559.8726161080308,21.449700219110724,42.329954683801645
555.4099286010919,560.7854030621078,21.767225380924096,42.229883624272766
554.7215745211432,562.2374763790699,22.410313672066273,42.07202147521183
554.1438091816087,562.7918545912662,22.65144782670577,42.2108608378675
553.4704950839398,563.7141709430817,23.349052131548365,42.01946631153595
551.9624498358422,564.6895507704147,23.781742378262273,41.737355495866915
551.8592825058886,565.0576239262127,24.346035325170405,41.63524644051172
551.6101897625086,565.6774872037223,24.720632793810864,41.49657562680268
551.4888510452383,566.5514973751999,24.750841738347013,41.46328483134809
551.2163720528428,566.3722239866886,24.4348761348621,41.685062611655226
550.8608011412296,567.3651842000723,24.15570693151529,41.93727108541558
551.396408828513,568.3207809559539,23.700167661971008,42.331673210020355
551.1391804152435,570.2626727362784,23.748570704616466,43.43473037431646
550.7841733713434,570.8077502556034,23.707495100300726,44.121251513644786
550.3900904308061,571.2592479502889,23.655067047316123,44.57226038815173
550.4965869130378,571.5330627734572,23.66447151458396,44.90210904334024
550.32153251861,573.5102233410539,23.019004875430817,45.30042329175279
550.0110288512316,573.7308729580869,22.809303587255094,44.89534980500391
549.8361657571548,573.8858174940067,22.465370946673232,44.84587384342056
549.5659776454254,575.2122448205149,22.444942624252576,44.73814419803355
549.1710825444046,575.7975106240731,22.42470510775027,44.79061895860064
549.172781264467,577.0657190810549,22.380906626117756,44.84622541728712
549.1833652016976,578.7135329265799,22.13135337770646,45.884042321574086
547.4836099886639,578.4604974857948,22.42230395689584,45.36369141778967
547.3234416997034,578.856713782599,22.621451924024832,45.02222732813332
547.0263625091775,579.4787691692801,22.77380857825846,44.55020847991529
547.4213364688484,580.5125009054428,22.712868320259286,44.729391173437435
546.4383312350677,582.1550144551651,23.08360290891445,44.22403145146489
545.9973687931496,582.978326774998,23.221344967662233,43.92776243695171
545.3378378462824,583.4946635566216,23.14333848008713,43.91562338908544
545.3294422660848,584.4383394502047,22.866874847792005,44.297321484807924
544.5193283139579,584.1496292622721,22.59968519719052,44.45060233120651
544.307564641927,586.8539210692372,22.563674081474304,44.47888690804176
543.9506824889701,587.8945102366014,22.392484530920008,44.0980718517023
543.238463904009,589.3915962189496,22.591856827146714,43.8902117518587
543.1700181213998,589.676233896799,22.471183579466484,43.78469030503258
543.1598126838651,589.7706637406676,22.413057288417367,44.0581685284244
541.9086848504261,591.5148381821925,22.612297246371973,44.55238218733621
541.7233790458451,591.9001864618112,22.45951999292396,45.248943008584234
540.650948754414,592.8507686119272,22.71547433532307,45.312024742974664
539.5205084316431,593.6406052570226,23.017881536880047,45.349241764024896
538.4126225141872,595.8673459376578,23.671926682452924,45.725688800887006
537.0178125420723,597.3847258761019,24.209858861561376,45.297117221270376
536.2547823092725,597.7822030112936,24.466383904835823,45.05192472304265
536.3558290503457,599.4892420865887,24.50427466679742,45.34512816196069
535.202272401364,600.4664888092261,24.7247685876248,45.30621999615039
535.063898004146,601.8649938861956,24.800881710445008,45.28051588011422
535.6460900567309,603.2808349339224,24.589881647061425,45.79811342676588
535.4291309677395,604.0718935452106,24.577061641545814,45.83567279415533
534.7972847581377,606.4597871131709,24.64869680881929,46.43132702252308
534.2960848928117,606.9131531563249,24.68331964490209,46.967778000675764
533.9462731140945,608.4759254052706,24.407694984753448,47.86864598981444
533.6909082529687,610.887674532771,23.653195362637263,49.275170642070634
532.7819571660085,611.4494383075063,24.062561102384056,49.742144520250534
533.0807014419709,612.2531152954531,23.70562269596614,50.206697349395384
533.2531724674147,614.3003559415408,23.60338351663956,50.368979038634635
532.0034285140608,615.1788862381102,23.80398798523708,49.40823459234662
532.0579552333845,616.053048425949,23.448300242066146,49.00486470733061
532.0151904354027,616.9746195353357,23.148954987518096,48.19842178360105
531.9288320291835,618.8600562865963,22.889438794194476,47.83314906728905
531.790114256747,620.9432031490469,22.62943326421949,47.6906695437428
531.5532533110954,622.6137929712439,22.857803349239525,47.44769999570803
530.9313038505957,624.5660088665951,22.885834393232436,47.5377993596382
530.8376469538135,626.2801529166339,22.828233178251768,47.461666229729644
530.4179802858066,627.638085089501,23.220233237993824,46.73719235068552
529.6606483304957,628.4374595870056,23.557142269617827,46.13425028812573
529.6883511124977,629.8599471268337,23.45514447749939,46.04097322558979
529.2442968556163,631.8808175455725,23.19820389610821,46.00337133464543
528.659021121562,633.2732538996862,23.139965200223074,45.92946712083328
528.0974246008896,635.2895005354302,22.84834317332287,45.874845028926075
527.539025065904,636.9651801514127,22.567991249947088,45.70258750251229
527.462510960892,639.1388059399825,22.17924560428473,45.58736154869412
526.6801126815946,641.912288542675,22.080906395896534,46.14977754219227
525.5873036883129,642.9902051021894,22.374017067777913,45.4868599342947
525.2366678891361,644.1126194946244,22.63539628470183,46.08846240476536
524.7239728459267,645.2769644724077,22.92973921764768,46.61485019272891
523.1498379940807,646.8177186544829,23.35264209051381,46.84021085857742
521.3732097237172,648.6905310159872,23.66275745692457,47.71343875092523
519.8869223833901,649.5658286778206,24.399269610875812,47.8869985433395
518.6712069294719,651.3291293035024,25.048408152684537,47.9548961647329
517.7770430276292,653.851961619524,25.7129601165641,48.362017501470206
516.4466479213473,655.025111200201,26.26452434073982,48.46595728321621
515.6939810303933,656.3029091400435,26.840581477464312,47.89984428316974
515.3636918359732,658.4477963728935,27.001843740196364,47.762217587397814
514.9403903701076,659.8545618179319,26.673217241728928,48.26149020417235
515.2945064981501,661.5916758958078,26.16083710139413,48.800160970386926
515.2087791811748,663.185336598194,25.54807705991839,49.53164754901316
514.3489632430953,665.5723104480082,25.041415849071576,51.12714994170025
513.9251387473372,666.8364558461013,24.879168562206516,51.94172079788842
513.5889830514801,668.7238772097982,24.552492934858776,52.3483751675101
513.9296953004333,670.0347538242651,23.934824239762442,52.375929427971506
513.1804630245422,670.9441666413937,24.047040441401464,51.54517362603906
512.877294481472,672.293962139729,23.910782808608765,50.8352971326568
512.3246284709923,674.1826225987375,23.983700393227764,49.274725405923974
511.8332068192467,675.4265544470816,23.978177927332602,47.557189217685384
511.2747939658859,677.1518541785983,23.60235574777787,46.0124809346902
509.8439337651563,678.7906488571299,23.429631817114362,44.30735032167635
510.0376327621833,681.653900909089,23.004218587844917,42.3763858352966
508.83356664972666,684.0172911179595,23.135424295271626,40.27555766136031
508.30031914117575,684.1961276629372,22.906609887973083,38.670360548348924
507.74304972020116,686.2058871815316,22.468874502779926,37.10399512138982
507.49229281484986,688.1547700122101,22.092223783682158,35.449849140437365
506.1142750145028,691.4986539386047,23.648976142150563,31.983025692250205
505.4439385693514,694.1043119506926,24.219670628408295,29.69287632647594
504.90028222638773,696.1541275096153,24.911071352541775,27.445330083737467
504.44248113553397,697.4774848489311,24.78246238503351,25.52822471573261
503.5975154331342,699.6269327610449,24.6193278222733,23.53909041570536
502.298081340108,701.9732701611907,25.70191368830313,20.628960466717004
502.1961164528472,703.7644342065429,25.978406515002114,18.72858354121192
501.4098181548132,705.1261450983505,25.99620939559315,17.030265207418108
500.1533379781919,706.473533203801,25.725069693141076,15.656225881587831
497.4444034658848,707.894444330212,25.471160992535655,14.32441255992609
495.4057212551565,709.3996289029777,26.37391909075005,12.838021290104066
492.51148013831875,710.4836237986409,28.03144515148248,11.375157784330659
491.3929264066997,711.5268600493188,29.601720108063873,10.213262995987641
490.65911275037695,711.683296111878,30.099590757863822,10
490.1832121592179,711.8529759026133,30.810059737032127,10
493.5817151961466,711.8869858956896,29.28647161285117,10
494.22100168851955,711.5741369132598,27.249823033203246,10.026980632973107
495.11632454034446,709.1750528850027,25.070908292545187,10.826439010837461
495.75730882370556,708.0066759490559,22.752142202324478,12.076728239252809
496.45984503705824,707.0645330600219,21.23085129068093,13.185305401540965
496.92398980503793,704.5602775779298,19.937766516941863,14.807421149736939
497.3446254324465,704.0160430298326,19.315841427781855,16.184260974423918
497.6244682936536,701.820171145348,18.91064048401029,17.919407844360734
497.6220779230932,700.0316693376918,18.827537342906552,19.69108535550898
498.7126800566819,698.3140952920775,18.452753044334113,21.23226605667724
501.31611264132954,697.6187252080189,18.36882936902687,22.332490474147757
501.75386318792783,695.0129798792921,18.12105989709569,23.700925644922393
504.6318837447312,692.1167200053661,17.122924743571915,26.61579465501176
505.73617023154,688.4604722333684,16.949600526363213,28.965010951723333
506.764398992964,683.3847091423819,17.42457157903086,30.77839759969973
507.7452627331278,676.3050279580997,17.48453446735565,31.395770641787045
510.6524858140898,669.4856871674294,17.414925589519754,32.33350636894054
510.94450754059477,662.926613502368,17.623307232544736,33.22196886935155
511.1440540825217,657.1861498139269,17.85706664340759,33.896504530230146
512.2156875679087,651.707881594237,18.137824731379887,35.138517654180305
513.0395302419953,645.8677786453891,18.41191555870565,35.91052614892207
514.1910801005437,642.26689109534,18.46380942338086,36.734158892147704
515.4323287143015,636.9562169009005,18.892095248309566,37.61327781935688
516.3590384356427,634.3733941804257,19.192649861871217,38.41109155330571
517.3211374251725,631.8466186453666,19.554262353392495,38.69152937269159
518.0841857302877,628.2207891054194,19.409746691991852,39.372475409373024
518.9642547130737,626.363551052028,19.64055251590181,39.785578272823855
519.590036054419,624.0316341257035,19.790166762685246,40.25383498085006
520.2714837066047,622.5801682495124,19.96441600005425,41.16016491324004
520.7453155315798,621.5405497326179,20.24056779123572,42.60868109322362
520.8093745671117,621.4451326967288,20.357529386547967,44.852180637032475
520.5904318997094,621.7955660817548,20.51381359038999,46.88356527269646
520.3652233801977,623.0093084391883,21.009927342443945,48.39267456722871
520.4624222946097,624.1953805023093,21.497866380475376,48.74380419510684
520.5155879920218,624.9629584811362,22.02312004720141,49.31771901534601
520.2902380045011,626.9975975412062,22.833454362052123,49.530564937716804
519.9386949731561,628.2443238469316,23.386540865816713,49.67402777159385
520.4524372558946,629.414877516672,23.749553507981357,50.02769982817017
520.2476013286221,631.4829832614521,24.055802184330236,50.06847121824867
520.3304730640851,631.7128591583918,24.20583780333179,50.477412835719704
520.1183133447568,634.6349658424347,23.773760328460156,51.941268219922584
519.9294454569017,635.1268113614461,24.119378919918788,51.80275572642108
520.2511635979151,637.3968233430519,23.740590926380257,52.198219510402055
519.6323069893854,638.9648082610515,23.65771472026016,52.96649362047822
520.6128987845166,640.0556752938794,23.556819273155764,53.6858568524907
519.4973304171493,641.7630394863982,23.459028490952967,53.664063266647545
519.431701904432,642.7221152171495,23.564312969378193,53.85555741023226
519.4164080566782,643.7313005739999,23.16058882792776,54.014368417265054
520.2854204139073,644.6142783652432,22.823732936711565,53.99270294822766
519.6099699676573,645.1822709478492,22.869463054751783,53.368214684527565
519.1829258784848,648.1979485756772,22.63103481082525,53.61129924057829
519.4751390086803,647.9114164002478,22.53884844291685,53.4095582840486
519.1431068541339,648.8863885883671,22.350450162268967,53.62289296435917
519.868258870184,650.4272260258094,22.423091772639985,53.79438214243772
518.9102952065253,651.626311041091,22.662721077687095,53.118268977566814
519.2233071746807,653.0892295692637,22.90275757714842,52.65875529692345
518.1647013294904,653.8218880229942,23.110148234051273,52.44414208189855
518.3080142462434,654.247933924093,23.35759170024304,52.05401867183469
518.1625130862241,654.7021503388213,23.5980900957927,51.93174875522365
518.2412799134167,654.4748503657398,23.684841339450077,51.4811204442074
518.0039269340332,654.9031044928295,23.618163495326474,51.36785278489185
518.8419275223396,655.1666808492448,23.335340900905095,51.68722919822864
519.3227012011698,654.5232018065565,23.52729398098102,51.23076823243486
519.0746905094525,655.2164498215741,23.44762908845675,51.272701805976254
519.1588186298906,655.3236630116891,23.744463360809974,51.19097059400309
519.2856167745658,654.746936122552,23.662408538768318,51.56643820341591
519.6586611094173,653.7809035105239,23.351273379826857,51.956737856831495
519.6571870239649,651.8657227091844,23.50352246871465,52.20976100240301
520.2747991973852,650.4214335347841,23.431421252672507,52.65146807053346
519.8213985154036,648.7651108044834,23.475879245720936,52.529789266608624
518.9048197259623,645.8350001554905,24.117407295604465,51.77913543489443
518.8361613753714,644.957795083822,24.474149660138195,51.36812146972615
517.6607166829352,640.9567103945346,24.317721740399396,51.294087502048455
517.9963624622823,638.513500788831,24.765107320987525,50.54049254185532
518.3206305868266,635.0844721805066,24.833893659865694,50.27938576848355
517.7724790783227,629.8753560703753,24.840315018319345,49.99479911820174
517.6430501519795,626.1667119479463,24.8171507226349,50.387742441947616
517.6835544268101,624.0540905133911,24.566397815507017,50.19988697579198
517.9788844918753,620.5986892893969,24.159529203588214,50.90867450068458
516.8945540399499,617.7394429018818,24.16991283426088,51.351854852008756
517.4789465773358,615.5536332953627,23.737530032667063,51.51759866831841
518.0113413261258,613.4275643644455,23.211927787608605,51.59456944641258
517.8647109049306,611.6208693723848,22.67166124381063,51.78748275550032
518.7814019525262,608.3350248146234,22.51954807905466,52.160660270529064
518.9398065301064,606.8145534769714,22.319408884214276,52.414279947786
519.6922555678832,601.4261768252146,22.27797518797118,51.70833481074774
519.9238945177709,599.1328834143354,22.07845579854684,51.873297925688505
519.5933638557212,595.8504091638908,22.390224337716997,51.02150171756278
519.8580247845091,594.6500129402835,22.164699784771507,50.48719813931058
520.6254960042363,592.1827500703365,22.091447890399152,50.07769922100141
521.4486995325035,590.0575165298292,22.32937206021378,49.71183806257534
521.5647368544453,589.5867945520304,22.180138775408892,49.25728842781794
521.4872802774964,588.0995271889242,21.873557513308228,49.01612872654013
522.189844968536,585.9619720393076,21.91433536637458,48.72205949086107
522.5179230904687,583.840950376121,21.922256404461262,48.79951627319754
522.2846687726792,581.4065492323216,21.75396770536925,48.486329367833676
522.069260780656,578.1649701035946,21.504630081093495,48.25630040757518
522.5145673559882,576.4124214544953,21.484487811891,48.07989965508415
522.1977024226052,574.3628615017526,21.405474932780816,47.72288333391555
522.452783645022,571.9715032061779,21.360544234382463,47.2601513357399
521.5760358841869,568.4407412310876,21.112695313685023,47.014493927583096
521.2429715759989,566.5078075329006,21.047039943969263,47.01402307093585
521.3887639492282,563.8394821221168,21.109776945529227,46.86324188948211
521.2483189739274,561.8901030420494,21.321129412974766,46.500841106440696
520.5186773097511,560.4613783786581,21.54525048317931,46.030211924846256
519.8133306974514,558.4627518781372,21.829164032294955,45.70851045811466
518.3778903272292,556.8156280099373,22.303936860675712,45.61370937974086
518.2474085044885,554.2136211253146,22.113413233179582,46.119309300109194
518.1534313668341,552.1467315434867,22.334967715906547,46.23741578004926
517.351608314088,549.1753789297992,22.33627336157499,46.20273882434945
517.4038820171913,546.9534849474602,22.71133356726285,45.97498319085237
518.1099776500487,545.8440920207373,23.234708607662505,45.68517476977718
517.618459296237,543.2363852605754,23.76111735031245,45.3798115414439
519.1061525336685,542.4896895814466,24.31315211148767,45.39107296825148
518.3435392565611,540.0098098680093,24.54079365517383,45.16310446696457
518.9656055551748,539.0527605006841,24.596114554879527,45.07088987764018
518.2978146118423,537.8389174213308,24.441114929093253,44.6654602202305
517.9107366027528,535.3022670297923,23.720012973601285,44.9702125146904
518.460388623663,533.9251408924614,22.686477628148594,45.63856519790646
518.1547237099147,531.5568256340117,22.24449515400944,45.17989322838608
518.6881411786555,530.2630906922648,21.99030076428015,45.518473904040206
517.9664968736353,528.8805222995051,21.44449070622234,45.77803145639003
517.3537856609018,526.467042429628,20.944135982488604,46.026164768684225
517.5075228574794,526.0995891445182,20.051632404515257,47.46415479446668
516.621330717647,524.2026030774339,20.111420625334695,46.998223020859285
516.7365445199854,522.0501622777273,20.07377060962139,46.610203485781526
516.1822394353791,520.7119729453461,20.863996667906264,45.38668815144416
515.5989794575363,519.9216980791577,21.293655573463013,44.62703006865058
515.2239435182983,517.8946859985405,21.100454503674047,44.38818466201414
515.2429498434016,517.1128742533858,20.789094267073928,44.46609693539674
515.0958694024999,516.4011251138498,20.59135625456733,44.210067812544615
514.362485566728,515.3225905565441,20.656164506860815,43.82709261944724
514.1249695535599,514.450527926823,20.547516618722348,43.81633923871456
513.9873030636286,513.4775664665118,20.9207864598019,43.73673348997976
513.2426274179344,512.1223211047281,20.815363981811792,43.94052322096281
512.2775722247098,511.0527530226661,21.210780054257846,43.542737645508765
511.7118969334528,510.74007566619946,21.380499934753146,43.22242497238693
511.06742058741713,508.725434880327,21.3197135521175,42.77145475503892
510.45398595280915,508.13733016064464,21.155730489218314,42.63825123816578
509.7043655386221,507.0872335250035,20.72307820731719,42.910205306948626
508.9310237447298,505.89758890128036,20.754439825115746,42.87018088519031
507.9903355780316,504.212965683531,20.810846389988008,43.23195695135
507.6409156186836,503.53315597526415,20.71096070367294,43.66607496169092
507.1663657877106,502.9704775772984,21.06465460819171,43.819421264343816
506.2061934457906,501.61666145176986,21.09720682396083,44.05394570061215
505.0634091725433,500.12454889119635,21.317502085543307,43.74591708907792
504.77898002794996,499.6423823712132,21.469313887398616,43.4260212081076
504.1093904695398,498.26537278908654,21.521545157806244,43.694942248810534
503.74637549171365,497.78848104618095,21.345843085927903,43.91480438557312
503.81325048987287,497.5291957907731,21.32366386511833,43.27330554996091
503.41110094156005,495.6934486115529,21.408242478917764,43.60264397502108
502.9845168331135,495.3793590218736,21.59421895196013,43.50049232952774
502.4221304816204,494.50241921110626,21.281770008637416,44.1289199094365
502.78974126061934,492.5289335432726,21.130966687848858,44.6306681520709
502.93101090706733,491.35833175547447,21.10877780112274,44.597071760855094
502.62833957306776,489.6645105978125,21.077526829271264,44.68111853327122
502.5812276473081,487.8667993665476,20.863025472746603,44.608447552884286
502.7911918339466,487.2906704501964,20.370687432394885,44.230674181363085
502.6689051865371,486.88880881755324,20.062159962462452,44.35953088952802
502.2921469485879,485.4018889953141,19.73048971846636,44.63687094790101
502.0054435414419,483.7297819125025,19.401230917676678,44.58156233215203
501.4935424812917,483.2006200239683,19.364538615064436,44.67726412235453
501.1120734286795,481.8688251497036,19.347341625169456,44.573611439243294
501.5337621041567,480.71640674796305,19.350763290213717,44.453169579089135
500.82203606830944,480.77241119137807,19.495696089104044,44.41445656119237
500.3919383123081,479.27688390014055,19.63976867582514,44.611470463735685
500.29265454445544,477.4392193719661,19.692981493560627,44.086504071781434
499.7357240631832,476.91739071498597,19.601719627621492,44.417470615115576
498.9081836064863,475.8156150480114,19.85987306508602,44.350732289564604
498.5782543825649,475.3299504534746,19.98927073803036,44.11409062101793
497.9025544709259,474.531982355883,20.583108102793176,43.722498968911125
497.7257948754431,474.37354176929,20.38568153493913,43.4352865308567
497.50763628981804,472.8547050587497,20.4444306102669,43.21996660667673
496.66229866576145,471.9835457378686,20.567313561970437,43.2362802902861
496.71868888652534,471.1376240993056,20.478693673212504,43.62060162813448
496.19353329914895,469.81152513850185,20.44169560667047,43.66398578707721
495.94621957940126,468.5938922969837,20.680411278683152,43.77873536064688
495.34542793806656,468.1852307799046,20.78169091145012,44.03013714779969
494.8242084001537,466.97374814979327,20.650147009408773,44.32923608836596
493.90444197595076,466.10710276237074,21.224688932025725,44.155612271421816
493.42710360645754,466.01769802763033,21.438175773951777,44.342068216355514
493.01396220933447,464.2321219585865,21.549805910689113,44.391715952282574
492.93004830038774,463.7494739220369,21.679242473740278,44.39970510389972
492.36029816913504,463.0323846736121,21.646008356477267,44.47578914693761
492.79875671085995,462.58902771764997,21.810840035158172,43.97109950299182
492.8757037044054,461.27186735597707,21.68357295163107,43.941848153354854
492.9277624683555,461.00960471918575,21.45436366238016,44.33396883132396
492.94033242320836,461.1989617642344,21.475855226722423,44.22837431005148
492.9590629295492,460.5196020463552,21.142456944114606,44.44426838074337
492.8216669878364,460.2345649922092,20.824893397414044,44.790400194318536
492.50035528683105,459.05046810937586,20.82414134309159,44.414368696389545
492.9891068874663,458.99670673739973,20.6215926396353,44.8736321284274
493.21841935359123,457.66393889894255,20.420590813626593,45.271583004621526
493.12299903972286,456.02842688181005,20.798443502840094,45.00256320801497
493.2077977797443,455.9185788655728,20.770145434451653,44.65802468572191
493.17068623482083,455.53688412732674,20.717850244984508,44.000689412648896
493.2044427910212,454.340270107563,20.47617648817175,44.182414661725275
493.04603412073214,453.5040012540885,20.01940785357978,44.290165100035665
492.7166281189398,452.02486706968267,19.793931724973703,44.079852936773406
492.9516438435746,451.1420901505534,19.233014085170588,44.44348216489402
492.683887697397,451.0222467824694,18.845150949802832,44.918679190731
492.8890651993334,450.12532619681883,18.67359587554884,44.38204717744658
492.53598663535934,448.9056515961843,18.680755386729004,43.86292817993928
492.52002506902465,448.67329848866245,18.780914713949418,43.715383172849435
492.53508868722633,447.52729815654703,18.84710670595681,43.417091383314364
492.03984605075317,447.7348239126886,19.19002977311162,43.18161968033924
491.64152739088036,447.2336377372975,19.23994427543633,42.943949583077696
491.36644104664066,446.77751239213904,19.560363141827473,42.38459795272358
490.55838077666857,447.23636629073053,19.673964193436973,42.44785278962712
491.26068583781034,445.96095936049943,19.183979298604804,42.97160256508269
490.9456821015703,444.8460563316511,19.260596923806276,43.370199320830864
489.95415554235564,443.1282033125953,19.946107947051214,43.029376523645745
490.292539660789,443.4353251554052,19.98499122233062,43.080293136373356
489.26796937106826,443.2011243798731,20.678700006651695,42.878719943117744
489.0513188407652,441.67578572550053,20.63148397789096,43.25988927151614
487.9245146932899,440.3892010740394,21.095033779227393,43.21691463255914
488.099100973496,440.5251903506367,21.447100745087056,43.04788920788121
487.843569531375,439.4276906895582,21.552675764119364,43.242353280328246
487.3004928483698,439.130212378197,21.93540127892969,42.92591131343954
487.2155584181684,438.50696772550054,21.6068847397525,43.20232077960276
485.9141587178238,438.08374987459587,22.031018264053213,43.33701944470719
486.14947605445263,437.71649370197326,21.951621684171673,43.23791672533139
486.3965915975831,437.6271702384037,21.46646911453555,43.22494257242959
485.7603081597735,436.7638730997332,21.344550635731267,43.18953199747571
486.3072537977191,436.5110890700751,20.996568991092275,43.63977081593329
487.26699998798045,435.91181732937076,20.491717037205383,44.54919889821977
486.6575648934511,434.87147757553095,20.484151803366778,44.76403510984835
486.8392299440418,434.53764830902617,20.505211579504746,44.98688933205921
487.1164906429021,433.3156262432269,20.1744909303708,45.176379191959825
487.37669356539,432.87433322283874,19.897384256723516,44.94113757885121
486.7344278799946,432.39801239504334,19.96695624450344,44.30885513261251
486.5761089030914,431.61907806175395,19.78200931080523,43.432876371823085
487.5056709526937,432.0048655898013,19.112868937148356,43.590940476361595
487.3073068899307,431.0809632528398,19.122823237982598,43.15896619291753
487.3041278833615,430.4403606558426,19.266787648392242,42.92232730598698
487.3566539783085,430.3894085588039,19.312581254368045,42.31833661261699
486.99105117850263,430.0405063615602,19.213949829767955,41.82164294497068
487.33670704202325,429.7612577502918,18.98542906876056,41.553774637016595
486.9860133782581,428.697173499198,19.114934327179995,41.053178748258645
486.86771715003965,428.5297929465678,19.15114912560734,40.74597494110456
486.8407391701838,427.5856834491604,19.06080246383531,40.88041595511489
486.5271141930688,426.4690817718177,18.940444054436853,40.785211783784135
486.5114687157596,426.8127229016013,18.98618265061431,40.9268953669407
485.7806626744995,426.25735641103347,19.051417408076436,40.24183898707634
485.96015543339627,426.0129088454989,19.097193800721513,39.662832268398844
485.43805882463056,425.6851517829135,19.035476836253718,39.27157188700062
485.28474165436626,425.6706786303006,19.15993460171768,39.33098611781975
485.18509221844346,424.5846929277535,18.968131517195687,39.524210989520085
484.96266484266255,423.79325492823125,18.927633484362275,39.79181441890822
484.21387679947844,423.40018948767295,18.986704398001,40.22011796442875
483.5697612685406,422.1860103630112,18.931995486999206,40.48620566779274
483.6232718824081,421.803105136304,18.924410750992017,40.65676235562406
482.71082930361007,421.0439044252796,19.14208133854264,40.615820797288016
482.59544421200195,420.65306243973225,19.564418048648736,40.881470344077826
482.40068236975924,420.48615409120043,19.944109264318925,40.72865654177852
481.91970499276874,419.656001186397,20.25163881449972,40.94664605766893
481.83428210301616,419.00551985405343,20.835668014901426,41.068496407178195
481.6984384825504,417.9998387907214,20.980514455786075,41.080073825819156
481.7005802111465,417.4611264705262,21.51224454219968,41.046160685257036
481.3021751767839,417.3132880211241,21.372371790604735,41.29455765618167
481.7910716981448,417.12679004836616,21.23038851512917,41.79371616049167
481.6002483010491,416.6076113979773,21.19737330580343,41.912759553646026
481.3422301604271,415.00899171072365,21.262732996843148,42.2645189629434
481.02758500097957,415.05242061126813,21.33548771412238,42.31939419729963
480.71575277311433,414.34426935149895,21.318475850253648,42.52991346889026
480.39621257334375,413.59851318288827,21.028921904263363,42.672183834142075
481.2016535751227,414.02246671824815,20.374056679651368,43.17686327121953
480.7290359765778,412.9934395852443,20.46427093643744,42.72336615706974
480.8205681746809,412.4777137579599,19.75279920494983,43.48749676147147
480.38051184054723,412.29483878480306,19.4104388478952,43.76344601469038
480.18371146645757,411.3169026742724,18.925686834805873,44.25694068753401
480.4420643940404,410.7606850766949,18.47148916782831,44.12937038952487
480.007407353976,410.40203818500356,18.44479624655706,42.879188281794285
480.6022007725642,409.8578656763956,17.929516636515444,42.591217109244326
480.20468568063393,410.26333603677097,17.973386854383932,41.98286190685375
479.83421008602255,410.1591338072811,17.92214004126829,41.50958717662828
479.7473974000899,409.6318289042042,17.699867190210433,41.116412320535375
480.48390112744414,408.8749224798779,17.775833891881625,40.69478772831572
480.67769465404433,409.3798188518269,17.921548072926484,40.69683091714947
480.04217701710127,408.5563201468644,18.019836569278183,40.40507066906964
479.7127697850117,407.89069499167454,18.162189839895696,40.12541986212456
479.5133999699115,407.8052453388743,18.008540384803233,40.603630672804314
478.8133766569532,408.07805767370604,18.119280012467065,40.60914732479987
479.28158188867695,407.73737565449557,18.24289500258702,40.3502331907279
478.8973703285692,407.8372134510222,18.271124696193496,40.62268846253319
478.07689218903204,406.2386144988131,18.114574404451773,40.808357874977546
477.8694648478542,406.1574928863043,18.076965072515662,41.38844509747365
477.3765676414654,405.6087114374811,18.401045706320737,41.57166624735932
477.0978192885628,405.4545311689438,18.520769452655188,41.89775444817444
476.67199182451793,406.0289665203391,18.937714384759886,42.249856493186485
476.3839654763695,405.6894010902808,19.69253628209701,42.370505421616755
475.53790469594264,405.28352192164465,20.139625890092674,42.19275650095062
474.7047743154676,405.4255450490997,20.609606052402373,42.35273123259756
475.2692978089249,404.32060641371567,20.612206533101002,42.23071029093278
475.00274159735255,404.9461254314409,20.63630840288566,42.127092781033085
474.6886494225365,403.83690034770717,20.66877979275135,41.91445259358116
473.98773617904544,404.5608918264669,20.707116651895333,42.01866685400296
474.1827184026681,403.8891592000052,20.484926926630123,42.16623488536102
474.3187632108279,404.45045333285555,20.378135325189756,42.59250430856421
474.1736017336863,403.6930445045636,20.347054954868938,43.07082365696634
474.82356771468756,404.12704869565965,19.83896962582391,43.54966793495344
474.36790466332576,403.27187732777446,19.914071232182877,43.47439963728416
474.53153566940256,403.5799962551408,20.07049441547536,43.33614439301553
474.0360267663538,403.7972100055471,19.837807525871234,43.51795012184017
474.2965287598288,402.6995859181042,19.63128625762736,43.73640286177411
474.10908060872106,402.2499130888872,19.897906513030307,43.38104833633969
474.37934784579215,402.2728605894584,19.99008058838764,42.99247159944332
474.3314497645684,401.9916676801747,19.879333186038693,42.75502626604837
474.1536632160726,401.18095796275344,19.704306212076926,42.550935795075844
474.30020620287866,401.99171642410477,19.754177764910196,42.1072620854545
473.88670122768076,400.69061118108465,19.771204163803816,41.7186681376721
473.8692488435766,400.47216435936457,19.6857230914769,41.77849630135694
473.6032246607431,400.84467428627124,19.73672549576394,41.6954746002764
474.1384743556471,400.1617803402659,19.471843080786527,41.84813642894012
473.6434113581067,400.47650613701376,19.53348761624978,41.9784960579977
474.47565368723434,400.15987021217023,19.65235402172279,41.670930941647086
474.2020717810627,399.6999368402656,19.94974173891405,41.236782096695926
473.84585276139836,400.3664810867744,20.159402678633473,41.206691073580394
473.2274711071698,399.6647655344946,20.239968677596636,41.0886821489956
473.2551519031705,400.01259011407734,19.90110656322004,40.901913664669216
472.7683222728077,400.05214039924596,19.924653600320454,40.53806781835775
472.5986327492746,398.9376634155619,19.742253169790356,40.79300941084793
472.04967438160406,399.1688866486988,19.899667440360194,40.60086732642151
472.43272319939626,398.53017512929216,19.666844812977374,40.780176947609334
471.94153023182866,398.57759995465324,19.52269652455609,40.858546962772095
471.48805688058314,397.4652296823552,19.409493876880823,40.966815739942746
471.6187210914806,396.9540991792993,19.233507117254337,41.34842116887165
470.7657375792639,397.9443794406592,19.49580720672079,41.52103838434169
470.20743391733276,397.179666994398,19.874631933041194,41.26667757606594
470.43568260972205,397.2432232919356,20.37493494947345,40.998071377403676
469.56059954686276,397.26192281577676,20.49689279558229,40.72816152459134
469.263445158803,396.91166390191347,20.523447899102074,40.58056778243645
468.9742813349363,397.6896583799971,20.794741680191525,40.33660938008683
469.6640030430101,397.2325839888236,20.830840985792292,40.40698742001753
469.3538352539181,397.69722311122405,20.649807433364856,40.22199469910815
468.71309887335445,396.9572729542956,20.58301287767395,40.328155531992735
469.04939987932454,397.10122784857003,20.35565377731099,40.7412758189939
469.4805087804748,397.1259282092034,20.138860639031,41.401298937773106
469.02048533070763,397.1600746519775,20.09316107622019,41.78567546412257
468.56735428149403,396.58981419664195,20.32827225187217,42.157063283820804
468.8664797142384,396.45277494070837,20.32084187769734,42.37793933796192
468.4498166699195,396.38572289132554,20.466587261646005,42.64474081035621
468.9768931304151,395.8741273018215,20.15530848616274,42.86755783908818
468.88768125239534,395.6460370323352,20.06513696393911,42.939500939620416
469.80746123890214,395.19918509913094,20.212709182583623,42.629673779188735
469.9299339447468,395.02956004251433,20.04048343427588,42.979969487121636
470.2820301934708,394.7461621311577,19.92312471187132,43.094087642693964
469.7634684361982,394.03153571302335,20.228335911524706,42.37606622321009
469.6484685273117,393.7820506261892,20.22934922760394,42.137084522145415
469.36392937814543,393.48589947648736,20.08354580777781,42.01862312869325
469.6514715169736,393.8976156552348,19.91315683236952,42.35586808500299
469.411702419779,393.0125419647933,19.856573896769127,42.39599577727978
469.4931338943062,392.5516686625313,19.80197705545263,42.40057054590428
469.4898848846036,392.24065077108116,19.560894814819473,42.38351918824445
469.08923057724985,392.45448052872325,19.575023065395023,41.94498924420439
468.657135706715,392.13053359006176,19.079644806624955,41.74041594222904
468.42245175742147,391.3509709958829,18.55890546691935,41.78389109663592
468.3304845478768,392.3108859753827,18.71402312083446,41.48932220598043
468.02577510505137,391.83355737517417,18.76830651797517,41.31792678837074
468.84174395011644,392.152044070261,18.800672965074867,41.72451557204046
468.43340675118424,391.38309559211723,18.889679733220547,41.56989250593577
467.9995105727036,391.2514161065263,19.01985364383165,41.422267258997095
467.2498870577141,391.232205005682,19.413120992795683,41.10997805540846
467.41783669956953,391.08671462389464,19.60392435152557,41.17187118310833
466.7743986153118,391.0244477487419,19.81090287790547,41.36435608365228
466.1312225253465,390.3103102622328,20.213774926209865,41.25083103454524
465.43904527298486,391.676202487404,20.457641998453344,41.0261466894886
465.78723994922296,390.9097693657208,20.451008920200458,40.83479551799894
465.4312763781088,391.43257612242604,20.57160678586704,41.07843881573042
465.3741729535322,391.8218047295492,21.023778467803055,40.992042489297674
465.0449651725296,391.1569070811868,21.324529236078476,40.53561866599697
464.40291323119374,391.4393173110265,21.607092934729177,40.20472263990643
465.28698964135197,390.4985855678288,21.511585802469682,40.33338256223021
465.1551072603761,390.5946452147595,21.04469417899963,40.501917413847984
465.60403238554517,391.3501797759136,20.419381547536982,41.071650493764565
465.77235536253073,391.49668521882296,20.133815332451043,41.30806654028068
465.91246872818465,391.30218245972304,20.288635124952634,41.10034862117127
465.7331845840144,390.71380046351993,20.095444349095636,40.960907231230365
465.91045058900625,391.0554769424913,20.154189607521573,41.03492140738189
465.96419907535784,389.61249849151136,20.11334377795209,40.98758758935577
466.2471270703485,390.1247130230594,20.40066718316959,41.04350391848682
466.2292735914064,390.0243343991963,20.774956239537786,40.57433684742267
466.5232358569195,389.30096025650954,20.979981623443884,40.59079419537254
466.0823264969768,389.87496010078485,21.256112963492193,40.21210450438052
466.27476698097644,389.6239433923012,21.053102411299697,40.30402497412217
466.72355188992844,389.1044843615395,20.430590892698813,40.50135841278562
466.79995908224487,389.5715352299311,20.405850036474956,40.105801569267186
466.06126187402975,389.22599519660776,20.743839798402306,39.451818068752345
466.7114070997926,388.62322679598975,20.29434419865646,39.70314893975538
466.4230638662287,388.79513550379636,20.033948577790685,39.87336823917279
466.4822503316799,387.3951459085757,19.72291048718599,39.96997685847765
466.1978563593329,386.76219097759343,19.765452837855364,39.76557340981903
465.83889477360395,386.917299683633,19.39792905553973,40.05277108734714
466.40206115458835,387.3015917217984,19.306961636664827,40.110555819762666
466.3639632267418,387.21440904672613,19.49362813748754,40.00336909356745
465.80835824536024,386.71909429820073,19.35672852116444,39.656737271457814
466.1581310993252,386.4170864241682,18.942328751630946,39.4702048737519
465.49670998945123,386.7673413852102,18.584653417095716,39.83646395553589
464.9660043783429,386.1073234815717,18.48487269900476,39.61240961102615
465.7739720714133,385.48511105013813,17.842835783265755,39.85373372106274
465.28003687037886,385.37729661298715,18.130199200147064,39.903673320696086
464.96022939769745,384.6597954512454,18.46034373039455,40.12752547480705
464.4905968481902,385.2335221004852,18.66232226172109,40.38462368236989
464.62502935696114,385.10197722715475,18.96656633450744,40.48278946309986
464.2650642154869,385.31327295364525,19.124652268548445,40.61715978494492
463.69644428129556,384.47954467383886,19.45967346131775,40.40671014128766
463.2492463766167,384.07288864244583,19.632631756847076,40.62626189247016
463.1260581664998,383.57220783876596,19.973299618223585,40.87604975839398
462.5572363917516,383.01115293166737,20.073722451243544,40.88956932734427
462.5859107902491,383.3339533807549,19.93593457097026,40.95158803661773
462.9442970342619,382.88610750006984,19.820722914014578,40.62869001527305
463.13779049186115,382.8857857263408,20.190599116034125,40.378812081693866
462.08643404726837,382.9846759484577,20.257096699891314,40.62504216340195
462.9005404598927,383.3067261006363,20.39590481542333,40.85601284817676
462.9493025754527,382.6108939913721,20.046020806614404,41.300933339974804
462.840454155657,382.5913986710599,19.744995112026007,41.80692136562419
462.8622168641254,382.48337967267395,19.169768607137577,42.26663009417904
463.3658404530937,382.83583590763755,19.016821510930818,42.5796327539134
463.16729516036736,383.0953085798413,18.76668743169544,42.93149094449049
462.7961077139423,381.6357800722518,18.872592185518954,42.432147195204166
463.32961718132015,382.1016932528118,18.731343414299282,42.28809730426852
463.5860930387499,381.6399777127367,18.298169670349957,42.387437844009554
463.37561358435937,381.5266792289107,18.31025460385395,41.58449451129226
463.47936050351404,381.8045446705437,17.97056760250736,41.36303634049541
464.06355859248237,382.18746976521743,17.758199051561956,40.79177615344629
463.7668725867143,381.0943248465574,17.89979405194202,40.32220508988744
463.5572302980163,381.6151732000127,17.877169912182623,40.07959924525102
463.8044795147625,381.64481004091164,17.722746405305024,39.90588427295539
463.9503050686149,381.7173692840138,17.65067028548843,39.556979801042814
463.58674709843314,381.62350430196534,17.42841536479856,39.43980345648883
463.52543266820703,380.8139369568945,17.444244861160733,39.17154562572594
463.6810318833586,380.61552249726236,17.342806664617452,39.285682798040085
463.60849101097233,380.3023251035496,17.16471479703383,39.203824678666265
463.73339543280395,380.29191175749105,17.018334607743363,39.53506127430971
463.75154727597806,380.37167412346315,16.88262930583508,39.51576052231543
463.51207745287144,379.9628452551942,16.968278223717647,39.09302426261452
463.5153507356151,379.56045618272515,17.157975018869053,39.11497920255853
463.1267424771892,379.3707239395411,17.381416404018307,38.59255990797027
463.1588107052418,378.95517201966175,17.73463262430472,38.53437347453954
462.6350674901484,378.96229967743614,17.872170824701797,38.42410258644277
462.1351151862954,378.5940694807621,18.103347712623943,38.48719053230022
461.57121449909,378.6458098722149,18.651028463923133,38.41710040550818
461.16172961195235,378.3081755652215,18.742883799187737,38.58658832262614
460.40499858153305,377.839236673173,19.036679140589776,38.92078042967164
461.43485180563385,377.6625524326317,19.158207767385036,39.35145233523174
460.85683652883887,377.4807587792283,19.652825128226066,39.08112368124978
460.5583095177373,377.006245028806,20.1311011451868,38.923752480426685
460.3377999309657,377.56385960988206,20.245729337055824,39.42331304262451
460.37110245778126,377.02443875777016,20.57200069986949,39.15794316847919
460.48188650505773,377.32715534305635,21.300211519768105,38.92564860445514
460.363446428326,376.8101437309683,21.258085341072658,39.16511080015063
461.24610733788313,376.36500916549556,21.175594570923785,39.68148163354785
460.44662170863313,376.648938317466,21.204913272050675,40.00751269718743
460.1227566125966,376.00778067434726,21.185135100400004,40.40609351877947
460.90494785831476,375.5564190250768,21.511050260254635,40.69656118444298
461.1830269498709,375.95201796678,21.297157295638662,41.24166510462558
461.23020381201246,376.0060125481154,21.063843209874776,41.691636213790005
460.7978647844528,375.3485990808575,20.89732109447708,41.570159175107904
460.2010611327378,374.56217718811166,20.50587185455702,41.6325580810677
460.15675297151233,375.66368094956096,20.47386827648321,41.822269588549375
459.8724940265057,373.90517784266444,20.48478668157594,41.766289199559154
459.8641068440038,374.35168476177205,20.281086117962275,41.70584460286767
460.0168994499659,374.0525899740914,20.100399511086863,42.01535937664099
459.7363532814557,373.7188169821876,19.907556630249786,41.70288072465674
459.9046610044229,373.5970011550264,20.022326175722753,42.154125176597034
459.935519704673,372.86647443903775,19.67507034024024,42.2793601986547
460.18033217572525,372.6240363532114,19.511599123521464,42.0746947324099
460.56848550109714,372.8951363017684,18.90332096153287,42.139210931697114
459.999494542511,373.4617204383536,18.346187312451494,41.8091499201844
460.0234556251351,372.53741428343926,18.357693172240385,42.07229405698608
460.42719387187043,371.79377822819964,18.25633997121583,42.460878995529264
459.5281465450842,371.8498571158672,18.239729372140868,42.120399980841896
459.34849940986686,372.11764674595616,18.316058042084997,41.47100419115155
459.5794823703544,372.76977821020625,18.118386059985152,41.219734321809696
459.0524083795934,372.57929578889105,18.269262008769488,40.52408788399879
458.3440209825092,372.53203937394255,18.510483481099413,40.07033919064905
458.7096855981239,371.76112862772413,18.297125825130202,39.742429018428275
458.28150536046047,371.11684192512274,18.55528210495767,39.42298617111335
457.9176489682657,371.1329945097027,18.785359405605345,39.23058870773728
458.28740338779494,370.7365025591758,18.706387749831705,39.4013527482374
457.27795316262996,371.5734371755062,19.097084212086383,39.27334332926667
456.9621887317629,370.9646061359127,19.20071315288013,39.185519921469606
456.4432589217329,370.8194877067356,19.3880368437372,39.18127109161428
456.34955363045816,370.59402329094974,19.43059593543139,39.455806399373586
456.611871361143,370.77743987040634,19.662917528199877,39.603139357174896
456.464214739976,369.63121810905614,19.855887725358784,39.565067733619856
456.42265051409856,369.6151462960408,20.182747541721483,39.379696755320474
456.1879625683243,369.8458524448585,20.5082101642271,38.98680461621424
455.9534450563799,369.74525732936513,20.568855172752176,38.97096201231355
455.7829160659179,369.8467089333993,20.46681618812474,38.977396292061954
455.5887498520561,370.0307384585772,20.476665588628606,38.74750335639405
455.94316248182196,370.01328855016106,20.17773327557856,38.92488709308531
455.93515235229927,369.7335471773578,20.07129011459049,38.84983387038808
456.1724102354096,369.8765289559806,19.810505965105328,38.65152168509847
456.0792318776174,369.34573631814783,19.748317197934945,38.59818169545177
456.76802974748216,369.61372622694546,19.676497219809818,38.35587026717688
456.2695867407659,369.3077478390444,19.450216767483063,38.27983321849702
456.52106247642445,369.0940539106234,19.092619432990524,38.696769712870676
455.8034993608075,369.3696112915292,18.81026107083305,38.81202510448618
455.4556803586648,369.48320026371726,18.335122827140225,38.68528891397446
455.4704700922763,369.2061236233843,17.840920415323808,38.88046633714406
455.8495657008259,369.3283331906083,17.38066826034315,39.316704172243334
456.1215955889753,369.6589366681759,17.17637680436634,39.32696803801198
455.7201250119546,369.66923391076455,17.22882020001917,39.03129254416197
455.7979138514139,368.71430045662424,17.184645978920997,39.17640134239613
455.69872481690436,368.8940002748786,17.568879734604728,38.69637080085537
455.61620550546905,369.0596464598017,17.833794217391556,38.33773394340159
455.08905376659845,369.3260417217191,18.203447393199404,37.68697009193012
455.1084528026232,369.59633428396336,18.583128853153326,37.41463617789266
454.7120429403973,369.28317781735126,18.728149264536807,37.57266328228805
454.4248915856912,369.1668740366755,18.65564460137888,37.491982989444985
454.14406148174817,368.3671667553864,18.43675158756244,37.54898598624251
454.0705250259496,368.4007056122412,18.413307292967453,37.93309254529898
454.1642111818493,368.3000230820746,18.799483000100555,38.34709786132193
453.6204488743407,368.2100645313968,18.988617858438204,38.742053232435694
452.8929359486534,367.65944265993033,19.278598329220387,38.83393237041864
452.10372109267956,366.90077064316085,19.92436495809162,39.06371260314583
451.98321666862364,366.9624274141654,20.095508519853222,39.92252446263368
451.4353226000437,366.38391637265573,20.850228269981493,39.73800060620746
450.99695785449353,365.97535461089717,21.183426164421228,39.77906110472696
449.7849513735009,366.27449783571285,21.819480027590593,39.62267893170496
449.86336689138386,366.27736321208556,21.693587212966406,39.70524791534014
449.65639884384154,366.3051248626107,21.15763698602952,39.97774265375485
449.17949518547687,367.2738019809672,20.603760310373033,40.451402735507926
449.322859704372,367.6570467004306,20.39276187949635,40.58575214850988
449.61397894114623,366.77783501727185,20.311841622271654,40.76157229865612
449.47811765252817,367.06937909123883,20.153803534806386,40.85188711579096
449.7686199724609,367.49318510817216,20.058874981700427,40.853353379539385
449.7286574896117,366.52024063113,20.157773411545143,40.30084355280094
450.8590736457404,367.057696207372,20.06181612980526,40.021489720434964
450.56674781383106,366.96134960759963,20.274892914931385,39.15289039087348
451.1195374795609,367.1873232134501,20.287918601133747,38.93667223278905
451.5118964802941,366.1594195111643,19.969405719753947,38.790450885987404
451.13062849420925,366.7740902150989,19.980033747244427,38.58400719845511
450.4655541345176,366.7949444390203,19.939328208090366,38.39739501628591
450.7274648428775,367.96172372405454,19.593830596702816,38.49844132941145
450.5246088007182,367.97865451289806,19.903088880223848,37.8779418375436
451.0595546289791,366.9437767929778,19.698136794129155,37.756660099344515
450.97631997469296,367.56609658363203,19.5797882878744,37.64372914001489
450.4791952149589,367.64538296228244,19.306414382812438,37.60074531594351
450.3094282644885,367.85303783582486,19.084929876408502,37.70589039282952
450.27914789357635,367.1055989712886,18.885575147155755,37.745824107352774
450.04107798878107,367.8869225028319,18.488298890576615,37.70522277581064
449.894907118065,366.85656153275596,18.346633702611108,37.58562969826234
449.6478641327758,367.3160105697864,18.32840672448583,37.514479665354386
449.4700620363592,367.11911487085536,18.07207506336085,38.026232164450484
448.6084533566653,367.4003644041894,18.244080946422763,38.41983284639376
448.3262277910698,367.41819863381596,18.510308850351187,38.778473192606434
447.49649372440496,366.58502314387965,18.43159086269393,38.86295266292699
447.5721419046181,366.57850072309446,18.31160721752981,38.858840490038006
447.0988078557396,366.82855229605536,18.400159821035597,39.008458012908875
447.14964109597344,366.9502498428814,18.782248035029703,38.82124458104147
446.688220643355,366.5048773498588,18.987050858143796,38.77001343707801
446.2941141067327,367.15522091455955,19.293947066897875,39.020819713972294
446.0810610086405,366.42208034658154,19.401832468881395,38.90865505773018
445.70773829240085,366.7427604233078,19.196152676484257,39.25511719851281
444.93643427483414,367.1355799045123,19.78040671534089,39.096827135945055
444.8129914774382,366.2030908929182,19.89078514172056,38.91098242430055
444.68730431548727,366.24579932931,19.958562511872778,38.67132641851668
444.81666138884304,366.760546754248,20.156900566193805,38.685300759238054
445.2467080526387,367.0511216139256,19.607264021181898,39.12472739772438
445.1475203349735,366.88737503140254,19.199017058612792,39.35760084159634
446.0605998050237,366.69260087275035,19.047021102406635,39.36553590435362
445.75826474737744,366.93710111836043,18.53753044156089,39.619953033792264
446.69292500180495,366.26359595158146,18.134180806538502,39.77221365440614
447.0383771427006,366.0826652428785,18.218383133614918,39.74026658773467
446.7939988247676,366.9924318403779,18.000170865939417,39.86595350553648
447.00934198662617,366.62079608648094,17.910964052291128,39.847856500223116
447.352706824892,366.28052351378074,18.074883076950428,39.13471332450994
447.4608856806975,366.94093490353345,17.86040757350132,39.01644286357744
446.99048207555643,367.2456931923844,17.707030504341645,39.060909521234734
447.2847443576764,367.35375945800615,17.473001405857215,39.25822478728965
446.55370255411447,367.47876593706485,17.547361447879414,39.113710999892824
446.41445130467247,366.65941413100745,17.74490688422101,39.052580384445676
446.21259112480135,366.64988943260715,17.947884686318375,39.07757592198266
446.43533063915146,367.08840810212394,18.119393541662852,39.16107655301513
446.45610682710424,366.5820750314731,18.16641692379725,39.13542906707379
445.5702295981177,367.1519704395755,18.075657958804264,39.030814647238934
445.4878857561794,366.6859419336733,17.943446771020582,39.0779282929926
446.0580116757657,366.9956430379852,17.734883896214882,39.24046457762062
445.95567395797104,367.5990032508518,17.850874586671317,39.268086965379226
445.2176150075345,367.46972228938284,17.904608344668794,39.51245430200292
444.6238980646808,367.6998834562258,18.134582542189456,39.46892498689647
444.5903135044919,367.5222876096478,18.349025843814005,39.41310644450452
444.23328722710824,366.92134275038575,18.728026295777276,39.55000981487639
443.28450444293446,366.4497927035653,18.934531201855236,39.89247688334784
443.16874824110977,366.5120849624305,19.025076608954056,40.143369441194274
442.6773793970237,366.4112787415977,19.06600249712308,40.402109723676844
442.59293402776564,367.07773715690666,19.04708479650366,40.42666042521678
442.15866145322997,367.4653845560287,19.190571807204464,40.24416242949349
441.07530264953976,366.87397217140756,19.8160956909063,39.70751788988259
441.2177949358197,368.0362350544812,20.385590729266355,39.70964369691647
441.3449354383605,367.28819197116866,20.042853287193086,39.99184062232303
441.1478359360996,368.1525348724564,19.83841328033178,40.32732827975423
441.1598905988729,368.268597946974,19.94947240287584,40.16950501267509
441.3164880994941,368.23910914895646,19.854007804579837,40.6315496908769
440.8267643286603,368.2408415788188,20.062142692229035,40.31048681608226
441.3231428159122,368.3905176974502,19.817276190137385,40.563298835392196
440.8622693157383,368.80572221198713,20.03791509245513,40.684772347497976
441.1363369603799,368.3866507561263,19.707910272494118,41.08973653636123
441.74246290409525,369.5277144171055,19.050185250545713,41.736235036470035
440.8412160799386,369.0588880429833,18.927490595865272,41.920665080780694
440.8220328925152,368.582857585023,19.05685892836701,41.637995276181314
441.0598746567854,368.8618336240754,18.992701692389097,41.427757026163306
440.8067855476417,368.7925541721174,19.18867510673281,41.24048973221683
441.5693878172443,369.4243758450779,19.125428379836862,41.036766458851325
441.60308092822544,369.3044992829186,19.076065324680158,40.733560489122354
441.2449027381989,370.0893007224631,19.09690666815023,40.520672931574204
441.0444064931215,370.4723544265767,19.09807331711658,40.310513780793244
440.4588031374233,370.11147611651967,18.8241616012365,40.32475373068028
440.5782414511444,371.2814267960389,18.58733459009946,40.7526696304767
440.1486062358588,370.8960123567611,18.30134885898083,40.86817440758416
440.87240522702785,370.8150417042232,18.030666045404885,40.65884630777191
440.831747284167,370.7494288860917,18.281917172468155,40.13975504998038
440.20592625418175,370.588852153685,18.27143338271491,40.120377493437275
440.2073388151831,371.18096287693294,18.525792646965584,39.66050626094595
440.25210757726285,371.7217075401774,18.30560041525508,39.60993791681774
439.7311673058776,372.2659570069445,18.327903574030515,39.815773752532586
439.07498242936134,372.72451170944703,18.275647992323364,40.107285611031514
438.6331622071653,372.65667034102097,18.409055859391504,39.736325589037406
438.1515060862078,372.71389590414026,18.671230081744746,39.7566200159347
438.25683126445375,372.7166668594709,18.477182731302882,40.3467183473732
437.11428624530777,373.54787472726036,19.062448078776065,40.1617503599785
436.3400980377083,373.1107788823583,19.447658567041714,39.63112983302379
436.26284475850764,373.6356295253002,19.676688373221445,39.842949171300795
435.6832756640657,374.5527515888833,20.32063268250088,40.10028805766911
435.6264277333815,375.1361549638503,20.86524690958626,39.84108647893875
435.16480578530724,375.14446873640765,21.481894347776613,39.41805572008471
435.02476136165376,374.98663991583226,21.55244042887006,39.451392206164186
434.6700614635483,375.29788991963085,21.537077606539313,39.47082665300804
434.9209716378033,375.8130770418128,21.409914233298615,39.999586891981664
435.0381743965261,376.43604021857215,20.93586120818557,40.100650527743625
434.6153098353677,376.92533708053423,21.075940775772814,40.13604970943619
435.37118220259015,376.51898080363367,20.92796533415932,40.46668993967663
435.24355853981393,377.0328485689521,20.739325813407824,40.94485276547745
435.9864045644624,377.59607683683964,20.571354534946746,40.833619732815166
435.41593976183736,377.44067365622084,20.64826064547635,40.54794232702006
435.68151567452213,377.62725069852706,20.746767280723972,40.38982368094531
435.55991841384787,377.84739109428716,20.649702428884382,40.10774611873323
435.7579264616429,378.5932942142538,20.288227113182955,40.187472009041386
435.9891392607172,379.05398551559125,19.64232424741145,40.04294022595407
435.7188674379781,379.27299440410656,18.91094864240143,40.453405355741914
435.66074573564805,380.35710553623375,18.04876767677265,41.27463378461796
435.41005359181,379.3116766470495,17.731403669141464,41.10391681780821
435.60230467759436,379.9872784160789,17.550990081161494,40.39373095514932
435.4065452585827,379.5406893752182,17.22023753637614,39.80697100662772
435.3156576681655,379.68958249732026,17.303736273430957,39.43578036088289
435.98687910539525,380.23637729074227,17.460528075332597,39.079541893557135
435.48783792053496,380.43490594574865,17.55546906569674,38.510487498330704
435.21350274020443,380.9733049906661,18.157372871048523,38.088515513136684
435.2226571471558,381.7742879056604,18.51704941538402,38.00891227298425
435.1004795626069,382.405562647033,18.65439270748157,38.26240144647389
435.04871857964235,382.2783298576902,18.569575961552843,38.05459107305867
434.0630383187127,382.49620156232044,19.073760522871382,37.87895664135442
433.4415123446363,383.0371634502369,19.35105265723859,38.22162917518341
432.75684968511877,382.1277350605772,19.300317699288442,38.671047067860265
432.7554183198084,382.3599950024655,19.121575046155435,40.05464560849926
432.62317246696705,382.31065475099257,19.239918234110252,40.4062241190765
431.1226773310653,382.37557319736624,19.710018279549686,40.82271279071357
431.12352662693525,382.8705841981457,19.69182376336677,40.99258191769471
430.52656055478644,383.0934351768554,20.038904976019893,41.227355910516394
429.80139567949715,382.90190313535516,20.308836620023456,41.495380309638506
429.9332980734431,383.5928937405974,20.53868998733447,41.87094433192681
429.1820120863628,382.72355660033423,20.692122151886572,41.597092577144245
428.5028875533451,382.75987832144256,20.4660705806769,41.9032832633074
428.43538194852835,384.2221725953561,20.824514077884192,41.7192793273731
428.98908969153894,384.49985007351285,20.67500883155951,41.440242295320665
429.47670296699465,385.4268810361856,20.210019020760292,41.94610325586996
428.6801860822592,386.48738905193824,20.540030963487183,41.95013896119637
429.2520187655468,386.5826880127068,20.5511846086002,41.669687060012095
428.9953497023148,386.99594828202174,20.307863584940563,41.97881286461335
429.4539634939594,386.9854542855869,19.755231414859395,42.36439969795813
430.0346499553505,386.96248714355966,19.25791008442721,42.69658597399989
430.24776888359327,386.84406722534294,18.96433926280612,42.362663891411714
430.0242924373687,387.08465990779155,18.408161480893128,42.56426326267094
430.10648430607625,387.16564696211407,18.200704368699924,42.16945693084894
430.4247210827291,388.0644063253866,17.66835010133532,42.18302187873472
430.1570259463526,388.2723365180424,17.372927860260152,42.08959639561428
430.0242150667484,388.63224725971793,17.39136508956784,41.81809971180089
430.327456842424,388.8144442207061,17.39796490079612,41.55714219280101
429.72929990604155,389.2525180615094,17.210620364442335,40.906770229883364
429.29361414381157,389.9902051705135,17.64958912911184,40.227805320785556
428.9219004577127,389.9985486475648,17.656862898709527,39.94217732187557
428.6262828345048,391.0471235171828,17.741698275206453,40.0273510384501
428.1166701097625,390.40891144226043,17.91559640697641,39.733310815659976
427.9914731004927,390.5942755310002,17.91562475102029,39.991264476692734
427.93439573905107,391.69087562323165,18.02945981463023,39.88926464394504
427.4260472168244,392.0587046778755,18.24478284089131,39.79404753511889
426.71844947206307,392.149047533863,18.384628117363,39.39627690869803
427.3763659365705,392.4689971450969,18.364555819909448,40.13887511607788
426.13174773886334,391.6535124552859,18.367470050788306,39.88661309425642
426.2970853423135,392.17504503422913,18.306873473143224,40.44075977413854
425.9369634592171,392.33959278281156,18.415808307031647,40.64735899533461
424.6132271134426,393.0989286808023,18.938811241500638,40.77768438696755
424.262463198366,393.512316545873,19.208611721895643,40.68384474109672
424.4855106632759,395.2161839382644,19.690806503551297,40.78713610034153
423.6437978213297,395.00188552942507,19.82961465375982,40.494323060747035
423.3284915603754,395.3987690930388,19.717140837625138,40.88749529223077
423.1640679825952,395.83443489058334,19.743157624905116,40.7352592252675
422.73731576710577,395.6922000771453,19.719216656122832,40.46504343830625
422.12789614525013,396.4018155888454,20.00717046568341,40.5462719667172
422.06247656757074,397.64318924747096,20.16693163311795,40.88468997272351
422.06676443183983,398.04538224064174,20.52479742264813,41.286874850105676
422.0972973120799,398.43745007226096,20.0758851028819,42.08832442341673
422.68248169162547,398.80138424154075,19.60735877104444,42.995434856066765
422.54840534103533,398.9747028295277,19.53830898284867,43.18921898717984
421.7520405319474,398.8563762635895,19.451932961566897,43.13662773548275
422.6070420959163,399.1657786071313,19.251974289157292,43.41852296190089
422.1503555685561,399.02049279561595,18.858681446508314,43.534223423351506
421.74664998106124,399.3095389881806,18.729328440837747,43.36213841751565
422.0241337014403,399.83458440453444,18.412729123849395,43.53841148213151
421.95013995740453,399.8232927894293,18.375257772981264,42.88034853123534
422.12980528562025,400.2040505382492,18.18755244759401,42.89206489757103
421.62099638000257,401.0077878316403,18.027871116945512,42.94408399555739
421.46922366444755,401.8980812493907,18.140969441098143,42.56643540678358
421.36352708017597,401.82471499996274,17.996262229220612,42.32449015958208
422.1002903723413,402.0247201180466,17.982578565193315,41.6796942271462
421.9138090693674,403.01807308515873,18.08286255747845,41.1000554726019
421.20778830980885,402.821193489588,17.898585712452103,41.09733949766097
420.84313071425515,404.1850807400759,18.26706067237928,40.59591458889406
421.1496415400134,404.8928363797443,18.63546055110955,40.07694562027186
420.7379836754142,406.1983940944856,18.370999619388744,39.80716191114152
420.26987589787717,405.92435768937895,18.422800859239175,39.38780681198057
420.4336383110128,405.9229884500944,18.616920863671524,39.39030657228841
420.11750104026,405.64082631216036,18.891171672276613,39.06844579814579
419.3208715089126,407.1138510971115,18.92019933924994,39.5899636720913
419.00542110274097,407.45180480716374,19.626682603711636,39.56343264435117
418.6087296861142,407.77043011464394,19.98847502887838,39.8682150818353
417.6228928462785,407.5232799703437,20.22702659818303,40.25444852102521
417.36406740196827,407.66434213971064,20.295028123047288,40.41325726081875
416.7794840382419,408.30689211357605,20.476902083929005,40.70568924687247
416.39627483696665,407.9992062861102,20.540581068926503,40.44548774353997
415.7980647834578,409.3610089162019,20.721162195269457,40.30597843825157
415.6426335456877,409.0364506278979,20.473789800375773,40.44438298730988
415.33705936950173,410.2506307977974,20.07052539201317,40.73540302623401
415.2411822914815,410.7550850410509,19.5627574104118,41.13471590374836
415.10545449778965,411.73347948326887,19.318495014549683,41.090419652178255
414.6581673463778,412.4884119932053,19.323915419611005,41.40547922050884
415.1405176845889,412.46505140262684,19.368793924860054,41.84354554498394
415.1046001706389,413.3979671816884,19.525925747532174,42.05769173763912
415.62673705381843,413.38701353656705,19.62352093010949,41.645947371969314
415.88171703658,413.9540759419205,20.32724170875747,41.11049656057197
414.8932619732654,414.54682712395226,20.779271306936735,40.52088334760478
415.3100660713828,414.3194591255538,20.5401816529917,40.47791686503921
414.59136288504726,414.69099464326945,20.468690363499924,40.387503398062705
414.6469848005833,415.2912999044931,19.938784729420746,40.6457551803029
415.20072592318655,415.8988185900189,19.403437753856082,40.79660580878584
414.88861089711395,416.0731021748915,19.30895696625288,40.48337499192541
414.8454795526866,415.67522294144436,19.133212776254776,40.36643614360371
414.7612749769649,416.2515074204925,19.55091519542512,40.55816399851853
413.7503222609044,416.0784023098767,20.474309527730718,39.89140365300061
