575.5,258.5,203.0,244.0
581.5203658670271,254.5174695617552,189.58315073846097,253.43071310389132
588.4275815488769,256.54853186963595,181.44532698355653,258.05945019009516
590.3028612485118,258.4342325208846,176.1785936255083,259.27467742000744
592.092300139375,263.93809553210895,174.93136133252088,263.8676059996096
589.1212016070542,268.03519302472034,175.2952378939276,263.4463344839303
590.3664640150091,271.93473016032584,174.46575529145778,263.1212496994136
591.9566180427616,275.24283375241305,173.22674131001128,263.2094769100756
592.0959833922856,280.5462013226465,173.12495427074572,265.2094512498944
590.996190528125,285.6720859393789,173.20721731573263,265.2328370838734
591.885676235519,290.0554506053775,173.4321767080583,265.35657539561413
592.2114712420378,295.4507492746989,173.44836411411103,264.2429180212656
591.6032154062046,298.09969557865804,173.43431679434508,265.11725851805323
591.5621131421045,300.0484574548781,174.3060296056836,267.131635762775
591.7446527603294,300.3879989070713,175.81208333909012,269.5955422554375
590.2561157107758,305.0580262164739,177.9793213485862,269.8123933830923
588.0544479423334,303.72157739250576,179.5158131850622,269.8553579122083
588.1029659434726,301.2988141405154,180.50115878888568,273.5473434472941
588.2350944355036,300.189431168599,180.38043123485545,276.1836796542742
588.076194124831,299.5063898772107,181.9723904531932,276.71780096290377
585.8090656890352,300.5872390197145,184.3799681427322,279.5897669044282
587.6943693151726,301.970568666192,185.40389414317343,278.4379844778138
586.0155171160222,297.523488235806,187.87101854298095,280.9428578668146
584.3718358718831,299.73070244877124,188.66405372451158,282.1239065450711
584.9485058393949,298.9930039458724,188.76625904801008,281.1360429002341
586.7145048464924,298.9320060255744,188.57960271624927,282.31703398771714
582.4372092102092,302.23174508856386,191.4437967262424,281.95623860862554
584.6479848652943,303.29604307577284,189.0599818319352,281.7412312772816
588.3759253143473,305.2136369131947,186.871352902213,281.9373455776881
587.3109451070457,306.7190163089257,188.90342213510883,282.35615698428524
586.160289431147,311.43706217388984,189.3172354657803,281.6393960420156
586.3628721320852,315.5334316380218,188.53455066497656,280.95020239802295
583.5826922711905,317.89628729894434,190.216371062959,279.61513777226855
586.9714160769805,321.4274515275874,186.8459418744594,279.26103075052936
586.3061029310768,324.37686892351195,187.24889476681852,277.0773467918101
589.8148777327542,326.01717562201,184.4704966412773,279.3051676904684
585.7019687676424,326.71399915368534,184.73967718899362,282.5924130946164
590.1651211455435,325.95903286814496,183.9851606488288,281.99923272967726
587.8394956008552,328.61763584577517,185.09945948104877,280.82666197491733
587.8652775117065,331.9592950965523,186.45432292355977,278.6082506427051
585.5672187141263,332.8017746448127,188.41778203712235,279.14770160325213
588.3768410640624,331.6671433374644,188.9761095876163,280.02432052783956
585.7982813544936,327.67794925734546,190.44851731203653,279.79685522585817
589.580355497762,328.4734227749776,190.4235607483696,280.4071816319085
590.9923758341969,322.9059624168004,190.90486274975518,280.2792067641566
588.8941919940661,325.1707160237339,192.5324168676236,280.72893996777003
587.2629477404373,325.655266297759,192.85951084935326,279.73271821856224
586.418617582138,323.30969729374107,194.06689811087523,278.21012446085103
586.3623419886453,320.1410126279006,194.53030771799425,280.2590087423306
584.0452412459823,321.19621028047897,191.79043808210434,280.5127389273624
584.2370368880834,322.6179230741496,192.7472039823124,279.0634151981602
584.008494275378,321.4009363779537,193.69608313825367,284.08134077904384
582.1204782928583,323.48748146999696,192.9123469033725,288.9724548109607
583.8778455324757,322.20794086428754,192.70574554944284,290.44807211513773
584.8493452347475,323.5818821136199,193.67013626254445,289.5757775566891
583.3213411570729,323.36091584609414,195.21037922776918,289.01062691417405
585.5774977316179,325.85638788802703,195.08642181064323,288.0965513643965
586.5729558254301,326.93129985908934,196.1004401723506,289.83747616151436
584.2026402542615,328.4454867620566,195.5441481541348,291.3533051601453
585.8382615570102,329.23401531890875,195.13986845833577,294.13570840029223
585.3548222996012,330.1964345756612,195.78645810639554,292.33672913244527
581.2947769991426,332.45410700887663,198.87263843280704,292.4763100892261
578.0351014111776,335.3395269118088,198.87437381360164,295.5912696913208
579.7792196223907,312.9505535541608,199.999945069398,303.5525812747808
575.3453093574301,312.6837728889227,198.45731561762983,305.5465449747563
573.5296477288417,308.7993566402684,200.47637197665134,305.62600970091614
572.8552600378307,309.4413254523452,201.03123816658803,301.8484895896562
572.5797905669726,308.5598571289298,201.01985008098333,294.9615744374757
573.8098469381721,307.13855059647625,202.5272346873699,291.50539037179817
572.996385511424,307.2988056371628,203.15544273621651,291.57647720376275
572.1479961600157,301.27359490201735,203.9848155476147,290.0405787506528
572.4837935167411,301.0755404634076,202.25310680809434,288.4957498703802
571.4238719735544,299.8519151828602,202.57736652712012,289.73534333270493
567.7676166934272,299.3912822924135,202.184116131564,287.2511220530514
566.1164933049721,296.81739445567337,204.86126432239158,287.35964830636567
562.4190677418713,293.6722535053808,204.70075227033993,283.7795717398487
565.4387977293266,292.12958404164306,203.89207289693093,285.07296461381935
561.8803597830549,291.0785567468232,204.1927637919157,285.29572600010505
558.9443274729883,288.4059114314549,204.7067251367498,289.38390531988284
560.1859102780661,287.2584346218524,205.23833909431278,289.55532116023346
558.0372158246001,287.6444376333546,205.40852692092253,288.81330821683184
552.6215361083616,289.0163472289868,207.28448493280612,288.10826518485396
552.4622613086706,288.64766164038735,206.75994369995487,287.30751275441736
546.5845462162739,289.44240197092074,208.50580376298302,287.3431896880314
550.2524856887501,288.4042745056553,206.91330631827498,286.7148693183456
546.2581175462409,288.0954527443645,205.50440428237036,287.06274198025517
543.4808111941262,287.46559829332546,205.61942176412666,285.8508641780791
545.266147224747,287.0897397799649,204.3828609165691,285.0123797077223
543.0021163572766,286.70017903470307,202.12266123793583,281.7609578709144
541.6465292937886,286.3858734523989,199.8094980731941,281.48265623187274
540.1589905848832,285.78211544429524,198.73188021665186,278.8694160511044
538.7300840042036,283.54233013401273,198.89943535188814,277.7215662462544
538.0868215348736,282.58220315745683,199.85166433226755,274.16644168603
539.9780711653884,281.23605930171584,198.21098311780761,273.0777402274375
534.063313022968,278.209855874426,196.63614244616645,270.5972758356793
536.5018714772827,274.25562807842755,195.46632500843862,271.2018550276823
531.875560620809,273.1340081027119,194.73903682453567,270.19668713838485
534.3363767063443,266.33753295464476,192.55693545523798,271.3500431657203
531.62980440434,266.18716031730395,190.8757917100949,270.83282311170854
529.8185943417324,263.1799755513509,189.99752709715108,272.02062642428484
530.2651720555348,261.4252640758323,189.21049706901664,270.32821517350936
526.1976719934972,262.75272828441507,193.4445436618264,269.5801716650198
525.4345420498253,264.1511834530519,193.89483146893969,269.35229399681356
519.9903475669057,260.06029951454116,196.21726622640483,269.76594539968346
518.1463711831235,257.1403764020868,193.59448376829164,263.7156749330028
517.5038482744847,257.56529916742704,193.84543739768776,262.73157299470375
516.2494612914002,259.45405289497927,194.12563375002622,259.6316206834325
516.458684206047,258.37133082110756,192.24760976426137,256.35076003304965
512.819417967225,258.1873186404448,191.52911484474942,251.43869787704122
514.8094326514023,257.73591072730267,191.7663458371128,249.34936625764675
513.5254431333574,267.75424001750025,188.09414390396444,254.17269875086004
511.7852322854436,286.34881489489464,185.90561981045468,254.13821589670596
509.6384918387771,300.43654030798206,181.4242117114781,257.4752582040761
507.79875532036067,316.16324712826776,180.27642377724163,259.0898529863563
509.4270167955319,312.58610344713156,177.17359877952725,261.3276817419087
507.01425222142416,308.45164803637033,176.25925451847155,265.4213100850987
503.1015249093597,299.88025370418023,175.75219533339643,263.76437035592414
500.6737462379034,299.73071648619043,175.85816657096228,258.1020676480439
500.71563795978824,295.17451256836625,173.896721183757,255.44799980620206
499.4405675392794,288.8800749616998,172.4212048478032,253.1912405590857
497.29137182654335,280.92368102074397,172.53462970909686,252.1709286942933
492.9208518085824,276.9883547524671,173.69123523574137,249.93056400367408
492.2847309309748,271.30610572851833,170.7010873310751,249.04124926165463
488.73597696942375,265.46733194380033,168.75063878750234,246.13187895389342
490.58474987430964,261.0354449739869,165.40504657360728,245.33569691512676
487.338572284155,255.76688489889926,165.35235780860398,242.5410194655095
486.9050970899624,253.32835208907733,165.5821994537984,239.15529631257039
485.9109566919002,265.8126617148022,164.3065468297416,235.02272137264407
483.0791120795105,284.4395581428822,161.20956634626904,229.98043440637662
484.3793370549047,302.54715375157286,157.38351984835387,226.2373691960754
485.047729376529,320.5075910197171,154.54156331007817,223.54231329382011
482.8460190049914,335.8821168835127,153.3061467156595,220.8601904297543
483.6332944291546,354.6094766587347,151.66635033583356,216.64691832804078
481.32586411306283,355.0839986637848,152.73413426589917,214.83028967219244
479.094517383371,352.76683522343683,153.79131348501795,213.68235708862454
477.4320951424552,350.3837002538936,153.59418388008817,210.88279250546367
476.21438657509054,348.3850199984215,151.04423419352844,207.83308442052157
475.74690968551494,344.13807985044065,150.16071439518024,206.41927943663714
475.15421014841075,340.86778142530363,147.57768538215407,203.57096027128608
472.2639894798522,335.59452355607164,146.28198822287217,201.39215233268717
471.1505172527643,333.6876951185763,143.66972073628264,198.13095340323449
470.76242007350726,330.57066617672416,143.48677664179002,195.06770045777614
469.1683995786751,324.17488125958005,143.75317437431312,194.4787818963735
467.66561322106975,318.5452995946847,140.95485638441534,192.37778439852735
467.37488685759223,314.79905379694276,139.27616988445683,194.1470260817493
467.8339341469556,308.55874143380345,140.57133524110924,193.60590607993964
465.85966964736264,302.08544775356614,140.78381840289273,191.11181293656898
467.2614987784894,296.732628928978,139.50378622973528,190.1107426313386
463.4825348397758,293.85274643428784,140.27465527690134,190.81706561937608
465.26679496670727,288.47401965123686,140.5639564875769,186.99894335692585
460.66858005797206,283.3391296196464,137.3797577192319,188.09793274780438
461.37800843419893,276.33273134499,133.47099751676592,185.7431488832989
464.3796017167608,289.2092823041071,131.34152372973352,180.93943737644162
462.4978567169636,307.60382383044396,130.91909921287896,179.3904971460335
460.1100628743555,323.0907572745668,128.92830706487382,177.80792855185527
461.5008423759506,340.9137283753926,127.8369512515335,176.6342344275962
459.89255071607363,357.65645469034087,126.61263949072095,173.24337484579547
458.4202677352313,375.36166423905854,125.85161115118188,169.97961559943428
459.0669440739433,393.95775798711213,124.56094467674963,170.88012143218452
452.6228726806038,392.5205574216702,125.9924825058481,174.5782421241683
456.63839437094856,390.4891484386699,128.3216905518553,174.4129898310748
452.2557666090531,388.46402920635757,129.5081968958061,174.7278655275262
449.6644755279825,384.0635154524931,128.02529033800718,176.8028583939892
451.8052392750746,380.8711965145794,128.9654401471372,173.4934769521896
448.382594748657,378.2487787261962,127.01648538741132,173.87302951656608
449.72493990163036,376.03148183195765,127.52863632139389,171.26453486891643
446.83151566306816,373.83219700700533,125.26038531121355,171.46140430824977
448.9768055088768,372.6348399023394,124.81526102769257,168.094937639896
445.54108399062443,370.60191302330884,126.29572525102591,166.45948934641302
445.2930878894836,364.02114625269814,123.85051648170413,165.95244283239757
446.6459068274273,382.99332849356904,121.65711812159813,163.29474903547018
443.90526454665616,399.0974411451491,122.41775105655361,160.79420729554255
443.43944863596437,419.23646817591776,124.31016719400003,159.31270779943486
440.1949658690156,436.4672315508734,124.13190784386441,161.37404634493373
438.1621804020118,433.2696831966903,124.31409311960779,159.46806330323886
436.30716117535565,431.57297768342715,125.3129089242995,158.144923979576
435.49067223028726,430.63503890637605,125.27675720437465,160.4664709462911
435.03194096029586,427.33756946261326,123.68165842309901,158.01898372450273
433.1051307019533,428.53199289396156,124.49865426975536,159.71179045677684
431.59547711320937,426.91440740141275,123.54729575396019,160.48491863334175
432.54544787803513,427.07745171718375,124.78898344336378,160.63176627442084
428.1224412324623,426.9064483840618,124.47585805500518,161.87053704026275
427.7483010834041,427.31806539525206,124.80861044312738,161.75399642875558
427.3494619296413,427.04344767861744,125.50264184642282,160.15382137580355
424.05968111203845,429.05830015064055,126.71693620486458,161.68127823977125
422.0897662054956,429.64905239754944,126.22182806400133,161.6428799681062
422.0114948286657,429.39113587933366,125.93779739356019,160.6740815853559
423.7277959344883,430.5327241306845,125.79347471530122,160.7903513316623
420.88556052441817,431.893829786539,126.4631240060531,160.34890769916782
418.46342258314,431.2834762306439,124.33295836028911,159.24851672174
417.8751062977084,432.7677621832994,124.77384520313652,159.16136852820566
415.3855977160792,432.27918138399707,123.05004492636189,158.54785751462003
412.0212591042481,431.8067731256561,122.29918800085424,160.1234165215936
412.9983553361213,430.2559163855143,119.78862736493912,161.65053800759162
413.4203152296941,428.1153026140313,120.25620991524923,158.62967252153544
410.0172096608736,427.2756516040834,118.60429403110066,158.027309454685
410.6404910963044,425.261438220297,118.81822853954202,155.33932320117017
407.2528695968527,425.65005529347786,119.84515286626527,157.02956041596872
407.4619437044429,423.85506498781723,118.89323289777369,156.2830694696728
405.3790571129238,423.85838236869006,118.73262010592782,157.85857372312483
403.1531680597008,423.2979810620642,117.85407737726032,156.30031635407676
404.73971133455984,422.2345817634321,118.25087655828563,154.27339314195373
399.9681388049012,422.0851977721447,117.62140752000784,155.85966687041642
400.80356663688224,421.52396249587866,117.01560353088843,154.19051931419904
398.43789506804586,420.9380338244689,118.33530554765062,153.76425358344068
394.87369083038897,422.7007484628998,118.96807088407893,155.73324054345625
397.6307183099931,422.18501853262075,117.80864114993778,154.2551493557356
391.73466198188004,424.0315645130661,117.56356718354425,156.89032735334106
394.0233198970262,423.17578514395177,116.84920096300831,155.98859053645486
391.6175712863332,424.6336737968927,119.23775506916006,157.33659000974782
388.6914739081433,425.424718459371,118.96894524408849,158.66810112958498
391.002630552442,426.48058709584836,119.41430134712311,158.0555733798313
385.9779507656617,427.6269600691767,118.5317866454761,159.38703206879478
383.7436608295006,427.4928440588561,117.68556625534725,159.9722347954218
386.7541908954399,427.8980026349933,117.17748086254335,160.8506494327364
383.46663299928935,427.99993209441925,116.8979080104352,160.85231841553403
384.4260903272812,428.3833779050866,115.36374375046474,161.48216496577672
381.27575778324535,427.4403274090868,114.48810735919687,161.023125500623
379.90866108630667,428.505890899621,114.91304586835437,160.9799151321797
377.94011333967853,427.84548871232846,113.8668316158221,160.44171763184107
377.7881365949641,427.8624565040169,112.93031111957893,160.95496609854746
376.5187539249125,426.73504276309313,112.33526832369581,159.83740569434752
374.0211905578815,425.74783611888074,111.63944227989533,158.70518031280474
373.04401705688974,427.11975216291506,112.51565653327494,157.86138837442476
373.53514697991363,426.5140914921986,111.77643982680414,156.00777498532793
369.310516626171,424.03450006707607,111.05409065574929,156.21520879687668
372.6072365928079,422.44933740338473,110.53111581036609,157.5666572617334
368.3667690338579,421.71455924921463,111.58284598747021,157.37508421464307
365.8363798654872,422.1573110204363,110.80164434374294,157.19153920930154
367.2959356762232,419.89246236202143,111.23116529635232,156.55451232111403
364.7091679125432,419.12412273873497,110.45066887943744,156.47723499706174
368.12550625043303,419.1854922110673,108.79558257383599,154.68059938205556
363.15488195522073,420.45682047362266,108.79679439057892,157.11475521961574
366.1245034799144,417.4624528809245,106.64042401804105,156.33571868412585
364.265909675326,418.54945765342194,108.21317312204506,156.2683718893751
361.20567417878607,416.96795009657296,108.76938506284833,152.66334491551817
362.5420580148149,418.5387039052424,108.53931014744343,154.45526224782515
358.9922242483028,419.98188766582246,109.56178632762345,153.9147599762989
359.28137805317317,417.2821753723564,107.14102738388304,152.6241945195909
360.0235322381784,416.84587039528094,107.24775509518665,152.97455155645207
357.3104337958493,415.4647217253764,106.69632422563348,152.05689484428964
357.4919178767944,413.40147332871015,105.86044986166543,150.89117390614632
357.1994244252023,412.5078278460545,107.93903355707059,152.68455837303668
355.2811079259966,410.5896658142815,108.99648960502742,152.24764473135198
352.96846524352253,407.4739677682404,108.5845769032641,151.68652411506008
357.26792369076304,403.8941257617198,106.42348568856212,150.7910838452644
352.17292193885504,404.0150977404063,105.1653767045851,152.48708120068136
354.56423167682505,398.123331794836,104.37767629030586,152.89093531929993
354.63679593817864,395.52204490011974,105.50204051299815,151.30411377639606
350.57980165031904,393.7991363036067,105.6531627824125,150.84158050174025
353.90243553571906,390.5537331075337,104.66831685990957,149.80513231243492
352.9622261245243,389.2954274835838,104.90653807335131,148.230897021791
352.68310629518544,384.91837265928257,104.69256308092126,147.26809058610382
349.127731326623,383.38394375190524,105.33112549897263,147.1284787715708
354.1765753249914,379.2085571027012,105.56623836740908,146.5302612481405
351.3065928985216,379.0948457763933,105.1228135566524,146.113362101478
349.96708297345833,376.1021177410264,105.08745385775248,144.94584547400024
351.85728603134214,373.28787384868724,104.67560519514035,144.626273222973
351.30134519944636,371.9316154821339,103.65483576831001,143.04490091036428
350.35401439050287,370.46298349798894,103.00919344065562,143.49602415065738
350.61174587230073,369.1096131173489,102.09278129693374,141.54869405775048
352.1593971775087,367.5583100974251,99.95176645392806,141.29549183954146
352.30285707028537,366.14250173961216,99.91414759529849,140.35857317957218
352.69449734905135,364.7029349017406,100.68722871302896,140.5314647708122
350.3959862299588,363.29343346269474,101.17928478757875,140.63532396833136
351.47462690390006,360.4077201851993,101.11675813558861,141.09948238062202
353.1019951731681,357.4846129095067,100.96541896643728,140.04163132302892
351.0883028777946,356.22860139527324,101.47607658651165,139.0534083035222
350.3095477865726,352.7202495679394,101.58147874340486,138.4541456381521
350.7431545120306,371.34283367678233,104.97626156171481,135.48783941997794
348.5354675160358,368.2553133400195,106.90235223041657,133.34691062634056
346.9521335311688,366.80853201674563,109.10433535613356,132.19516563662722
347.8726495341754,363.77044157207877,110.78669936528749,132.52848191719633
347.4589039141717,360.23485397270116,112.36475386918812,131.24650293351746
347.65165234444555,375.57217797567915,112.04201981296976,130.32938704731248
345.9044736817791,392.5305100356037,111.80140871445927,127.63824592245845
347.02187693003054,410.87317554070836,112.70107411126693,124.5632168836847
346.62285922528326,428.3342218341369,113.30424645468423,123.35860400263823
345.60286741270636,425.7429891019456,112.31143655795702,124.84216185326645
348.8813909416942,421.7797121530594,111.8960053675961,124.28938664184705
349.53001957295123,419.14231885396634,109.2977253370614,124.7095122521792
349.4005661441165,416.7999676292005,109.3113529273005,124.28505046373466
347.61380082509027,433.2513398697223,108.55961863462795,123.06709564028398
349.7168286613304,431.9650017310561,106.98591960582434,123.63105509594584
351.10759793492196,429.6492320780969,108.01646954817372,122.42219895127224
348.91732026109236,427.81994452101407,108.15313794820108,122.24564075130513
346.19053449712067,426.5606478545873,107.61389731946726,122.80452622798038
351.373312303503,425.12271775557974,107.7182284864877,122.17709934904548
351.157803423652,423.3419099796099,110.11297980007618,119.78521415330442
350.5676256282146,421.26392210693484,109.59234161462948,117.089622630283
352.0658628039396,419.8582941134946,109.63972746024677,118.09999150931439
351.2760694828962,417.3641360734328,108.53091502587179,118.48097440614939
350.97278066604724,415.90979368865294,109.96946728515712,117.65359998686634
352.57130365524944,411.86183300774985,109.56515306868513,117.1145411469513
352.04063024938955,410.66491997701206,108.2062048803287,116.71822419542636
352.7600208003171,425.2007682484282,104.86228731244728,116.10936487183244
356.5322078372842,441.1411336640794,104.05122012327863,116.32946030395769
356.9030530482292,458.37382527198514,104.05928007713632,114.76154946973809
353.18808593679154,456.72420842114843,103.21981465706733,114.03151776766394
355.4630962922643,455.4778563547005,103.27540336308346,113.8853538070691
357.9379808537511,448.82979001938304,103.30391287704218,111.35010944828515
359.0104957178085,448.7661101714607,104.65332537343,109.7637940027953
357.61452433046355,445.8717114239066,104.70997905128766,108.85303848505558
358.4358882533375,443.5144916261595,105.45937561998369,108.7372693021685
358.84264359512275,440.6041007978979,104.69129536569304,108.16449770170316
361.2130633261421,437.4310207716783,104.24425387347242,106.70784183998832
360.6413739957925,436.99536569546046,102.65627019133711,105.30600893936912
360.816980206566,435.3028911580568,101.58080709554243,104.99531077449132
361.01158703206494,429.1886952847948,101.12458953132084,104.71813592403049
361.29958156732346,428.21643879328747,101.49007811716822,102.83210085902584
360.2380263985185,427.01740122857694,101.62112648215995,102.9532172844521
367.2476341377481,425.3946420519698,100.33395808469446,102.84877292633212
364.96725369535187,422.32209627583705,100.71393235983723,100.97601932478905
366.6523254534529,422.766065206328,99.71960614252441,99.60458297991093
366.2229678784025,421.13630350831204,99.92884869836392,99.40518351293622
372.853118596486,419.0958448663838,99.61498605156468,100.14818251523755
371.33388182113833,413.2423284967261,99.72497921552602,99.74480837894262
372.68358782611745,412.2536044479572,98.39356520952741,98.51633244236174
370.66493481208295,410.85973466156787,96.76440118678462,99.92468821272641
378.6087505540095,409.47849439629937,98.24431387712589,97.71496262754079
375.85452048151626,408.5204218336826,97.20033194829034,96.65508860871613
376.03431157011016,403.37067269186673,94.98626819322936,95.85168734095618
377.2771916536326,403.3526609908419,94.37309308439666,93.8307959366399
379.0729608602127,399.6746007297664,94.79429528326665,93.40153466481512
380.69138788639845,397.8784841586936,95.0458128415365,92.50979382701081
380.3268739391739,394.32429119101226,93.06686606366816,91.59645315409702
382.88330517172466,392.6673417311268,91.98680618035371,91.6821845399935
385.8468962847202,387.9186142965841,91.57381891972527,90.10434300710133
385.46950668302725,386.58665705226554,90.35469661287247,89.88795268235344
386.42274268906203,384.7373739368896,90.53439455891743,89.52418675978504
390.3181826200107,383.09247516327457,90.4181467694689,88.34330454703584
389.3654720932845,379.9080670394892,90.10799403523208,86.98051431114715
390.263504354903,377.7421376889114,88.54606271085238,86.04940208792526
389.5484424002535,376.570306693134,86.45639954701599,86.06301599522101
391.0266840243347,373.9172989016768,85.3454541997782,84.75653949363218
397.29285121149064,372.43003308824643,84.96406072054694,84.1056481659337
396.71375910277186,371.00031763096473,85.21558819588856,83.98575068656086
395.8136893688634,369.79233432833234,85.38945975370191,84.2569452390608
396.23953156300246,365.78493682194636,87.18097004086925,82.9675458014543
399.88778463827987,364.3264910924456,87.0218053896431,82.84341424447985
400.9344190835378,363.0484405406633,89.59552153406982,83.65016587313752
402.68233057717885,362.59079322259186,88.4342615636792,83.59454590700082
403.60507361863677,361.17247010569014,87.61241217948623,83.23738930724707
406.503472626033,358.22793651658264,88.86071676097677,81.60731147356027
407.00080828144746,356.537707315719,90.33101889985483,80.56644085383371
405.90298182368804,353.7770818993373,90.50645391986583,81.43839063450349
408.0522720743895,352.4101014179503,91.23437412036716,80.97535443159762
409.0465468220187,349.17862628507146,90.8233378430349,81.27909592278868
411.1368387535699,346.0207265234528,90.97602405286943,81.77533301087583
411.59865462244386,343.88995876486354,91.57538814470375,81.50111384742078
414.3175564712951,359.96597956784376,90.59664130124924,81.74641873804242
414.40003252460497,358.2197668977293,90.0037152983646,81.15419070073838
413.65120890528254,355.57361364331234,90.01714405880661,81.25784469416092
419.6792530408362,353.48701571336073,87.41790202488187,79.46569946290813
420.0962057844755,351.52491348227636,86.98217255202661,79.02148427786008
420.5798884032222,368.41927836469193,85.42647877420812,79.87514953256019
421.00975379985533,383.22191242101576,86.20639641844183,80.58042066551792
423.3995435429716,397.8146139045469,85.58507680083102,81.90066917245471
421.62645746085104,398.9984825577277,86.23796082954368,81.2115126270489
424.8835900512287,389.78796036188817,84.75630844938658,85.38443766447992
426.551654289794,389.47329004789606,83.12906182726698,86.06438710995212
425.17947258907236,388.3447849128688,83.30770562421799,86.17233665384077
426.5151759073975,385.8866569473068,84.23602471083431,85.73964601361482
426.0864372828565,385.7737641228738,83.48952809440728,83.47061321346044
427.4099806102305,385.76678640226766,83.68747508528921,81.24204951442914
429.9632459162896,386.3182327849429,84.79953330221142,79.02720051033201
429.65644639210143,403.75081104311136,84.32095817818646,78.05362648300881
430.81632113377236,403.10678640423544,83.60631182995343,77.14889478923348
430.6764207485064,401.50961019819374,84.00615956626322,76.62487056481172
431.5777833479504,399.79169505697655,84.29463424225321,76.70532770309634
431.77619267536744,399.12311169560365,84.10892872740615,76.02634752757247
434.1533802769585,399.9464151071524,83.67624169942543,74.40518461230215
435.79001292746165,398.14452916228737,82.87868011469718,74.0780690413236
436.1728775628803,397.27950487835324,82.9872288527978,72.89216254251102
436.8020304722644,395.9583282683753,82.9703926556879,71.85409131063889
439.22629144857905,393.48191572954255,83.09844130929028,71.10644975546127
440.5839392444495,391.20572324844676,82.36588457005033,70.1841457108475
442.8448434973971,387.8384832613526,81.14991703324077,69.28107485419469
442.6984670527642,385.5318658069274,81.20543670097564,67.77783513459671
445.11197922297754,380.9777652414088,79.90916883409022,67.48507248236965
444.2494099257222,378.28497788484015,79.2624562227751,67.33446193091953
447.0394156280685,375.64743694741674,79.25292516476212,68.4122428948167
449.2730310384585,374.3059680457403,78.26158951037928,68.49980825973876
450.1401814747461,372.6727902747862,77.5348777395954,68.27059242675372
451.0333125530752,372.4574208568064,75.75043902115237,67.53335905564398
453.55414531991767,370.38268628274926,75.12379967536415,67.6845510164109
455.8361594734902,368.5177132155624,73.99938924045716,69.16902090490444
455.1080350664534,369.20664393159524,74.51550066820883,68.48235847748889
456.80510113534456,367.13279394650647,73.52437794509933,67.84090534860633
458.37526899376144,363.63008644275595,73.34895416597925,67.93908091900413
457.43129198990204,361.67289188289504,72.99812076105454,68.02665347988803
458.2657583452688,358.0274828275283,72.75317889600129,67.56159838734399
459.6240446170747,358.09296747192377,71.74735347515411,67.25019887997561
459.8919281469733,358.35869994924917,72.45849233824647,66.94514222810875
459.51597144210217,355.8650962231411,71.52564028988186,67.92523288573877
460.83599075871405,354.0844112885227,71.68394817612827,67.42165610351682
461.2117830470132,350.8766674383978,72.21641847490383,66.4098395358833
462.80580134229047,349.4314956427301,70.55537074829437,67.17812473564763
464.1786103319798,347.8190197436836,70.93718010846939,65.38625705665936
463.7815341506443,345.28733785070904,71.07056020713671,63.42792475191022
464.62380792601755,343.0374632467986,71.31087933272084,63.15341916084191
465.26363087410687,340.9300030606898,70.72192955680431,62.40557956144095
467.59720032227676,337.96432684134663,70.15245644720765,62.77074318787146
466.8238285070231,337.1659845367333,69.47780172413833,62.080162734765956
470.52263294392134,333.2414163018607,68.98719339202883,61.355828135175265
469.7216899242597,332.09687509488884,67.96777897244405,60.80345151324552
469.49891766390124,329.0988588421804,67.93684739009362,60.627346281388256
467.7383564845784,326.92475260621234,67.6348203060665,60.038237090421475
466.3567356276835,326.1400163814046,67.60797026685033,60.01338280549412
464.92091980046376,324.05199396529,67.72299319669568,60.0790136095555
464.79160975618976,320.3325053346675,68.7567415902021,60.19341163190907
464.65724204620227,318.6047047185219,68.72280495183313,60.01477462109724
462.119653072579,317.9650145715781,68.93066045416386,59.479638013014856
460.98436734372547,315.03776703679785,68.87614388773156,59.306708747095634
452.18538675108357,313.63238255355435,67.20010681251735,59.05377441501391
443.4063366615507,311.94023653976933,67.16489186707136,58.999247749422906
433.580880844605,309.6592324828685,66.42545125181724,58.261090686833
425.28429503066826,309.6222810742231,66.12296057195144,58.484380878644075
415.76846832186095,308.4382291051317,66.81510974762277,57.76521861008551
406.8854003866309,305.374506066805,66.82560177347828,58.52188994079785
398.39625756106034,305.98690416652073,67.12430482879431,57.71737887687396
389.32665472315716,305.1458727855796,67.84616545760352,57.09740034656555
381.58292413956076,303.7647046689479,68.2103871075845,56.69528569596362
371.8245043765295,302.94446745782926,68.6621002145796,56.673444987967144
368.87672662168706,301.0659324289221,68.72493687508234,56.5866668173269
360.85327449609645,298.3987182337959,68.87551315385146,56.53868849600101
354.0195975885368,296.98437437949536,68.8508990047984,56.46112954246215
348.87023769699397,296.1033544299046,68.80266062748368,56.49882018131346
345.18777181803597,294.4534815225953,68.80323682128218,56.50075353407895
339.2329880068948,292.59045159923267,68.92711318227309,56.50749022254012
336.0466617255951,291.1840146349069,70.44739214486643,56.00039282817842
329.35145684286533,286.9396336646184,71.14824864952269,55.95116896705857
323.9787091631405,286.88455567386205,69.93490936084001,54.864483112595664
320.15635830526503,284.15372511118005,70.30763555931804,55.02504922910955
321.4794047660589,281.36284148533923,71.84052537241035,55.28480977836812
322.8254514515,281.6243386757585,71.78361414378597,55.06943511822695
328.30536325191923,276.95002600954683,71.84988974796454,55.061932711697615
330.88283834643386,275.4074172115509,71.86483711524023,55.06053927520348
334.3101228020865,273.77791673805876,71.89921521397528,55.05550118257602
332.5261945976464,271.135060917496,72.03204402352075,55.029893472505236
332.43898885985936,269.7254746239171,72.02443745748411,55.018414537980355
332.1398213419281,267.94826286344875,71.90339467762314,54.9985151199979
328.344371596482,266.0182441699345,71.90568876461523,54.99920802460447
328.86263870490245,262.02992830818715,72.33954844387718,54.898709430411266
326.8196190433596,260.46028621185854,72.43675290902232,54.625704242041294
327.60725256684583,258.6628092481263,72.87947144440143,54.59146009516497
334.3381668785876,258.15413276099224,73.16159557207767,54.22803666409859
341.0188813394119,256.9056587951877,73.28895525516532,54.1010896658218
349.57272065201795,254.37868226867565,73.11589844086629,53.90369326968817
356.18714559476166,252.08351713784967,73.42578489876263,53.91161462631086
358.72634011242116,251.61162859572323,73.44132133951791,53.697375624939035
361.34827045095034,250.35837038031724,73.42463112983621,53.65663057923429
365.08261793595364,247.79670074052115,73.43331166718437,53.65509192913899
367.73458840496255,246.11466616581288,73.45039419336946,53.64996466360799
369.03706366985205,243.8009367004461,73.48051565646458,53.6509568432429
371.86630950178824,242.6371933209718,73.49381649976387,53.64711377965122
374.9490001088869,243.0384707362024,73.38783870506123,53.56090419979655
376.5312042235318,239.7688999762817,73.38899072128527,53.56094125796807
378.61179330670416,237.51524141830774,73.39105823288855,53.56085547703487
379.57142845228134,235.6253085133405,73.3921799781722,53.56024471683994
378.68200696911117,235.017021662211,73.39339523798483,53.56003060400497
379.224821734219,233.65245404116206,73.39548800925232,53.56076823829949
377.1022539379145,232.9266782625097,73.39596656221897,53.56221782397789
374.9095380455322,232.9932556038292,73.39621024426144,53.568170160048126
373.9165748543705,232.07736129111157,73.39596693073065,53.57545095295623
375.9386037211297,230.0048913621222,73.3995290168533,53.57865144249621
377.56799573355244,226.1954240518914,73.40611369203528,53.577913287689256
379.7543864453031,226.1597874428915,73.4290537040808,53.57313438387095
380.8735415574201,225.36656761771422,73.45405462753675,53.56413042784891
383.36542737646823,224.75636815786265,73.45686669915722,53.5951518012416
380.4122222919866,225.0470408076624,73.45801058317781,53.60289667011822
379.00828572095344,225.16003914764883,73.45801286037606,53.60700308055086
377.68547370690027,224.13504911553034,73.45741382024504,53.6117727833071
376.05926236813923,223.76528425797787,73.45868565128586,53.616128021311695
375.1212682303162,222.2399259838357,73.46350853214882,53.61979433194042
373.8681941341025,219.6528920277484,73.46661807978552,53.620818993077336
373.87695073978773,217.50544819809906,73.46718596348481,53.62095643875299
372.5327515442483,215.55316344581217,73.470909614726,53.61911429553014
373.62016503800123,214.56644059308863,73.47693909351347,53.62020082052682
375.65159077247347,214.846626165382,73.48644194128042,53.62346317746975
376.78956095276516,214.92361503542142,73.48828425930121,53.62666063558827
379.13711264441355,214.8035307191816,73.49286644958224,53.627016417115755
381.4898038590429,213.43426349474194,73.49808535012696,53.6350408695809
381.5628440683411,213.50304816224084,73.51427061971154,53.63440709647848
385.3167482632489,213.90525010339883,73.52754606168307,53.622887146752994
387.52529135600207,212.79364865250034,73.53891189109979,53.61270377039749
390.488925753846,213.03120223404335,73.66370465318174,53.54103615890334
392.37644486115283,214.3361345134789,73.67410664509579,53.51699966590445
395.18423666597926,214.17074156797872,73.67506299058215,53.513686740986856
397.7090367310756,215.14826402885416,73.66870102338372,53.5044013540718
400.3809615351687,215.65486987624257,73.6297997451232,53.48248565262306
402.5465955665925,214.61671620312188,73.63611427047137,53.483579328133814
402.70939315771085,214.61227986265905,73.65238567086672,53.48774887662382
405.57775986871945,215.07586710308993,73.65720555542913,53.48885105382022
408.69050057091624,215.7616035616,73.659367164036,53.48936965195971
412.3684528183672,214.8028847041872,73.66393487143516,53.49042457717351
416.41174298676486,214.82393146166865,73.63456068850938,53.452338560478594
418.1990602919827,216.0506450860424,73.67109088634713,53.44353382836315
420.4385345492601,216.77941309533117,73.69469249691433,53.43288315715196
422.73519364538697,216.23377892254933,73.82049337662096,53.41628891097217
424.5265131164248,218.031728982989,73.83818836360729,53.40618228527109
428.68769780637297,218.48724197837657,73.84309235254635,53.40218401590096
432.6264659018966,220.1001463450166,73.77674390563969,53.34018696627566
432.31707741835487,219.7825775988954,73.77817100967084,53.33827645246035
431.76420133630074,220.4117769676868,73.7809335001646,53.337323646312186
430.1558506860507,220.26413374608197,73.78290763734977,53.33708605859801
428.12811937880167,220.99561940748228,73.79978935737768,53.32795558758114
426.26014089843056,221.59453298187412,73.82102440001387,53.320926483002125
429.0914522428397,221.70859746246163,73.82356570503103,53.32075401055568
427.77216582015996,221.54632230508702,73.82568778287336,53.32102573224152
427.6074640739033,222.2145230986643,73.83005713384613,53.32051861053345
426.95505681597393,222.72656781180729,73.83122687336058,53.32033136205814
424.47470337791816,222.4720512114434,73.83282635048538,53.31975164488583
421.22015996753123,222.2525150366667,73.83310837313297,53.31957066420853
417.2280575078396,222.2787551085984,73.8332277326713,53.31955960624706
412.416150404991,222.56369393260047,73.83623142964043,53.31941527990969
407.31262184015,222.31611123062424,73.8386262363244,53.31897053614749
401.4713489679828,223.00856225798185,73.84729521826861,53.320183317171455
396.56926261893346,223.86643973355834,73.84267770945814,53.31860514004342
390.5873231224437,224.2444227822593,73.84281730729606,53.3186904042023
383.4044896263524,224.43607487024357,73.84250319748895,53.31889428463598
374.5215587321553,223.51571086973598,73.84149448722592,53.32011315612693
366.21554940912773,223.14286339032986,73.84167383884747,53.32092851155325
358.61794462024,221.58778048865136,73.84119802996516,53.321793463088326
350.2048919733326,221.0232057948876,73.84174180034242,53.322880602385894
341.5760716177066,220.84164930369803,73.84184085510037,53.323893520010515
334.2348243390023,219.1096447678732,73.8418364806242,53.32373952670358
329.02784324116385,226.61676635841673,73.84180579452621,53.32379001627076
326.01932614056176,233.1384290657379,73.84179497467328,53.32381100665771
324.3916952242691,233.72351257688754,73.84178155777741,53.323825139563226
322.2081435931442,231.59278644426183,73.8417774286697,53.323831882506276
321.95502928809276,228.52093997072336,73.8417759824868,53.323833766655966
320.85650071297937,225.85776335752917,73.84177421662162,53.32383535043575
321.9870697793482,224.19766860734927,73.84177213887666,53.32383632845665
320.4714492312575,221.86107081093007,73.84177348705695,53.32383512869253
259.6975860589779,263.0495854453711,71.88074128669433,52.923398877388486
252.84720594379982,273.6651610053418,71.88073209261192,52.92342985583587
247.9965508862459,282.21470038117695,71.88072823524664,52.923445495034684
238.4947701173245,289.35638122126585,71.88068297682483,52.923562551734356
229.19811473320317,293.34693522055215,71.88040014765532,52.923745370422445
217.86159105288152,293.5215378520327,71.8803479904764,52.92395058176179
202.9007626370042,291.3455159584465,71.9144640049703,52.9015193666453
195.34200254454055,289.0973267057418,71.93610368147469,52.89328304203764
185.85730232836613,288.86651357577796,72.1756190125052,52.75492656347047
178.6412297069523,285.6057728921479,72.20100690059654,52.669008943914115
170.63600307552105,287.08792357862234,72.20941167102737,52.665034242565625
165.94429838325334,286.62151646226755,72.21406453243047,52.66281509429001
167.09532428908298,284.1464922922541,72.20973815984286,52.653663052084184
166.29762331007024,281.7490760731474,72.28646920131102,52.55624304507661
165.7736476287621,279.4024078706426,72.43952125524581,52.34634353776329
160.7454768727611,280.37432504050537,73.16703395560232,51.96346555694729
158.22427021686093,278.11971994969605,73.37699401651766,51.76727002643823
154.12343054031984,278.3261958304555,73.43514729232929,51.67179456730474
150.51386958259218,277.4522217876977,73.66060971147725,51.520476648257976
145.5037173579437,277.00475479408124,73.69521259980007,51.49274831773803
143.61756135059593,276.46866253275067,73.7417691613859,51.427749651007026
140.17239861927294,275.725339917226,73.75089097260368,51.41930988106458
138.43101476053837,272.2248404937759,73.70925321064162,51.41896881555027
133.34584206013727,273.61065830122067,73.78385543212254,51.35456019231408
129.8485998362679,272.08479570307634,73.78167487894575,51.31593738330803
127.01038868547869,272.58339608363593,73.85153075138602,51.20923061117958
122.87783587063531,269.5643501672128,73.8115674113462,51.24140775591551
118.80672890473913,271.50078668936004,74.00107166830335,51.023535636685125
115.60050497829474,271.1184748960565,74.21860136552198,50.71606156418112
113.13555543349297,267.6696528781285,74.07097722361917,50.84217926336723
108.87019240885115,269.5277113704857,74.1147237883447,50.780748968029656
105.2612645387631,270.7016448541915,74.1305007092459,50.769090105705395
102.70040707713605,266.8118786708703,73.9443748083728,50.99240957027863
97.39453227348895,269.86493743767704,73.99221393135302,50.95929532874892
95.56037292845132,265.24840044541327,73.8573566952198,51.16332420829603
91.90366138677295,266.20479220000254,73.80333001813952,51.952175344579516
89.02444219561303,266.68507326048456,73.66555725315101,52.11089558846074
85.60982154203208,270.93990936259604,73.99573363798015,51.704443370199705
81.06181790738492,272.2419568383441,74.06719714506742,51.48832244252254
78.49629518187533,273.2287956091929,74.09944765895283,51.38044087078803
73.63775805638696,274.36530576763295,74.2062886030448,51.26016174767926
71.17306471077484,275.6249464275566,74.23761449562403,51.2299758772796
68.74198298040142,277.42757163971714,74.2940747932239,51.15824495941291
64.4573655546883,278.293001214635,74.3144624461638,51.1339012409813
59.84195827397383,279.7494542660088,74.3661683879028,51.07506270224439
55.98030727538658,282.7070707113987,74.43024253702433,50.98182030142429
53.72677020193484,283.80706252398295,74.56660106579426,50.85995953048854
51.15813892955502,284.6856290428838,74.57284115724579,50.852707998653095
48.187387213745964,287.10400455131906,74.57622040902382,50.83950053036653
45.88427092506075,287.11407793237674,74.56722099558004,50.83892229723117
50.58203927244709,288.3463057093022,74.56686404934251,50.839219179064486
58.944431552242335,290.2848830276816,74.56687006287214,50.83928827239295
69.02509292277267,293.8215939159394,74.56721800662592,50.83901379278295
77.63392360384944,297.2986504366928,74.56723089984347,50.838929357690844
78.5366880163019,297.4526499974468,74.56546367638664,50.839264020524624
75.47129146040935,300.8538910610195,74.5629722193851,50.83880530417635
71.58740233235807,303.1057069293374,74.56169367846007,50.838697870976944
68.32926203337882,306.32264319770877,74.56197495924937,50.837373380346264
64.23467432958972,309.2600737618844,74.56212353424701,50.835286852977525
64.08500034249005,311.06661820574305,74.56217524856628,50.83484144556125
64.01366319308372,312.0151832761085,74.5606182577538,50.83542282025704
61.93746736168204,312.82238180447376,74.5415187744695,50.84228104211381
58.4030165527118,313.39371184494865,74.5383097394864,50.84530532262177
53.29223408868351,315.026510358594,74.52769216479639,50.850969987378186
49.66954967998545,317.1680672330526,74.5247494625697,50.85318510351223
48.39064970884746,318.4343039925551,74.5199692962031,50.855149002491295
50.8997155543286,321.9563861441467,74.51764380336094,50.85562476354769
47.435619876590785,324.007408247795,74.51463560820791,50.85658834967756
41.77344689415195,325.33921709874073,74.51284116933802,50.85741223332681
36.264631098682536,325.26681335821115,74.51241684444433,50.857638530594784
30.088253574670127,324.3834290143011,74.5120425055673,50.857831524330734
23.52284347448103,322.2162636976199,74.51163330531072,50.858144880929174
20.754045004856145,319.9235958990144,74.51103320400263,50.858603940817275
15.19322913772136,318.4348168990366,74.50726058036204,50.86123999901564
10.172511004600167,316.33471718080915,74.50396952116498,50.8634127783661
5.743794531583134,315.15670582715603,74.49815554947443,50.866817983459775
8.32190791439524,314.60555114966695,74.49658376355603,50.86775569251049
12.260402291398584,313.5393040625814,74.49625726388284,50.867981676297724
16.93476441664081,311.5714051863372,74.49595601754878,50.86815149146918
21.894359989643753,308.54324917494904,74.4957397479467,50.86827111617426
27.17220542721205,307.0131244534318,74.49565285382818,50.86831438435835
28.940496528725618,305.1410029471423,74.49553343461452,50.86839126114937
26.1245599771499,302.14126773008337,74.49535363935897,50.86851591584821
22.955173639642545,299.3870232511508,74.49524339124746,50.86858297582509
23.840835230335188,296.0015373862133,74.49521647260326,50.868598666271495
23.407768354849033,293.492103952676,74.4952000232086,50.868611868947816
27.616397100394735,287.05943248176396,74.49519221168262,50.868619346294366
29.03541810392929,280.2888804731629,74.49518984122545,50.86862190780805
29.301613733993186,274.56504860527747,74.4951895928126,50.868622336388995
29.418621799792092,273.652792177255,74.49521328939605,50.86860161070029
31.129575754541598,273.71900034067585,74.49521757319538,50.86859813471534
34.290532145732655,273.2712208636199,74.49522375519925,50.86859277112401
34.52161715456879,272.4967988676954,74.49522585833654,50.868590994998016
38.471193110622764,272.2592449460755,74.49523862289485,50.868579068664616
42.435794491470524,271.7430768180236,74.49524652404112,50.86857181795543
41.557606587390225,268.3583834078297,74.49526096688342,50.86855708805018
36.943414230445285,265.40947659120997,74.49529980980162,50.868524022528725
40.67796169180451,264.7598794896414,74.495508971861,50.86835830802523
39.722905171869684,264.7558631594913,74.49556279809235,50.868317700798436
38.98993222470781,264.5169405627477,74.495698631915,50.86821866921278
39.666825677849324,264.0854854249902,74.49580822431209,50.86813075718573
37.9653130424329,263.84326272254964,74.49589989758023,50.8680534617572
36.16200093832419,263.4649517096487,74.49598437954033,50.86798361448549
38.20097010124931,262.78768432268646,74.49613147620596,50.86787444748436
40.775819551572354,262.5005154409958,74.49622524676349,50.86780254718845
42.82646721691747,262.6120267376288,74.49636843841212,50.86769830044675
44.23755513570364,262.7000104532235,74.4964911276037,50.86760660752047
46.014614030538425,262.96743773503306,74.49659759063493,50.86752491682611
45.053401446921,263.51677672615256,74.49666233764273,50.86746877983246
43.889719048389715,264.3722012650042,74.49674685173106,50.867394839076816
45.16319961850243,264.4988635757586,74.49693083975575,50.86724452253022
45.635456107111054,264.84747696443344,74.49701927912633,50.867176260633904
46.74404440889426,264.8618263588105,74.49708992325584,50.86711964946152
47.71568002155803,264.71074518137647,74.4972557973851,50.866989746782174
48.559548706311055,264.71463981274997,74.497403354675,50.86687280043003
49.08496726106549,264.40441149040623,74.49752535542613,50.86677505754803
50.38952341338908,264.3240716011124,74.49769316018448,50.86664494669994
50.9622355920437,264.05195410862757,74.49784826015826,50.866525850515686
50.96865577285304,264.0978276876336,74.49809361308095,50.86633452632025
50.97214715090603,263.81117939949814,74.498428898728,50.86607217600869
51.971241750454915,263.27680414680975,74.49863454654643,50.86591446681641
52.6417412652273,262.90326873860226,74.498924083591,50.86568912873231
53.32261955891661,262.2991767256855,74.49928526354638,50.86540543262672
55.294560985082825,262.18103880613876,74.49957193254573,50.8651599382642
58.50997945889635,261.70576851732795,74.49977384142503,50.86500041164922
60.68367523835623,261.1032021005037,74.49990215707803,50.864900982686265
62.436386832526935,259.712254144369,74.50004151260563,50.86479635326877
60.81978534679424,258.12478352790464,74.50016934216428,50.86470330160584
61.06356323919696,257.2757940472597,74.50032096364127,50.86459004068197
61.02599871557654,255.96883813114297,74.5004441591961,50.86449630727206
62.06493119304091,254.55401494104643,74.50050965470682,50.86444555535459
60.2879804450587,253.1048407016724,74.50062558815598,50.86435462675402
58.81770438365289,250.99280391496274,74.50074039407308,50.864270866799295
56.072104673702874,248.59540251773416,74.50158193814913,50.86368353216709
57.87105590605921,246.17289622199593,74.50205145601092,50.86330580381933
55.70199600420327,244.4548839932741,74.50330535777579,50.86228730967912
57.47088492523225,243.22209346648995,74.50417445213445,50.861641547070086
54.12719708911466,241.87645904720654,74.50452171631909,50.861431656388845
52.36584912986997,241.20498601013236,74.50516534675305,50.861032446075235
51.315405503970005,241.60702196999563,74.50560470541028,50.8608575495497
51.8673022202263,240.95346681121742,74.50617244938847,50.860580991953476
49.034658451569,241.33102655842362,74.50708134366718,50.85999162935797
47.54357756023545,241.15798042010343,74.5082140926734,50.85925502807249
44.23814549066937,241.5077820015722,74.50902612304091,50.85872601426671
43.58130368509057,241.56778866003077,74.5109148571462,50.857512301825075
42.113830145948945,242.11085178431966,74.51199519615638,50.85687508789998
40.973832591441536,242.0036711991109,74.51444938300628,50.85543695645481
38.82404784376589,242.87560697487612,74.51525512637393,50.85491865256687
36.63414447566651,242.8260248229492,74.5167807460871,50.854028371977165
35.24465934595642,243.03904891474912,74.51914325366096,50.852434370763696
34.50781944758454,243.14837147476297,74.52154080667609,50.850781345848795
32.510712829420136,243.40286008022912,74.52541285648145,50.84826134450364
30.06452790760074,243.80973078653935,74.5255221486676,50.848211726755444
29.800660656216778,243.3821163398141,74.52564992574278,50.84809954335505
29.721223117063197,238.98657446327942,74.52588405313175,50.848007454139236
35.77338635613879,240.81142018760954,74.52795520376473,50.846589711915165
40.59282999135173,243.1312501387703,74.52978543974756,50.845251686119504
43.96557421920021,245.08267726158977,74.53226184305939,50.84321197371426
44.891251161448395,245.6954135618588,74.53597902637307,50.84022133919483
45.95952459620585,246.28211269745117,74.53827164011926,50.83834854637315
45.6618326662961,246.63820089762288,74.54012508345012,50.837140402026435
44.39035313917149,246.53990855585255,74.5416400745127,50.836173686097695
43.76271023749401,246.51283936876968,74.54470775061698,50.83421684384015
44.07453606294775,246.38012638460816,74.54704899388217,50.832685856968716
44.05761186245746,246.17708357205478,74.55047514505384,50.830056859816345
44.72903747013115,245.7785272101503,74.55550846549595,50.82641998369169
46.43195801257407,245.8932927149793,74.55878865555823,50.82395763667712
47.310618835216644,246.32151739966287,74.56462855030452,50.81957913532526
47.56756367914433,246.19424873625408,74.57048296063564,50.8155392345504
49.35670983922551,245.8887966796674,74.57918361952296,50.8099379036739
48.59020910519448,246.18561385966,74.58568843879657,50.80604888642014
47.47017071776033,246.07979487362917,74.58968909710298,50.80380077630946
47.5052417291761,246.22367165696204,74.60315152181506,50.79380813255247
48.42339397214542,246.06573720001313,74.61150529145351,50.78826215854517
48.43816759485321,246.27207190607376,74.61739855803944,50.78397352306767
49.03752431160259,246.15823933070016,74.62461273493803,50.77923546996986
50.48534012070171,248.24323167498122,74.62489590975431,50.77898192154449
54.264955973261834,249.8678232769057,74.62492361930691,50.77895447750688
55.174023753313456,245.133943199919,74.62493464562182,50.7789411939803
55.463137285338014,245.89851804463737,74.62488378196257,50.778963448208096
56.03224785228981,246.39507014110896,74.6248266914855,50.77898827023381
56.59533299703127,246.73948514609353,74.62477136648774,50.77901128570108
57.35814216164399,246.96363838969467,74.62472068805728,50.779028197327314
58.086984705329556,247.1946170879723,74.62466957285412,50.779049623718585
58.463004235084234,247.2125826799409,74.62462214294528,50.77906801642749
59.07853010096549,247.7393028446346,74.62457536456718,50.779091146054974
59.52479837028623,247.97992981699582,74.62452974933039,50.779114994978364
59.30120915335639,248.3400571890196,74.62447540034934,50.77914465330129
59.292468325499506,248.38859977645097,74.62443089513748,50.779165912843396
59.05686721283215,250.66848549052304,74.6243509363482,50.77918366545486
56.406096242847944,251.4686162920348,74.62437157504708,50.77912140420533
55.03758830781432,252.63646378211007,74.62441272892781,50.779062562970815
53.03493782244292,257.3769818530029,74.6244031642397,50.779052116985866
56.333746330801944,259.2364329533561,74.62435895101896,50.77904773579861
59.56054702034214,259.75529773718273,74.62431267905527,50.779048861962444
59.743776255072625,259.53809152902096,74.62421830122905,50.779074637498844
53.71425984762545,258.2927538471772,74.6243550513651,50.77872812961961
52.29533094094834,257.5557619397418,74.62443119700997,50.77849023810011
53.39912451448298,257.2863504988435,74.62445871020375,50.77834962321168
54.66729909845741,256.93190716545905,74.62450103891321,50.778247444632164
54.17246788883382,255.95488726425103,74.62462782841109,50.77806838260725
53.53151024708267,254.6960640346765,74.62472865592737,50.7779145106406
52.90148531745653,253.68123763745547,74.62488187917043,50.77767128419338
51.44443425164808,253.2390810406169,74.62499446687254,50.777376745574514
50.83420527654133,252.48886923619006,74.62511669511643,50.777141246266304
46.40157280234086,251.48674125837698,74.62520162795342,50.77699003445773
39.30284937666842,249.72194946046352,74.62520928557271,50.77688241095485
33.24791699101457,248.47353814385025,74.62520791460746,50.77683381119492
37.20250074067413,250.3911671946965,74.62518004846704,50.77683228604052
40.40277231162868,249.1941562460973,74.62518011944857,50.776789041561074
45.16945520098571,250.62296563465685,74.62515288748745,50.77678358956098
50.49778874810468,251.21591049781293,74.62512775339354,50.776775239515324
54.733343412118536,250.90218527354364,74.62507917823449,50.77678237445528
59.584759322419536,251.1720056830386,74.62503475692448,50.77677947870596
64.63824099953561,250.66529057048518,74.62498401560737,50.776770763764596
68.22803212226842,250.50058640611883,74.62495241787737,50.77677044686745
72.8119564249213,250.50673631977813,74.62491520630938,50.776764929693904
75.82088120872608,251.16423223878354,74.62482257763415,50.77676301611394
75.43612238328794,250.1434605540842,74.62471861786894,50.776450573439824
74.75166584190036,249.36006856045864,74.62462137139758,50.776041171752055
73.57918247996915,248.68782937240314,74.62441044480835,50.77560511152274
73.60736666126064,249.02037696974256,74.62422878060251,50.7750587907453
73.40784195288404,249.4861487874201,74.62385143906637,50.77427941329805
76.47701361278803,249.19385262714695,74.62379137197443,50.774083411395644
79.78893676823583,247.46499079293073,74.62378157841283,50.773971882379314
84.56516118411571,247.76003735446972,74.62367325416038,50.77399859801596
88.39081760912146,248.72655430055372,74.62352827371677,50.77402487506795
92.7582553944433,248.74928978679176,74.62322892835387,50.77415714063803
96.05440993828269,250.66866957973576,74.6226056126172,50.77442448269801
99.21624574087403,251.41379574869654,74.6222653634831,50.77461752021893
102.73178635432797,251.1755719861154,74.62173318595268,50.77502390720911
104.61243143162355,251.14522631140323,74.62107149319927,50.77540455758776
106.39563174224605,250.92503371482715,74.6208165304473,50.77557207696138
107.28645620641976,249.97449384434486,74.62049473051025,50.77582357562402
107.78324443983138,249.31616089631893,74.62022299314867,50.77600156331253
107.69126132186116,248.37781150080795,74.61990351386673,50.77618341612499
108.52807860549338,249.10765263838783,74.61975482173202,50.776266217602505
103.50910963257793,247.25077053661252,74.61982045310978,50.77613891495805
104.66033993766007,245.9956224049244,74.61975375621455,50.77618055682852
107.00225262240207,246.89331096856574,74.61963610081138,50.77624899095483
99.40446371996823,244.8663903795857,74.61958383213167,50.77598536392223
99.85943230311743,243.89617827885468,74.61935325839309,50.77617669242133
98.85690148183158,247.82693858064442,74.6187858383122,50.77626125623076
99.30765462490928,248.40661381496082,74.61856996887435,50.77646681882512
98.44993253832898,250.46157809693466,74.61813780116884,50.77670814242013
99.91382006716167,251.88701432962554,74.61788754857244,50.776872940908625
100.65690682218592,251.6752464308083,74.61665134874275,50.77782998650225
102.29971163347815,250.5323079308022,74.61601010231794,50.77844249447952
102.50151404138492,250.25653140384804,74.61483269162335,50.779804503580415
101.70106552326874,250.11202807192856,74.61323024283985,50.78134628051561
99.52021220852536,250.41981806870612,74.60760632117913,50.78610490571585
101.32124536612591,252.1462025794655,74.60635077219814,50.78696728525908
105.43806233080377,253.185816494446,74.60480493183168,50.78785477359648
110.51587491014689,253.11660957505376,74.60435879688809,50.788079535003575
115.95651133370339,252.83430708923078,74.60408837592259,50.788224348301455
121.55020117331637,253.44453223374262,74.60386346659406,50.78832054327134
127.48817537778368,253.5289228929416,74.60362363767653,50.788398661981375
131.99094501941528,253.14145995996265,74.6034277916082,50.78848053713654
134.00878927095698,251.63348502867012,74.60334758015074,50.78850856859058
133.2591441426315,249.72930682270527,74.6032731031057,50.788540166677535
133.6140119202567,246.37731066232647,74.60323294666286,50.788564916176604
134.84505833676357,242.87690765806624,74.6032163007829,50.788577467665775
137.95514370318958,238.9500698270466,74.60317315048094,50.788637845739
141.74015176758664,239.02019723895043,74.6031343051646,50.788687185029694
143.27831299201318,240.3678721669528,74.60306121734972,50.78878215133637
142.75237374506634,241.59640337218585,74.60299175992655,50.78883491421008
141.68295333329112,242.32403777432742,74.60289534859844,50.788894097597854
144.65387627862435,240.45315473083122,74.60286292686507,50.78892210361185
145.1555161382381,242.3020503606956,74.60283237603359,50.78893815589484
148.39218591817064,243.00882499104827,74.60279899521518,50.788946424638944
154.0943682452605,243.50614583548884,74.60278366812283,50.78894663582039
157.90087689186578,246.64429447125582,74.60277773508072,50.78895408611865
162.54047913263514,244.32978552989002,74.60278620520215,50.78894460221209
163.8909014217632,245.51518518574065,74.6027189191976,50.788976780073824
160.10704177233592,243.59816321779778,74.60276167386273,50.78889424348641
158.7153586219864,242.28984185586674,74.60278775887875,50.788860398363504
162.04782035320704,241.25304660763825,74.60269688844804,50.78894763897638
160.17392132382307,241.43349816912718,74.60240873315043,50.78916625991596
160.66402618004076,241.495923353779,74.60198756250882,50.78944381708119
156.2742820838069,239.1099080654318,74.60241634488138,50.788615774085656
157.71539290177162,236.28766469872943,74.6019498225536,50.788806338209355
159.2721763587781,238.68482027779532,74.60181626959408,50.78888538164622
159.26213642235663,243.1339996165095,74.60135006748038,50.78924172344394
162.92679205590028,246.63170444203973,74.60110650745486,50.789426573878806
157.33351702957947,244.99802225553208,74.60111023441286,50.78938972847979
159.35955461478903,240.26301396138868,74.60113524557332,50.789333570489745
159.78436764817837,237.49665302261948,74.60030363909128,50.79006968829305
157.90936429154257,238.73840446287207,74.5998733311074,50.790283534090996
156.6400578806471,234.57781824319412,74.59976888300089,50.79012876397422
159.85367806547873,236.37079425383138,74.5997250160232,50.790196735528085
157.4638743771573,233.11883033005333,74.5997255735132,50.790196875412065
156.44798182729778,229.70953435425648,74.59972590035929,50.79019627863541
156.13065903375787,227.95424044214002,74.59972370082185,50.79019927163054
156.35072996228163,229.23817809532264,74.59971735255003,50.790207456781395
157.6523590803019,231.06875444371505,74.59971033530529,50.79021499063317
