698.5,360.5,202.0,210.0
696.5031537520556,365.8664220406131,200.77693281418715,206.9024670454828
693.4090685868899,362.3328994202298,202.08950995909373,206.59453803545594
696.8123569703407,361.7836216560291,200.50223012441262,205.99299647981195
694.6712272382103,363.89563283478526,200.8768453168227,203.6790428726811
694.4719822279865,362.36342449585493,201.67724415217742,204.56504425207987
694.8447742570341,361.55155786188556,201.57484964352824,205.64107556517695
695.6542498248305,361.1208335979852,201.05736266027185,206.3465379031354
692.1752897323368,359.0668488993168,202.332014298201,205.08649677953713
695.4218850751813,356.70984028494183,202.5132163127072,205.8336720721757
695.3082945124654,357.2326032013769,201.30121992501648,204.2675997433911
694.673480736501,354.39610196499655,201.68744977854305,203.52673283520087
694.8697426919312,355.40693002809644,201.59821814215778,202.08532351514575
695.0906866303453,356.24359784548534,200.22106448583418,199.65793762554623
695.9862646938465,353.6478011070568,200.5509785053925,199.5210394146286
696.1380579185818,354.7061520907099,199.81433674448044,198.9329775983462
694.7082984005094,354.1119179253584,199.7000784864664,199.36512986326102
695.9506193655733,351.6225235094361,199.38079486131593,199.69408120120912
694.9940313600738,352.5542650564617,198.88705854550216,198.33475350457306
695.7345778394414,350.97517912272264,198.70821489916793,198.39137646191026
694.784986881478,348.1028791014705,198.75258312014074,198.96845455083178
694.4005533570527,347.0663051420064,198.46338845005056,199.12108180649852
695.3719077227465,347.13750938278554,198.29737425487212,198.1805888274885
695.0565736522155,345.1915161954896,198.33845613799932,197.71231280812896
694.5857160854587,345.9863892621135,197.56777596111112,196.9368881332208
695.1147600266594,344.8054687563898,197.31466638977173,197.30318149242356
696.8865021345653,344.4842347385499,196.2221823875829,197.0395184393698
696.4626362278344,342.1052073202684,195.50816414668517,195.86893195665783
694.5246074264838,342.9313689666278,194.17713709362468,194.3552475179659
696.1613895400554,343.3258203966799,193.76594979481098,193.57804523962096
694.9667949792654,342.3737248209833,194.1852788394867,193.4213707503739
695.1034929938506,343.69297739820684,194.02567171307578,194.61997778426593
694.8562070517954,341.7480253047813,194.78407351390192,196.0447308995685
696.0983602903113,341.84115789837364,194.1538683371096,196.1196706107413
694.8400497378502,341.5238143936065,194.4163099643401,195.53686956981488
695.8616721805815,339.8052339265611,193.87303491892737,195.32974506346068
694.6365695552265,339.5678415278061,193.59597314273617,194.70054490899776
695.8975879462973,339.8547690234409,193.09607376408258,195.16082883565105
693.9492847807539,339.1007693556255,193.32574107501256,193.51595060208314
693.9419454433693,339.74216713211706,193.44889574782584,193.95550302387733
694.5966360094665,339.3218247002042,193.71208756218005,194.74027137345536
694.7423144770263,337.6237444593754,193.26278244602722,194.4357015313215
693.3988893752847,337.11345708878497,193.52915740498815,194.1658419119982
693.5475207259428,336.3006790109148,193.39334079818485,194.29610135104843
692.2948628111836,335.47033565022593,194.40402307229107,193.95106006606323
693.15952573544,336.49178251665705,193.54678953039226,194.2896463117624
692.7640090561866,336.3945697460698,192.44627711634647,195.03158807970544
693.7273259389004,335.9283238890128,193.10653738625814,196.71804803265002
691.8072540340313,334.11895687773335,193.72552745988196,196.11804492981213
689.5511506637549,332.72456713037826,193.82490003295413,195.93683321739957
693.0615104671867,332.231554647066,192.07433204123336,195.54612154309393
691.5918660026786,332.13744735005923,191.45448314905235,194.03035664491995
691.3226616513045,333.3387684196257,191.5209531523164,193.4068341165734
690.7656198280395,332.63105404479904,190.65508160246605,192.76573620530755
690.392524635913,332.08508000300606,191.37166250957145,193.96403634247625
689.4969999159464,333.9790474267145,190.62201413647065,193.2427232754548
687.2678845570476,333.05172152656917,192.1356735976306,193.58222631685723
690.0811142045758,333.98154106301,191.47072543767558,194.59116734689604
685.2866941722614,333.4860979115765,193.62845988859584,193.71043645177267
685.6819469791504,334.5154387062473,193.53698097865234,194.13729239142276
686.4402475610607,333.1765937505164,193.24193671676366,195.55270601103734
684.7492786642404,335.779523826547,192.2019461046424,194.5196735796183
686.0504830880884,335.2374431572942,191.92965996622075,194.0823640137736
685.0665208731476,335.3820656440978,192.245176749923,195.3300902515998
682.68245936797,333.3710900373717,193.3507075876558,193.84142802358468
683.264376614993,333.30057229012107,194.35921157932748,193.3553220424085
682.5371882027423,334.12232183478216,193.98102083123507,193.07781251893556
678.5218533281745,332.410256449711,194.55671306801108,192.20251148823553
681.5643895012468,333.971205378636,193.96478428036872,192.7172334366753
679.1797361142702,333.17540073989767,194.13398719918877,192.76882141383612
680.4398357583664,331.64721225101846,195.02698876625166,193.6091735159537
678.0327891437431,334.77566646436514,194.02817334605362,192.39170667480113
677.7141789281912,334.5452222968811,194.0540098026052,192.96560159411544
676.7628986709839,333.4487820616555,195.05760370658828,192.56190656598568
676.9217698956552,334.0367108934743,194.43831963079208,193.34772693045477
673.690726942458,330.7686255414935,194.81194318443391,194.40993532744005
673.1965627457665,332.1329357648679,194.76618642328336,194.11153071626256
672.9550282810376,331.0083373582725,195.821473055607,194.67146037094506
672.0639207364205,330.4502118203228,196.29224886909938,194.88876885708464
670.9485030661631,331.7593880327727,196.22282509630253,195.4438468749949
671.6196380439218,331.349768762329,196.4171168683089,194.9536053448145
669.3250573248638,333.52326714561514,196.88642814773345,195.34353227285288
668.2716222107231,331.20671253045646,197.797303641251,195.53708347399538
667.568146123424,333.23942744167374,197.9164032901382,196.11861057218462
665.7417619101216,333.1671607877397,197.62453799443762,196.1484187596871
666.4457457455379,335.09294198801905,197.9741221128886,196.48482842791498
665.429801175243,331.94636572905375,197.59517193424932,198.8156091196737
665.2180072305739,333.4137999813231,197.44416610076712,199.14471313596317
664.2366548115298,334.14951440081626,198.21791145952355,199.2100598859662
662.0048074481988,332.5590833275849,198.61366165951304,200.01199003322233
661.0740514722999,332.00238380573916,198.71852316346548,199.1293051020756
660.8518043474367,331.37734788870017,198.63145353513244,198.13241844196716
659.8353990709211,332.55280322116204,198.81930172968907,198.4913385379992
660.1980527947907,333.2211649451886,199.248211763563,199.22645442252667
655.2492573839153,330.8028281815724,199.12072381181514,199.3515185862031
657.5521589708683,331.65775892138583,199.7699870327151,201.25653742998637
656.606499239315,332.5947464265438,199.73756193653364,200.13869186331596
657.0750018556635,331.81590668513695,200.28881995323408,201.39000257791443
654.7618661935454,329.54387007751063,200.17097640167657,202.43671699418636
654.0427528177808,331.3617684188186,202.39991056258782,203.43554765379454
650.9348757458465,328.6456138526635,203.2100002624867,204.1845124219385
650.7497410946598,331.6616955979245,203.25952615308046,203.17550652800458
649.7375443480889,329.70743999418573,203.45050866790507,203.64552805996033
651.5489530082597,331.75521316813195,203.37604335066115,202.38560068484614
648.8264466125902,329.44380962655066,204.26739050403012,203.71995156645536
652.0634375621444,332.59284307089683,203.88737032061988,203.06278147494316
650.4052154014439,329.14555723270473,205.1441255970684,203.3530226116241
650.9573226449968,331.5011012516052,204.64580084756886,202.44387501495476
650.7474265385325,329.002853667395,204.97708758378417,203.71049223461415
650.8679584391431,327.9173018742864,205.18358102328764,203.97203001444242
651.5223165092273,328.62995335884654,204.5689975091758,204.17768929793905
650.8137345521405,326.09803986985037,205.25584722819326,204.99953810744387
651.3456976668667,326.53387930938,204.73614156549053,206.28760659052148
651.2818007079971,325.01927310776284,205.14856506658845,207.23620347327847
650.7626041425394,324.97457812010293,205.39581817761027,208.0246445307326
650.0162217398753,326.7612616527199,205.1741669558693,207.27205726591365
648.3260723642715,323.41278294545873,205.7444094975129,207.23862508540427
648.2841085826211,325.0521241033365,204.48822127521476,207.1364421364089
647.8110633334819,324.0376633361175,204.63549080105062,206.68258226062972
645.3588088222813,324.5767719212007,204.16095910537317,206.8216700354553
645.8555949489124,324.2612329467447,204.53253134330657,207.55430703474855
644.0412684603497,323.9432871618173,205.1340351199927,207.525897388001
643.1042771344128,324.2030086349061,205.38211035075426,207.6361264326948
641.8593294661648,324.7648107269758,205.7890765528814,208.57531097345475
639.7639949212946,322.3914810490905,206.41489555068762,209.06667123788623
638.8232043465231,324.76959767311155,207.23467276327227,210.82209999622225
637.1010174105411,322.6366120634966,208.03719830950695,211.9879642608776
636.0383680231038,321.79472261752466,208.16378335261578,211.59410071202558
635.3289027843659,319.0180190113489,209.2649859663028,212.00740076953088
633.7400539603993,320.2769437214693,209.81292740200166,211.37487320483513
632.5165516267858,321.8475151946101,210.4359121603235,211.67647189101513
632.6581283495116,319.8369393621306,210.08517121257148,212.38368732245362
630.6856173140499,319.8954363876,210.52101607554795,213.12863824498356
629.7918043674574,322.18777589606594,210.27988988018618,213.30890187407826
627.8344888842499,320.0638420872476,210.98027052044452,214.1402922883458
629.5687974685861,321.66397707543285,210.36807386873988,213.6137736661928
628.3202006715117,321.51433529989015,211.04820615784283,215.12913752523878
627.1335748990593,320.10432306724255,211.59112494670478,215.53892587030998
627.8183845850526,323.705831202843,211.0342607422025,214.50789045695825
625.021437112238,323.63501096771813,212.99797437527076,214.26935310151865
625.232260016148,324.22408238701803,213.538842491096,214.53600622906714
626.02027529939,324.1593052527987,213.7747660652749,214.30455814169193
627.3767230075955,325.32555018281386,214.43944843054123,214.11586496401938
623.1147838882146,323.43279757383766,215.0210363632117,215.0281680964768
624.5109153216172,323.89093774092714,217.24044933106222,217.56368620132363
623.2086560212215,320.32816940793174,218.70513042842057,218.1534720013782
622.7829563338964,322.36297654966995,219.48934953460412,219.02814740219736
623.5614660762421,322.4838702691087,218.90707639638646,218.59155383457966
623.6048917153122,322.61621761289246,219.27315282687206,219.19930806821566
625.1139414254089,322.50137952709883,220.59206951233057,218.24199314426005
626.2820563747545,321.3057471714962,220.43847420569563,220.75475098638762
628.2588364914895,320.9195430204407,219.75228038152733,222.3934566527336
629.4624803666147,319.93995066520773,220.11654614766482,223.25744094377353
629.4953206902114,320.89802376708406,220.68113502790678,224.43696210223396
634.7078912375925,319.8368910943278,219.80731687015611,223.78066919350454
634.1143497781636,319.68120365708427,219.99686563316854,223.19611467183915
637.0323631419659,320.74102302556213,221.3999260103612,223.45791085233336
638.8563007900673,321.6677062370433,221.36826260533286,224.0105958266946
642.3782223113693,318.48603884422334,222.26057583561695,223.8719617517084
644.0197327144165,322.09713597638694,222.93268703712144,224.8084274223787
645.446603852681,317.2927941224328,223.30820520523343,226.10625621848283
648.575025562545,320.5224472275835,222.83697246131737,225.9168722646512
650.9901334119179,319.9956914889281,223.04596803576487,225.70114133607046
653.1343878020447,319.31412068797783,222.8757301295347,225.31197707268325
655.2599115203392,320.2061224195503,224.26258161491225,225.74886889991308
657.8453399015508,318.2710670215105,225.16899345295298,225.2273962533048
658.7686631764111,321.3103327774867,225.50538084640857,225.22565221312357
660.6234297556547,317.27541596753895,226.42452887078272,225.74460015568144
662.3767351939257,320.7609991794204,228.1331241404809,225.96219162834183
665.2404636806364,318.3715539127509,229.32482228790923,227.77252909542713
668.1352913055217,316.83907527177826,229.73238068788834,229.0233414083859
669.7370546622999,318.35133825145306,229.56354936121852,230.17435160473696
670.9084835491323,315.7162803919853,230.64034738741944,231.65166355932922
674.7755628685549,315.3048087397226,231.82205083200935,232.41505970775916
679.4263156621064,316.28427132566935,231.2429659373501,232.39083407123553
680.1517860738155,317.91886715245073,231.02854266249298,230.90727908110964
682.7768355915226,317.54353691383193,230.17189436407838,230.9954893639884
686.5474183045143,316.34176920475375,229.75851891230758,231.20312267299863
686.98900592078,318.03638940215626,229.732728182664,230.72443907140658
691.5281233615221,317.9586306003555,228.5777239492204,231.39181895299276
693.2624920335204,318.1484568688973,228.76677726608216,231.42645839379142
696.2060428263069,319.05115520283596,228.94291000973277,232.00517503768174
697.3063311727358,313.489177796788,229.50847377784294,234.27506681572007
696.8784175917099,317.72931135772734,231.1313104365836,234.18967235924663
701.5685795955899,315.3487571713771,231.48923430022262,235.25284705808843
703.8914780882623,314.10298909759376,232.40152561749005,235.82356070447253
706.5788249811944,314.6673730316465,232.15944215267058,234.69802590266147
707.1425960814723,314.47626291533834,232.43992271345968,233.80532495646003
710.1996730295471,315.16743348157456,232.1240709909249,234.37812751409678
712.9231292030598,316.60355492520125,233.18900995462917,236.57151363227564
714.6400716912241,314.9354566586626,235.05135243343994,238.4259593194438
717.8904870571968,313.00855787446017,235.56653818480132,238.28125677912982
717.3982467329988,314.3357378664551,236.02260488180025,238.30035203348223
720.0648086378791,313.3225254426753,236.70006494960333,238.28285016519084
721.5683935563204,314.9349861835261,236.41214197703954,237.77441561433653
724.4953473362872,313.9383991710449,237.28062316146017,238.16975076066728
726.2503670900868,313.83729142885795,237.46110394042105,238.18680948244133
728.0256289774029,314.9605155126326,237.21810556213575,239.43830280888008
729.8506171661467,315.61720809413237,238.16468251030133,241.22601594490692
732.4974451670356,314.45727806777086,237.8102531358734,243.49170920753204
734.9962312877211,312.63075015215645,238.68696325457935,244.65932430771227
735.0291885917156,314.1628549134922,240.54322786869704,243.5702527340307
738.059894602085,311.8358221987908,240.64259150942698,244.22548999074968
738.4685355244019,315.09501165124215,241.47867873389256,245.54353305239974
739.8551634600478,313.7671681759342,242.89716099126272,247.6230693472692
738.7985088805339,312.1714814957995,244.4150255902398,250.81275908901446
737.4259878422421,310.06129063546996,245.5840040338582,252.16327563061174
740.3051675996938,309.2860689998991,246.70037987433187,253.8365051479935
733.6660686923573,307.2411906622354,248.6821833408605,254.87187639966066
730.5141632324237,306.31722949444077,249.65213958543467,254.94645719872798
726.201685308141,308.06016085883067,250.44598447971543,254.35296660129583
723.9985107965075,307.53089084901865,249.79252667925195,254.84806039718404
719.0105160074482,307.87556725766376,250.15517397221427,254.4239014893006
713.5638326058529,308.31607102018995,251.1568896218404,254.87239654679814
705.0471339468568,304.9888046215204,253.26780349561886,257.5396251334745
700.1534559678153,306.2938717671954,253.90630996639726,257.2286594288554
693.2457845797192,307.0645779376252,254.76982092496237,258.0857832932876
686.066270681928,302.88404463509187,254.13919513320346,258.0813914098898
679.003929670553,306.74987797743034,254.51349759357552,258.27834840151297
668.6979365237163,305.0911867645087,255.79853190665813,258.2907457809696
663.9078693416269,304.6977488715671,256.8500369678584,259.1166374634711
654.9519331958109,304.4969438246169,258.47798134201014,259.6833049930033
645.5967069910952,306.75518308847666,259.4523554891123,259.5276195789922
636.9363772953068,303.3586227929209,258.71543202546445,260.94840473614374
624.6236813299029,307.10102670733806,261.27718336178987,260.74506720607656
617.7846401550834,303.37724716613513,259.9547173486969,261.4889386206358
604.978620793498,308.10840686650346,263.6876114032886,261.6019852401017
595.775223695216,303.3547013979975,263.891698309203,263.34604187566106
585.5702097644387,303.9493515688997,264.1276558124813,262.8730830293705
576.1642111006365,303.4938667260125,265.97074673749785,263.3269814108236
568.8743314676851,305.45229915983464,267.0224756078928,263.7341159480866
559.5083238154233,304.39659804094174,268.34631449029735,264.3976932308858
550.0701593138119,305.10064600799194,270.5217939604389,266.74392936236774
543.8873479201928,305.2283490834202,270.35529699670064,267.8219047451339
531.490250777018,305.40809011749786,272.56278321420257,268.5992259463648
524.3019692382812,305.66396478426304,273.6158237239272,269.9279530065341
518.5456267500091,302.9448077736787,274.77408803854524,272.93876773342186
510.14054910896834,307.2905395534597,276.0843367807097,271.92549774304314
503.3042900473995,304.9579389142501,276.9351347805564,274.0009697123803
493.9375231831448,310.6523545418537,278.79764723831386,273.34298676955115
484.89795584738425,306.92023079864117,279.85946318424897,276.3981680557198
480.2457743835282,307.6135806564523,281.6744681636579,277.27304332369425
475.41123487399017,307.522587370193,282.8775056177925,279.26336829991476
468.77422824513803,307.39398144274867,285.31441980017934,281.336465817836
465.36575234284993,307.82038500375575,286.46429787810155,283.8867067343044
464.9752291119338,308.45602590625344,287.24121803796714,286.22614604060664
464.46798671878634,308.1975622355865,288.5897136339221,287.0660463352601
467.5185248769798,309.12490864591206,288.5731228483884,288.1724595765444
470.5161087892607,307.6122844563544,290.31865193087003,289.5655131981981
472.2548806873042,312.613902637708,292.0725029025443,290.0553855848806
474.8665352395264,310.42271214590477,292.5424220428814,292.64838244182386
476.2579001651794,311.6510780991211,294.1201534266217,293.0256170289978
475.6104651136503,310.57017640445304,297.74476643815774,296.3753469491719
478.96720689918124,313.5053081953664,299.3685793529968,297.2354147882436
478.8315457303039,309.4277577935909,301.8877494862379,301.5852668544594
482.0218537652577,314.2575962941077,302.85332959095194,301.9923928319414
481.7551298921935,310.8995798441075,305.01297086048726,306.265083284661
485.23195851643663,313.5876141758329,306.8698099422623,305.9187926249027
486.2277135604804,312.6977398493484,307.56960167683707,307.5182077678305
491.0493220551631,313.44649493862977,307.1498734951499,307.91637479816825
492.6883877468267,311.73316729400005,308.4205249372926,307.3365770501657
495.1038638155398,313.85363872851553,309.0466946489265,308.2358686515022
495.0097286683512,310.12278756415583,309.3866139713665,309.79330605331126
498.0848261761972,314.4156938493535,310.90462707792796,309.51705807337004
497.69153293199685,313.0835192034026,313.2278468194262,310.27954629368514
499.2734572448119,313.2092045950044,315.81978318219944,311.01553366334787
500.9165145575713,311.932521173524,317.6539564518832,310.79204479914017
502.7809733611328,315.79504117675447,317.7590112988313,310.1782275366673
502.9606580196587,314.5277433514103,318.08271544283525,313.4325157156033
502.545599959133,313.91745272321646,321.53060771935833,315.4153378586793
505.9902240595319,312.3396126253794,321.14734334805894,316.6099382184617
503.2863186452852,309.57510679754967,324.44175586303004,318.6017708808961
495.2327946395386,321.72883836586936,341.77327115205003,304.3539066669862
495.86568444351934,325.9540571927647,350.0578102620451,298.6995488872342
488.77459259047384,326.57858576716166,356.659008422024,296.15848059666325
491.41700347754323,325.16994803136254,357.4460574517183,295.2687622499784
499.3216770876942,329.4856797269872,356.0345869709183,294.6737292176158
494.91172298936607,327.2837791390357,358.8613969086024,293.04152394286575
493.1135392114519,324.0070813777992,360.9335599718617,293.50901677445125
499.82140882873324,323.02357304186023,356.4654411291448,293.30950402929125
498.7244063214565,325.48495792486034,358.6984939772303,292.50503613172975
495.8175724526993,324.86015625642943,361.1022255250933,292.8370980838946
500.43309310433784,324.308938630368,358.9733627954246,293.4445350895861
498.32950273713385,320.4423257116031,365.09449874147197,293.583546964561
498.4066547504617,320.2303098435016,368.27253733948055,295.6433505713772
496.3744795589206,317.4057088013656,371.671218400549,297.01222104401575
500.93659627919317,319.1428151158426,370.8415663732728,294.40388836796933
504.1746709568295,316.5935549054933,372.5100379133859,293.22143153952237
501.94306745717955,317.6776370340923,371.0053861213345,293.64683560736717
506.9451702333341,315.49021692872356,372.4755639232123,294.5773472715806
503.7608458649137,315.0252123672566,374.06620849058913,293.68750380395363
507.2120889054394,316.25409291653006,373.1512922184977,294.95047038752034
505.01560496162676,312.11136603881215,374.9380567884807,293.2963823262447
503.4921738326609,318.0276652717015,373.47969529534436,292.9910227062913
516.6925320584701,312.61975796676705,368.34869701389187,293.99358963549605
506.51149304083856,313.42618269374816,372.3734013156345,294.61240555438235
513.687116866811,310.59065101443935,370.8469942093438,294.2633182515314
508.6263527027023,311.55978697550694,376.1643218882998,294.9306423949175
508.49204691401707,309.5189272628781,377.26155783338424,293.7666752891083
511.1341057948574,309.9702069855188,376.5471727377191,294.54872048860227
513.1268612396821,308.8515638871933,377.3933235492724,293.67168044662105
506.942319607626,307.1676965732232,378.75361202883846,294.5062105190498
515.2185297666201,306.51463028220326,379.4705818170514,294.4675615831072
508.60911792919865,305.5588205826958,380.93350701624746,294.13867886305786
518.0180534072967,306.18969274751146,377.09085101824223,292.89099841420534
507.96705215395644,303.558771218067,379.75491292738855,292.2109550480759
519.2597884159957,303.9374425130911,377.5108558085835,291.50006381056437
510.17168799724647,303.2174987805814,379.4537764641972,291.8348566043344
516.8237937524414,302.5341521865685,380.3907816133534,292.1339789868106
524.3285128446912,302.4329410123544,373.4586129829918,290.79636561059897
518.9553812918883,301.91446637772447,374.1391030783436,292.4466532907131
519.2605364212985,301.13846984005875,377.25872536613883,291.0157533759323
521.5724824404326,300.2263162183394,377.2420830646564,290.45978274728543
516.025947977734,302.5381994683112,377.5797637301662,290.250886986325
513.9193895727492,300.6069764629669,381.39271083975166,289.96322227542544
521.5342885576625,299.8071687091155,378.22782661961975,288.69996208313125
520.4633696611631,299.9555521428517,378.595019203306,286.73255653520084
525.7693334612667,299.75218362030233,373.41111303406825,285.13885274434676
515.6278702431379,299.8919089321511,376.37127221263535,285.70584827715095
517.0611815707891,296.76982092875335,377.7008446829127,285.7829906116138
519.891912615614,294.6067062968198,377.1077801152355,283.09042486205306
519.9635203881109,295.77896997808926,378.370670088583,282.71619793553407
523.0365155016657,294.1156481768413,376.54418078463004,281.31950865610247
525.5960953289692,292.5314525618573,376.1393022121763,282.83070360273007
522.1603564473019,290.1672288260803,376.8702136264816,282.86509647070744
522.3799525049823,287.66068438538423,377.9036691780518,281.98850592018425
520.3521055234813,290.4337174831745,378.1061915540633,283.69345204989054
526.9951609850923,290.22440995229425,377.03036391026023,284.06433037004865
520.5947633753044,290.0866445334762,381.0535416753073,281.7205365235417
529.4401545198855,286.2343848237197,380.1337344990603,279.81168695501754
530.7877411373844,288.2643406177785,374.66272050478506,278.5655611582971
534.3559975139376,286.8167541021659,370.53384620611575,279.0590820918203
535.5788724254951,286.4605741800869,369.10375285425323,278.3312766546825
540.6499651775629,284.77945426592476,366.38995356151304,278.90616868942766
544.2451445594673,285.90308489588205,363.5351842065786,279.07638575249587
536.5668916400108,285.43798153911087,368.35917833437105,279.61521004001474
534.6227347632414,286.06750802836405,372.30591897470674,278.76292562191793
534.9328596056425,283.90082518340034,373.61618970521073,276.7297370515914
539.1994499251034,282.7295280903826,374.33645183057104,273.627850818468
536.9047085774507,280.2593792072143,373.6072575773291,270.47650143667227
531.2500682030861,283.0009479084865,372.5730982702112,268.0913466791626
537.2498108594607,281.7653204268763,372.8120363049351,266.88196022964803
537.4439233033838,282.42166414582175,372.43683339843267,266.6891382092377
534.241015131096,280.47368396839227,371.12822322552154,265.7697952384436
532.063424415594,283.2886721770809,372.3795952998363,265.24713722240284
534.6295470064321,281.7434062083655,373.0615500426291,265.44759514516994
534.3952984955395,282.81735520234247,371.8998647981789,264.95681452400686
529.2355120240461,281.75135961530316,373.37941946876583,265.69375457637375
540.217966414151,279.09565452343645,370.0253104779847,263.2225934443418
535.7374194074928,279.90898310146395,369.6448832281785,261.6390903863803
538.9087282516829,280.6326927501817,368.3302906900974,260.3617252117504
539.5169678216553,280.357268760155,368.3350363350038,260.2004216047943
539.9862958159155,281.3318886039241,367.33465654424464,259.0615663695992
541.9721387100274,279.577364303512,366.5048135981227,256.6886378891245
544.4359659245688,280.0285985983686,363.30651021274105,257.31682241849853
541.4758140520962,280.2585259402134,362.25335948228343,259.0360255713415
544.3897830325695,280.0304997284306,358.32705287662236,258.2073846345785
543.6181029386169,279.72439805468105,356.13184070544264,259.40853331126686
542.9699612010747,278.62754643679386,357.17186652729066,258.7559104342941
542.8690498075678,280.8072647425903,356.389126142441,257.0733720637443
548.3483544423663,275.6238635377663,356.5654999355882,253.53150881634883
544.8971671455756,277.10914763639676,355.4716749213204,251.2108354526527
544.1341278750729,277.18624027747023,356.83184901488937,250.2241977540857
540.5556558906399,276.5376756133863,357.95968016789845,248.78479892406574
544.9085805436644,274.7905456914343,355.5031494615504,247.5956481234384
547.6006716447466,275.2606781102097,351.98594375894345,248.9314331382588
545.0921350996241,274.2531207953285,352.33143653455227,247.200207731629
546.8381880386969,272.42103980173425,351.90905926930634,247.82790598132976
542.1484992591456,274.75021894059034,351.7196091993196,245.88576045309884
540.3363365492287,273.58045897733876,352.47659381600704,244.05763778621815
540.6262858539534,271.8600574661116,353.5711094836345,243.31305033626035
537.4289395694157,272.7512516860119,353.3074291736816,243.9283912932798
536.0524218572416,271.4240927768021,355.8602590186297,243.36953214598594
537.4185120432847,270.9334516923956,355.5359219979075,242.1114382466838
530.8921275437688,269.9774327370809,357.43027138786977,241.73723057282513
529.4212203158326,267.9241348305922,358.1437008721234,242.42652806884703
530.9412614832967,268.4905883074831,357.38399973989294,242.89396493849807
533.6783091022512,270.9488313120698,355.50994088465904,240.96997780398905
535.5524752666227,268.26446233458205,352.3541217595372,239.86257859770961
531.8283327295494,265.70611058657687,353.3513222198835,240.14505977697814
535.6194194700488,264.6389206831605,348.3287026005029,240.97257949450875
532.7881566759131,264.90945275603804,346.8550868885728,241.94472922166327
531.8327000459051,263.7729262068115,346.1425913541858,242.05083304796048
530.1691906509848,263.3614701456494,346.5958792461229,242.62762342100285
525.1774860968908,263.2130802706713,348.2812880186174,242.67784057082332
521.3985610508961,262.5294913914991,348.5201421580007,242.30647231533558
524.0266594019356,262.24644343617945,346.6021131233107,242.40491197120645
524.4619665552011,260.8098428610804,344.89853093939166,240.6440017169856
523.1652939095525,259.9175424218298,341.536692724677,241.41915168301128
522.7266511158075,260.19863534820854,341.8127964474284,240.0072376631967
519.464699234182,259.53238856775897,341.74013496409725,240.31786144546282
520.1892160130058,260.5098635184055,341.82104773365927,240.12178858312535
515.4361730540497,258.1624743753715,345.84782981474876,239.9076065267862
514.3670138734107,260.2276049638014,343.3231371019608,239.5870119835323
511.9955240733589,257.97110701631937,346.86372662733436,239.44261728401392
508.76584815839004,256.03996184370044,343.4020684398771,240.68448955750495
511.4815262959631,257.3366999740615,341.6372709072542,241.64732848042235
508.31490466706106,256.4837131439715,341.1904524432565,241.1035300687641
506.3405183684455,258.2691798499359,339.04336646657407,240.85109669879694
505.699207666791,261.65140092976833,335.7531662527566,240.00458991053102
501.4335739615197,258.3080247683163,336.94348126690636,238.09856307388915
502.3091286551707,261.88802457294446,335.2284369775026,236.48617470120507
495.70164761939,261.94583599019785,334.4816347134318,238.5783267442465
497.7621825892834,259.5881885629914,335.48607641991566,235.28715091842264
493.45373231579174,266.4998637931367,333.2176572571211,235.81301215094203
492.79367678213174,262.6662299462922,335.85399039608876,234.3812627013815
491.83568303834124,263.32366183999693,334.46931512770357,233.82551818620414
491.6300526324476,263.9683434610422,332.0700846160198,233.42242963950997
490.9480781496776,259.8438940172068,331.43956656152494,233.52295587703435
485.7751909862901,264.55359008490746,331.1185594628239,233.24919267077127
486.15223123995315,262.9147634404932,330.4429604210759,231.99877360242198
491.04128165506035,263.5419442703231,326.02593403849335,232.31515311936744
484.84410704333527,261.555508000291,324.89593118827406,232.9364605368272
484.4539406973937,264.9303061141147,323.8474964612958,230.93689005838633
480.1638168859115,263.8000008021752,325.28332822885244,232.9590461615631
479.3142662866759,263.21621178328735,325.5131564561705,233.38603481907438
475.82889991568805,265.9977163532676,325.07785234435585,233.40201423120737
474.63977835501504,264.4191076453875,326.59970522789365,231.32203901619988
474.40524556121744,264.0326205999995,327.5096236363621,233.13858577123668
473.24893991085804,263.12540329659623,324.3044503415914,233.83915547936158
473.95109839944627,262.897070585361,322.45008262298086,234.55552441879223
472.8182312409715,262.8757560846993,319.898692096333,237.60902626099698
468.64936439346496,263.50572801137673,321.0653328042855,237.02895807950557
470.97445718030144,263.00963266102633,320.5052222466343,237.85309245608212
465.5906527271416,264.39051962548007,320.23985690978986,238.39107076258725
463.21111504285864,263.26147384683213,322.1579877497761,239.3500707423532
463.4507927715798,264.1254135044905,320.1313724847471,241.3666493871652
460.1075737238691,266.0501945429597,321.02545265856816,241.0920053419194
461.08542665325234,266.47613213120485,318.9883637950171,241.9533939155054
460.68018669326955,266.4199806519257,320.431849810869,241.78799960891553
459.87721731303446,269.2786684419075,318.9192740335278,243.52456012895803
453.53053370808345,268.50596791679635,320.2463673634249,243.9750839361383
452.7827309274425,269.95446309207193,318.7655222430204,244.62654119453484
454.32778531013713,270.7881873453017,316.86841629764615,245.7204657311356
451.93212710600335,272.0203518946428,317.8947018450129,246.5319964652171
451.59909211219156,273.9494118897572,318.42207556443554,246.17751784194695
443.9237201760747,273.6403684233663,320.47286502230156,247.85891241766547
448.12592789267626,273.56418500401765,317.070943924273,248.68256166698433
445.55668947040954,277.589777548253,316.9326153679581,249.39410813063773
443.3226952194936,279.86365317871116,316.223843196267,248.5940668592691
442.6366983340329,281.3267838541754,316.3874704539361,249.13859756347063
438.3128760050793,282.218986902556,317.38184582091924,249.7208854402507
438.22716771873075,284.2843663015442,316.9786765386092,250.4344235744948
436.56553030873016,284.78521172199476,317.7407037714064,251.10745278249811
432.1588161740845,288.5278389245294,319.97379880781807,251.97913101750436
432.86489966249394,289.35983421593374,317.8299346292704,252.9482871975437
431.0513014515816,291.055374985035,319.4781680336314,252.5829095663542
428.749484954041,294.2043907508532,320.1947844939072,252.5870468808481
430.01974812707965,295.45796087482114,318.24888070022484,252.84059612990623
426.431415161577,296.5998453507471,320.6642446369064,254.16844665055797
426.10051268862935,296.68230119805366,320.0815218852386,255.6355976295136
422.30820857284516,298.6993766061511,320.9639583142862,255.79956597683196
425.173105819105,301.82683698118024,321.6565147052504,256.1360854275792
423.9042764549368,302.00552739963746,320.5545750639884,258.2636241386995
426.1882668332278,306.50136462032384,318.6988912701445,257.7864350565186
423.15989883830633,306.34509116093244,321.5803130719838,259.5356183039986
424.1267409321596,308.93487268454965,319.5563485973096,259.0753598183792
424.8805716086782,310.03830741763113,318.39743622622495,259.91414083439395
423.61909009398676,311.6019967940101,320.38880021080814,261.81793864871366
425.6309838982942,313.45263291941654,320.14515991626496,263.3982454155399
423.5814404075092,314.87980045526336,323.0284203864518,266.7374680831041
424.5972888426092,317.46619189617854,321.12437535670017,266.13201413117486
423.38396612493193,319.59049442288654,322.2315487175461,267.64983516418465
423.0694554102391,322.8752038043085,323.8516231321231,267.38636132092694
422.9316407190294,327.346795435311,324.056492830695,267.0353220713731
423.7282594668368,328.43796642039825,324.1107634794589,266.3892404676384
424.3742334100982,330.02681648681374,324.14762437742087,268.94644653140165
425.0229860213133,332.6921758980226,323.6672879272115,268.46200923745687
424.8735248760619,336.12667806094134,325.4052319242953,269.9376361066877
425.90745178362,335.7043418669508,325.5031395799738,271.6392757054384
426.1073080458649,339.5427722128507,325.5526817768871,270.7927310803806
426.636963532189,343.5152703331312,326.0723034471756,270.37461701145054
427.6594468074959,344.82786474513114,328.95314627995407,272.5530919180719
429.4622824932863,345.95992456318675,329.16416177704093,271.98487856343195
429.02644226571,349.1366854463129,327.506202988114,274.16619165893496
429.2175836475067,352.11880866406256,328.99999692282387,272.06056658230716
430.4241573889196,352.70344870467244,330.43400286521467,273.6971293775217
432.5028983173929,356.2940282586792,330.54591874386375,276.51929763919816
434.43543095134686,355.63812409111176,330.48802172127137,277.8124906689092
433.45556058707666,357.6439913459662,332.4117955207635,278.3140894798181
432.9478795812677,359.1958078205731,335.9705349318259,282.549711863551
431.9263304193103,361.2827901997751,336.54286146618995,283.55678786900205
433.2394445468524,361.4537285847276,336.6367419585881,283.3652464407889
435.43484186400053,361.8422288938034,336.4352483382384,284.55019016429696
435.12150660784437,362.15170984603316,338.7716039377546,286.33975086573344
435.78954315235126,360.3266372214729,338.8766301348203,287.6287661156932
436.1429125500288,359.3772189580251,341.6127159415922,290.5771722493698
438.30602905523034,356.47874808697895,343.0827337513491,291.3525747801889
438.61081209807105,360.0872260853166,343.498466618724,288.25231657175203
438.5799371259767,358.35953238407035,344.938360827134,288.48632683992156
438.3089749079646,356.54213093280543,345.78857693681834,289.00769828874655
436.23519160362395,359.2275061860849,346.24580207287397,288.35850778356087
436.36075785292724,356.94546630662074,347.2781317410535,288.4451471852809
438.80524302539857,358.74457508722503,346.6012790680775,288.9415589117921
439.6633833628664,356.9534089735557,345.3448307336207,289.901335167985
441.5178312392529,356.3702899351927,345.7574521622441,291.56459375753036
444.78821979970144,355.3538078344098,345.8659026605183,293.13998761488654
443.0633333189908,354.48210357232557,348.48466802210896,292.832922449022
443.9886615507523,354.2666775198341,348.5640131750639,295.18086842702894
444.85424792544484,353.99563580112897,349.71138404102004,295.2859843425333
444.4703085893092,352.47507140759313,351.0340493358155,296.0507662076842
444.9493400098166,352.84739278807206,352.5163675449106,296.06567234923796
445.07772954093616,350.82397530237654,353.27316463261195,297.5453333628043
445.5733792034043,351.1292694558891,354.8825838059057,298.567467314347
446.7033728653324,350.1642792736832,357.3915707862486,299.31720263691153
448.5363355398533,350.7864572756034,358.2503179454466,297.6117336569969
450.95923813117093,348.95801151227556,358.607422709253,299.90067617471095
452.57795974599355,350.2836151571571,359.13535580902976,299.3508873801261
454.22879015668894,347.9859775298272,360.2140040925584,301.1785940465291
455.65819771664167,347.0689738641808,362.04777825564247,302.29723936543553
457.22229659479336,348.1365008572375,366.14244703452584,303.8875216925698
459.5259893132162,345.4471945135815,367.2089893816462,305.31994044639487
458.2566531105296,346.6500292362754,368.35667713259284,305.8260840217133
464.299158886909,349.03202069182294,367.72345543579104,306.7603332845378
469.36891709538077,346.5708670414173,367.45469898283676,307.92776206438356
472.96812836579636,345.5429550417466,369.58004696507686,309.87684707168955
474.4888751842748,345.24211211517235,370.3369682737225,311.35344918031217
479.71800493609254,344.9421258012563,371.66825192194244,313.2725066908805
479.85748445954096,343.3237739370809,373.10659829687484,315.70284558492267
484.75708475042296,343.38983971614493,375.3723944344712,317.7235355676271
489.4643461392239,342.0060091231181,374.3505232147917,318.81655931681405
490.7415785059481,340.06367724527365,377.2288373166399,320.4262947411278
494.84492797545204,338.15905841100175,376.6914069857253,321.92262709808716
496.8114262792982,336.3848582597806,378.6552719312251,324.41602065805205
500.6995521651297,341.9684134736914,377.8241862705545,324.3057940421811
504.8475827914899,335.3921210235478,379.11563512678185,326.1827928142333
507.1543882722823,338.79682902473456,379.15956448654725,326.74020429980544
508.7348130435888,339.3378820209815,380.7314954004771,326.5977109939456
511.22629650918844,338.39131607535586,381.7332215196624,327.33191592139076
515.2706261813523,339.08654518875824,380.5228547359121,327.7537013946135
515.5860645929147,337.61583786589887,380.91567230880617,329.0251351567339
524.1636667070329,329.26151957404903,367.8338380604283,353.64656203889547
530.6183236155298,322.89029814870014,362.1243290263018,363.88948649512304
535.2764003928338,317.97675288699713,361.7072748216694,372.23607870462524
532.8878226583754,317.71565292432035,362.4211630595987,376.4595196463667
535.6724208607784,313.82463551222395,365.0387103910598,382.2593444304671
539.8151603623261,312.10670804478207,366.01936374270076,384.32579504940236
535.4127099683751,314.2447346638396,366.855485443536,385.4580250449298
535.4841027381748,311.4908070011116,369.6475472588256,390.04413965965057
539.2546075870357,308.1276236489578,370.74670575110633,392.56687687024476
537.6109034356462,308.0789005376833,371.2924911290806,391.92328572401937
544.7685447447788,305.86357892406215,369.8266939081543,390.53026905441106
545.6484124471199,311.23939311525567,369.3116793200842,389.26107113009294
546.2289501129665,308.8276851757236,369.5306459452928,390.83121900569324
549.461731118935,309.1343939060962,371.33904023218395,392.3041860797839
547.728388786045,308.3413922254185,371.93568042813035,391.5433161577531
551.0018280254401,303.22588406141307,371.8283308914484,392.34765668925513
555.8067477654486,304.79446667243235,371.06968102477356,394.3349407202989
553.3703337219124,303.322929849585,372.81292789884844,394.8659300249443
559.2321363856367,295.46228203256806,371.3874058767587,396.6006324125183
562.5935124705389,294.9283695083688,372.49884121458376,398.403892887152
560.1213221059531,297.04266618439374,373.9130648545221,400.30196941883014
563.6805905056609,290.7760503803757,374.9030724047768,401.0747306365464
564.4448913188679,289.9382575172931,374.6032412728239,400.3078009894816
569.411781561965,288.9734463715572,372.2023096216211,401.845811883687
568.8713642757805,288.2132920182972,371.3938636363579,402.6106501355142
569.7267879169948,283.0092953344727,372.323600107515,404.68403065678865
574.8058932437834,282.0916373044324,369.5201119537851,407.4128737478141
574.77893324496,281.75514695817935,368.77295392990584,407.7108879083282
581.8182497601092,277.7543990021992,367.39542124903346,407.31215150522513
582.2783913208798,276.47798858980946,366.8835979994997,407.2252576121395
581.5777749092464,272.4670962807835,367.1832021616108,409.612037232938
584.3103748615584,266.4427817787444,365.8491811128827,413.05027462019495
585.2145616854369,264.43725414698747,367.13811753134877,413.9509556714438
587.1689812378206,256.56298186477034,366.9685147814093,417.3102294534074
589.9637975085972,253.1937027729561,363.6575501666446,420.1813414528775
589.8020654051236,248.65505434244858,362.4568818834337,422.6738528524668
591.9565309768988,245.5891165018332,362.65563449385064,423.6022907285218
591.9242512201126,243.94513735201502,363.45637025978795,424.0106072568416
594.7827720225399,235.4639122042309,363.9422471844439,426.52759437186785
594.5446850593912,234.2676764375373,363.1442536922613,427.3315402523696
595.063336314073,231.11182853944484,361.206046229418,430.577999241685
597.322390308616,226.02415013155164,360.0719404490417,430.6660557568733
598.947900269904,221.95318131342742,360.2143519515603,431.22017190950965
597.9196550679992,218.40654021157184,358.01442269670895,433.7657770731207
601.2844631990765,213.07487469205,356.5902211112208,435.74239584714974
601.7296519857355,211.90873811902404,355.8265387983082,434.214145054069
602.0329878821983,208.68712442655706,356.0682346368181,434.40602346668237
599.8170225133752,208.13511268727444,355.9324997975295,433.8020596367454
606.1919867464662,203.67977821040154,353.67727271684555,434.34540280771535
602.9112729083674,201.4638252096716,353.5138025315624,434.4517472857377
609.8333750736804,195.21515150090752,350.30929432215237,439.7894877696721
609.354196908985,194.51815172149048,350.10271851977564,439.64594260118076
613.5285658955963,191.3871770063121,349.03412905271773,437.7494562100043
613.380305265282,191.30739597520005,347.24419639870405,439.79818856126803
615.9763024904303,189.92491572054956,347.09340640092194,438.07924041730973
615.9266800506957,185.8428738688454,347.3938720461009,440.3482416469632
616.22475177977,183.44190679581953,346.2020015614899,439.1681353877415
619.9691733083409,181.92629996078068,343.81601466355824,435.6498395325201
622.8773864852376,180.07995685878333,341.68298655653,434.0655572573583
621.1562014835368,181.27245076705896,338.8520335008496,430.46849027344103
626.0579490534719,178.83970774751378,336.2352172473928,432.4112828215493
622.9253725699566,182.7000301333315,334.6615616778939,432.4543204153314
627.299320534027,178.08374377249342,332.8001088878759,428.57364145091134
626.977167858813,180.12905268502115,330.6596289676129,427.0144886794142
628.9548793799008,182.48651592093864,328.70124643561496,425.9959707177874
629.5386541186568,182.75458128598274,324.9304729190251,425.78768287891546
629.2974160972514,186.7147609338278,321.4935213285505,425.1640693603555
634.5138747314364,183.9732511813204,318.8097719793393,428.230501274199
631.6145196595157,188.39525722416457,316.3595817096675,427.6372635720556
632.8737874439862,188.87377730650854,313.0496842723451,427.0097201784648
631.7677466854207,192.92461228995012,311.73026688047946,428.27134862771936
633.6522544188704,192.06203532348871,310.4024986383878,424.498548668888
629.7989857044656,195.85641355994136,307.8576169998147,423.3172772042225
633.7160188501546,198.72518748533645,303.1869926048754,423.0069067826315
634.752450174981,201.67151510438748,302.97960322563847,420.8343748355451
633.0897341766073,203.7257980423802,301.3119898923385,417.81145666177673
633.6532473404204,208.5936832506733,300.4113560722652,415.38964155219736
630.5129300769662,213.96657982000823,298.4290921540444,410.72994994550993
632.9283120599683,217.77999815222364,295.17688675222615,412.45972834760744
630.531026715254,222.5049185233098,293.5297693808943,410.5472525651519
634.6721127028846,226.31843310169236,289.95102042885696,410.1348091894842
631.2310231337854,230.2357851426595,288.8565736477136,407.4835796482604
633.7028296047151,235.26880508467454,285.5885758973136,405.14897649366145
634.1315994721353,242.23552781584038,284.54407132277623,400.22984282179607
633.9960585305097,248.220547465648,283.00960048500406,397.33373044784
633.8397957281576,254.1068552015783,281.35145717777436,395.83812970834026
631.6299481170745,259.3425158783364,279.2582901944353,394.6981987356834
633.6516074123716,264.5812721315712,275.82743871399794,394.8304026446191
632.9136969945914,268.1827431546882,274.59952610534435,392.6907364124416
635.0657401910371,269.0551664223402,271.7239056748632,395.3855833280652
632.7047910264614,274.67168926310177,270.78249109202716,392.29926997686437
634.7667903456695,274.6036618638607,269.24756635001916,394.0138281456316
632.0968275576531,275.7375638242468,266.40021699319044,392.7117907739697
632.7558198966071,279.4608373373525,266.81523271296464,390.2136652260299
629.8671998833973,279.41587624413694,265.8002368880964,392.4559304472052
632.7089582217707,282.13825861936016,265.2888670085299,391.06147201694915
629.8808216017367,283.44452765945,262.6898492634906,391.26185045402724
632.581928289042,287.05306076812127,262.77672680837435,390.4952179677638
631.5372435565753,287.1850761040846,261.0822992476275,389.4873311042019
629.2548657314003,289.376682241558,260.5807554595008,388.07779098082074
630.4347942907966,291.6537969905415,259.6676656708778,388.54794407410134
629.8639650950711,294.82578979604705,258.5525322322661,388.67007489146545
629.127824127648,294.2117492282484,257.8485930348337,388.0835854809126
627.0526241868979,297.0790165016732,256.83257865546955,387.00800269340124
628.4505717648605,301.36109271878996,256.3294689056572,382.63977358756745
627.9322100306259,302.8224455784766,254.24347141732397,382.7238322801204
625.9156468623028,306.6461419484301,253.49233795782766,380.55373875362284
625.7668219176053,301.61112629401447,251.52011232079448,380.31910163594046
628.9861602032819,306.6548814280833,249.7843566631375,377.3883792401173
624.4957440715986,308.25882185634066,248.97746538524444,375.9350053292126
629.1818839133572,312.1462431024957,247.82139225232527,376.34790602385317
625.7001825373708,314.7267905080746,247.05502339022343,375.54742026726086
627.0283423307909,318.47489544476485,246.47400759633666,377.62376307484953
626.8984910701752,317.1932225088414,244.89801497005368,380.1409456820344
628.4134908711295,321.17563180040963,244.5976801706963,378.9635511864223
625.1928431821029,322.1882009750793,243.5182240724617,378.4422594824382
625.6308280950876,324.27858241221514,243.9711485040377,376.3139522718476
625.6589929177541,331.59062711844655,242.89089689215206,372.9916216255591
620.3761575762917,333.3875904712304,241.98689346466426,368.43460354654775
624.3398613059331,333.3588609942388,241.48463115461232,367.6237893019264
622.1869031985731,336.86692352346813,239.1967110618068,364.7733923356614
627.0426451468569,340.8145229917824,237.5465598678759,366.58444835813924
621.0770182880369,341.760632658027,238.1769159872493,363.3167247703552
626.0578380486014,348.16062768593713,235.6758782727609,363.3895994377405
623.041034888324,352.58296509573654,235.6115212601859,359.613167168038
621.2351199201332,356.1822125510898,235.07184954098875,356.44885289850583
620.2104037989562,357.44376968728403,233.4112161800866,356.43763380586586
621.8019610447781,362.81923214839105,231.21338345390387,353.64495416105655
618.7781213018153,365.7165438626927,229.70070918387842,348.9160665494089
623.3350528513707,370.02605140001236,227.92933437364687,345.38062720032497
620.4125392483497,376.1093863599256,225.47624108103165,340.76727673469156
621.2329725178132,377.41746116953715,222.92530561290943,339.7486463939948
620.6902577759138,382.9638559536045,220.9416766784343,338.8483302374202
620.7589727882511,384.2520658485743,220.55961864157945,335.94842665255294
621.8251280148684,390.93313941108846,218.91253771033462,332.3586498659646
618.5232852781785,394.9641958714726,217.30680965527205,328.5070328939878
619.0244882653024,397.54729399173584,216.05646396027444,325.60303009485233
619.0684690886604,399.51495929507126,214.5864452428262,322.39088854410113
615.0066916921573,402.9687740975751,213.71894168622282,318.0063376191319
617.4548125429269,407.64142526871706,212.78202124513604,315.06803772588364
616.4228196796072,412.0489598420394,209.29567442554142,311.2285402116243
611.9897688087439,417.90276314537107,209.2654815734571,305.3386912114672
612.4191159684801,421.57840074799014,207.8147996441213,300.70178864111676
614.2110236256102,425.6510349247208,205.40544664828136,295.76177245821816
613.4375442025989,428.8221287251051,202.38570122108024,291.56457267902863
612.0247370709151,430.7837332015033,199.81172213117625,288.0456059735752
613.622202205356,435.0903579199109,197.5080707848525,284.8112437132737
610.3477403133975,439.4415956289407,196.72624028867892,279.32899887459024
610.4398956076903,443.01090257779583,197.11290482492927,275.1667209792299
610.9702283509324,447.4528019888378,195.72111089019728,271.4264916265979
606.0723584523657,451.3413317954466,194.73349688178854,267.9512217739699
606.1056368750465,455.5280793431073,193.62965184749282,264.89403374651954
606.6823203598556,460.1631821490871,191.95469816169958,262.337110719704
604.1661561812915,463.0359525493346,191.54395992184277,259.6436979957624
603.3424103689981,467.9721810446315,190.6129288642397,256.45586186240735
603.7758289860706,472.2525978422353,189.60951473914932,253.09064737349254
599.1558712235714,475.19301541260484,190.98155278077974,248.46790547063028
603.3903991313621,480.4860065986454,189.36395742204638,244.56008328913143
599.8815938915716,483.5606544937147,186.92860693361,241.569698011917
601.8672109039361,488.4498784730944,187.05655217676417,236.8310259015464
598.6252227972885,491.19335179363736,185.66890344346513,233.70306277715343
599.1617507785423,493.415844239006,183.4870278770374,230.67088380129513
599.5607413580115,496.7321175293446,181.8541892542625,226.9294419187991
598.7461482770123,501.16612182450444,179.137552128297,223.2341137064396
597.8080455022813,504.32064013253995,178.2645675856722,219.36417282591847
594.2265335405191,508.3892277036742,178.65316743311627,215.88082725823494
595.4666048063544,513.3777461187169,177.56951428323572,211.7564653892396
594.1405454401298,517.1457876588337,176.5391169176625,208.98410091404753
594.1453342043351,523.3302116765544,175.8406405278439,203.05732050174453
594.6827966138386,527.8742633174057,175.05582558165483,198.4428252370097
594.1425761083958,535.9768863274052,174.41056716779656,192.29137884622213
591.8124804901142,536.3679529451563,172.7513366361713,187.6052701239646
593.4771340834029,542.9958983843636,172.5048322221159,183.12812871149237
592.5413683575816,548.5429483883809,170.61444512898936,176.77710979629234
591.2720548288913,554.6349711824715,169.6050656517934,171.35287847050108
591.7191205962337,558.1834008554936,168.0560568716826,166.82231021828318
590.2935673487812,562.7039590624366,166.78106425693798,162.72380359138447
590.425215572337,564.6213991159907,166.24637156029354,159.81602360625135
588.234073547075,567.6230070671409,163.63105410172318,156.84163704011738
589.1665502884525,570.3072494968899,163.08186075461902,153.74863912672515
588.4229245578962,571.4894013371543,161.61366287300388,152.08719443066695
587.4389499880862,574.9438517827884,160.73449435019413,148.98605473172037
586.758633517924,576.3354051998862,160.31868106725966,147.27063612422472
586.3548532034164,578.0280346334672,160.56512392798703,145.32524296541374
585.4372944800408,581.4610240753248,161.27277553058383,142.55019883511662
582.2260024787006,582.4175694208437,160.74778968615738,142.0020487873891
583.2093015905225,584.1239708692569,160.6676377000776,140.72669277090344
580.2807750082042,586.5206473049211,159.7188527566515,138.93364817479784
579.8681621558974,588.4150893940094,160.3700917879101,137.09316330196475
578.7969272762252,588.4164473812634,161.0028360957848,136.6184860676149
577.7214500038583,590.2128653348959,161.00162713496456,135.06607140783217
576.3928746331576,593.3638599812841,160.9500879483113,133.38320080554638
575.7763163897978,592.6190371761338,161.052536152522,133.3987554820473
575.1707843285841,597.0885917322977,159.83130471411255,130.71845212152022
575.5069367213246,597.6475998871026,158.34064347425908,129.25631897512415
575.077179358957,596.5775029601878,158.1200899683654,129.03423126805603
575.088780607685,598.4341230730374,155.94216358823425,128.65987754176143
575.04781908717,599.2281732991738,154.73482314240198,126.62690605129026
574.7798946051284,600.5094130520954,154.62610479567508,126.16427267009607
573.0242115125684,602.3047723983371,154.48882867923567,123.81087916911038
573.8381963282036,606.1072500928801,154.69541801174086,121.4279224715834
572.9674039393998,604.8967635764536,153.8394068592491,120.0336880230521
571.7875190452,614.4529866591812,158.82945857285006,114.12603197295333
569.9168104935825,610.2722367606618,157.4847131089463,114.04285918545841
568.3832392933505,617.5931498123941,160.65301474673572,110.60069052217924
567.6544087460745,613.0295139474352,158.26867344947243,111.31682371755116
567.0774926798197,611.7380800969307,155.25749608338572,111.56838806048228
567.6930300328501,610.3324928363929,154.63071299519544,112.9883818278499
567.5531377095139,604.9818764900859,152.7322444680397,117.06896995106689
567.8613773632352,599.046016974315,152.1863385650284,121.52162922919084
568.0129028949523,593.0777146863403,151.32547779109143,127.2013916687573
564.7672438368361,586.8591185265641,150.77454384357264,131.70168194210598
565.4582853453816,582.0451036029166,149.7541972134962,136.8864859288053
565.9944871873818,578.2752087865986,148.17951752613507,140.89439208327667
564.7388785334383,574.6950981647246,147.7153274720377,145.0722698917371
564.9908489581992,571.7784765336935,147.65358358773346,147.58048640323483
563.7661911969983,568.3638477518214,147.9601128457158,151.7590762995901
565.5433317343393,565.6353064617683,148.01014514459936,155.2696313986171
561.7094176987877,559.7836856735183,148.5917071749007,159.9751760985911
563.0994102147082,555.8859852428359,148.77303586757745,164.35713339458746
561.5727271062962,553.6015690935843,149.3193711205037,167.404797699545
561.5636380057475,551.7316780523364,149.73594050879205,169.4775786538441
560.4580896625258,550.7973077142476,149.57172367480396,171.1997991624325
559.1447831854465,552.752549218613,149.95686891465294,171.0650028945771
558.6571885142813,552.637818379749,149.35841326129395,170.56064830624518
555.8529555841869,557.7018760614278,151.1527874390485,167.5225478774272
557.2423324393288,559.7579481405755,151.49343780629465,164.73590766448245
555.7724459233372,561.8474337618619,152.2511494044859,162.00254921011023
557.7273012196108,562.745417296444,151.24611238829357,160.19240690378962
557.0839848175045,565.8209344122629,150.36264831826898,158.95801247699174
556.5855667676701,567.3277840379035,149.07315514852877,157.9207723712566
556.2679504280403,568.8581196134289,149.0027118682012,156.20323312003944
555.017829830318,572.2030241030636,148.42928839842384,153.11241458113858
555.6660269061975,576.4725331809638,147.8118761468798,150.03694460877955
553.7817337478396,577.9175166392091,148.02393675635076,146.8448555165953
552.3228795937475,581.3933159716078,147.87278691786736,143.45738382018178
553.8112382781212,585.1853016393595,146.91551043847866,140.25875365212812
551.7366649644077,586.3304592536334,147.02374729875459,137.80766617447793
550.5722111540553,589.640399161403,147.46380887968758,135.039413231955
549.538058175024,592.944664747869,147.29633388338908,131.905458055422
547.7357865688197,596.0818429203616,147.58108101044013,129.31324206077852
546.9018052102098,598.4288139935808,147.06469228341552,126.88159897516178
546.029911889792,601.0932964895127,146.94565496108592,123.99418161551525
545.8459063208685,602.5211960460657,146.3743915494486,121.70947951874385
544.9482354620606,604.2824673849808,146.8850365688757,120.26292584886352
545.4013155432971,603.0387148886225,145.99037182711194,120.25338985456531
546.8144714781467,602.0806740963768,145.16347463980082,120.8929753863147
546.5256848149892,599.4002235013224,144.39539145194823,122.06688154697389
545.1284492253736,596.1780251819695,143.5166925414576,124.65028933031795
546.1189167983689,595.2845915558499,142.15093526526385,126.04035275646339
543.6518844045007,593.2401759142864,143.52254225308863,128.50772956228016
543.7462250727104,590.9825353257479,143.65558023529752,130.79344178107476
544.9695425691888,590.2935176199782,143.9106428303078,132.15652942990147
544.537289188497,591.5245368819503,144.19482750488027,131.1072508060502
543.5989237355918,593.9344071283634,143.75835841374226,130.31632033748537
542.8041977676542,596.1851675181724,143.66731401458804,129.12984372252515
544.6450361501553,598.5437820551293,143.79833299123925,127.50973421838962
543.8284274984734,601.5340260595609,142.60856369181988,124.99588644352004
544.2192402997943,603.8988270434061,142.23449435477073,122.50809432080038
545.0582162836286,606.6382192685754,141.71627401361275,120.63583886788288
545.1356736823194,610.1110010254653,140.55473964359155,117.88865200968193
544.9025976609669,611.0849406385496,139.23308255276692,114.86454809879791
543.3212125699574,616.6764040905593,139.86486737940862,111.6805387744294
541.7948515680665,618.6909501915483,139.64969940668905,109.28738652816291
540.7036519884555,621.2561913201778,139.33180793366319,107.60382800366149
541.0275845451905,624.8221271785367,139.68402745878876,104.67630199006855
539.3493408408519,628.0285983122953,140.56217924849315,99.99509936278717
538.1114705135404,631.8429554530339,141.06214215786923,95.13756904890045
537.9623935529331,636.0466573442765,142.03288913623948,90.75916030349406
537.3915702215544,639.1888690901608,142.3399051904383,87.44978082379525
538.3402876850236,642.6333359091196,142.60811943914388,85.10324468496201
539.0769728629278,644.0757716710001,142.7215513275217,83.77764819229091
539.4363811002397,645.5968015938697,142.91983796464172,82.2130006895768
533.4938222079737,649.1594704029189,143.34773948635643,81.44886960300289
535.2788105906626,651.9755632904823,143.6017101506357,81.06274706029815
539.4023102000272,652.2023825819554,143.79827439321028,80.47016635489256
540.9847885775104,652.2688790366642,144.02089779457015,79.9735040500282
533.4632450350598,654.8274604848866,144.08882237336775,79.8346755804633
527.9421245712307,656.5843662785478,144.12575228875795,79.77390435454525
526.5122660764187,658.3514268407482,144.15764015583864,79.72031301530077
523.401871181043,659.399235717562,144.21872669189028,79.62613936300683
522.5670013046433,659.1926766000483,144.25953623362227,79.56817476164451
527.6984213383475,658.4083288070112,144.4829775611725,79.22435876057571
521.9125489256394,657.8152129973693,144.54950864910109,79.13211545291111
526.0055261487892,656.6257901628245,145.09432240653666,78.19592840143497
527.7459740293003,655.793701574968,145.37793441605285,77.46615535322512
528.7806998582851,655.3002753063997,145.7055140653038,76.76296777882007
527.924057834604,655.5380075060924,146.08782114962258,75.78470053061865
528.6079403093072,655.8554700272317,146.42325165290634,74.8956773411862
527.7563374990382,656.3862463556649,146.53818172164853,74.44720751045746
527.8891694053686,656.2393612799666,146.65399758952583,73.97150416875479
526.9963644155727,657.5976538577007,147.11474687709355,72.99508055141072
526.6261920184872,657.215591519117,147.45805669835823,71.83659077335503
526.2737612773457,657.789363632147,147.87160319131303,70.235896781565
524.7918978667554,659.2316802529574,147.9327871829798,69.37881733671236
524.7349274888755,659.184998518883,148.13611360469284,68.00610824550452
523.8860155593565,659.5446059098747,148.2041060304348,66.34585640469088
519.3023451586754,659.41128525479,148.43390582380124,65.13829973111856
518.3152186653607,657.952484992735,147.87537148743272,65.5429746303812
519.1853531946659,655.3069563561818,146.34855846348253,66.65646203730711
520.9607179186183,653.635856795657,144.0805375412354,68.29798447874558
520.5369463258643,650.4416708266913,142.43824045765473,70.69140016171785
521.8057298048418,646.0216273714825,141.0974998384678,73.97495993437917
522.9248914546754,638.4117217162812,136.26366271815237,79.96875233914196
522.9301831165499,634.1467784502742,134.6548269787462,85.23405337616109
524.1272791932405,628.3967621502507,133.24207352174957,91.66445678385574
524.0911690257931,622.859265468046,133.13722523572426,98.46295183054639
524.1478076464093,616.6509972031288,133.74195895650098,105.6957811231372
524.25187062629,610.7183185181345,134.67781242693837,112.41250024468229
523.1369979863276,605.2650893110197,135.43350849631466,117.7731207797309
522.4387562107574,600.3479345361897,134.95515238394967,122.84326063639787
521.9137751563364,595.9575139206621,134.84819012584057,126.80917858101496
522.3233996952736,592.830230481989,134.78353650647392,129.86968084120417
521.9197317979723,589.2367537289458,134.29423786542267,133.3550218747564
521.8212239340401,587.4077170315737,134.3867899117086,135.2802496054762
521.5705014953562,585.9860493004094,134.6740977117446,137.38977541786073
521.3596652418116,584.4991914512404,134.62330446527858,138.9512217623319
520.3124982172825,583.0813056475645,134.74713804512908,139.87465892754523
520.4153257715458,585.3987502120776,134.3682687096413,139.9579790651814
519.2329248715101,585.4539363005417,134.69104279784443,140.12155165358257
520.5493664588819,587.6715804144582,135.34109762664104,139.0044976309958
521.281171130748,589.9103126476264,135.1956113850968,137.44024164930903
521.2813033168773,592.1619665646108,135.53588351782219,134.69647854552647
520.0841492632499,597.0599562726411,135.64066349359211,131.91072061078918
519.3307344416195,600.222970768921,135.5870909819302,130.79281148746173
518.658034893447,602.2770297439728,135.50826903945682,129.69994040549167
519.2789809836105,602.6791120205593,135.20220876354114,128.46188351285053
516.7291127123746,607.3473405916591,134.6277647983532,126.56198461726346
517.8832517197219,606.9846068344955,134.18550901285312,125.18880501397587
518.5144208801272,608.2968351675439,134.0793516698638,122.74528361151292
519.1918392175703,611.5573005816962,134.28763679063192,120.43887133026645
521.4071906983238,619.5447161023626,135.1161496608816,118.34025240898978
523.0147867618512,621.1672624840855,136.73488897990228,114.78303297923632
516.6850723769267,618.4237252480374,137.00006497265178,113.83359116639004
520.1317502696565,628.1511376875505,137.8030907561005,112.31572841504936
523.5201610583073,625.3790042949703,138.38961432497823,111.53714974122542
515.3816043032491,622.043335858498,138.90980320588318,110.75263792032226
519.3666752861473,631.2401922404107,139.95728514145424,108.98570471277137
516.8254982150662,625.8145149917104,139.99038105149947,108.90337867580905
518.2403627350787,623.0317804066638,140.01421865805034,108.85183629881396
520.6547671959984,622.531381525002,140.01729602771502,108.84586941179259
522.0042214822099,622.4265412991667,140.01935762817413,108.84285633612228
523.3737003374372,623.1458085392046,140.02292644893902,108.83725864365178
524.5901947217887,622.2552630992309,140.0257751874837,108.83407899862057
523.7137494890017,624.2537641299966,140.03333841878978,108.82536986959931
523.9011602880735,624.0029912105161,140.03970890877332,108.8176256094163
532.6334711654079,620.678467894854,140.19487627763954,108.70727902556125
524.248074464238,628.2289855184531,140.54938893351928,108.20107238401484
518.2543204193852,623.7409729115607,140.84640820791734,107.53458432265327
515.6423906459073,619.3872003617148,140.68588646062258,107.43608293644421
519.3334623800764,630.1887259081199,141.62116013705995,104.74370498511347
519.961889072622,628.1487937612505,141.39327675509688,100.89832637800369
515.5762699471136,624.0028945649898,136.33685158448276,101.11834838044966
517.8930163967432,616.4536988313148,130.65321067496956,106.21003074898374
520.504097599098,609.2558804862916,128.30433570960628,113.69964536719152
520.6711286119076,601.5375682760593,127.49890072198895,120.34231112371569
519.6523488542279,591.6853663655448,125.42059071525378,128.03841416349474
522.8117906666965,584.0825240666516,122.35760723489345,134.0323744799702
522.6608366226002,580.6137054838786,119.90185898725548,138.86690872307673
524.7439557442788,586.1238302241084,118.27889443126116,136.21392112921365
526.9143626127766,577.170047046224,116.06740513045324,137.16696439843474
526.0137568577275,571.5665271557162,115.23656445740023,138.13578014990907
527.8382727981372,543.9103833850974,113.84817033674308,140.79149344187937
527.7399753025877,537.9145489137277,113.63273564425215,141.5102341467035
528.1342305943592,505.54203042979714,113.49710352397744,143.29260174200613
529.8110826268942,536.6250464271722,112.95891521551438,146.65147209100607
530.0729580531972,519.8252529560807,112.92756143283947,149.13355682066467
531.639848733888,521.5832967364189,111.99687002392672,151.45128054309976
531.6496271549297,560.796496807713,109.16059508034196,154.38445376476943
534.3827107965946,553.0632880956944,103.65814237054451,162.03078804747963
536.7972740547981,532.5762696996266,100.51390731646347,169.70860978224226
536.5998733514864,525.0450950533626,99.14883247186621,173.76545923498742
537.432051376232,513.6194168150219,98.62252149493047,174.23743071716223
538.9754840112023,494.32996424864825,98.3685357682943,176.32189004912817
538.892311260213,485.6679782188558,98.32164325450216,178.34363604212365
538.1071388118012,476.8226493839141,98.76382791305974,179.53043705307152
538.7153819387752,470.8414357475903,99.32643468622643,179.5597188026478
538.6827539791984,466.5346715956087,99.62806589255526,180.09000182920624
537.407590457624,470.3121795092678,100.07916050047768,178.90390489760944
538.8665066796187,465.8506442028926,100.12938354316718,179.9067022063742
536.5335817672076,470.3148685041736,100.17559063346187,178.89526105010134
536.1547238503535,471.81649626673686,100.07734127008379,177.9610763410148
536.5425780147459,474.819849641715,99.73778587632714,176.97720913726226
535.9649269778566,477.2324273304629,99.64808818375587,176.43190519638148
536.8862661016459,475.5016944541279,98.86828890250882,177.28784450175516
537.0843666432041,480.089630391472,98.92894088130677,176.84056073131515
535.5397824470074,482.8395251099919,99.1767405984682,175.70509538714026
536.0439689820486,484.21321367316307,98.91504301971905,174.09362626841968
534.8553267334559,488.4005120051566,98.94724213444289,173.9659921517349
535.280016579185,490.9567654403676,98.48249526883593,172.78889339669993
535.5255466548732,493.69592615923045,97.81377968881162,172.66827707524612
536.5321330036169,488.9982519061811,96.99509802010994,174.33250928648397
535.4455963196111,491.78835113281303,97.27258966586197,173.90665682244742
535.9135480495231,494.4922704262097,96.99410153644789,173.22298272158548
535.4597505119876,496.827530749194,96.84692471134193,172.32389280643662
534.8416216139863,499.4273000593018,97.01934366781371,171.26220780865754
535.6184507380975,501.1050831768131,96.39476000502894,170.35498437377538
534.8716347467285,502.72148643241474,96.27151467033838,169.35876991693908
533.7458492815259,505.2153852303959,95.97192431152855,168.06616775745442
534.8701839926989,504.3697601362844,95.13303145759531,168.2881022975984
535.0071659284076,506.4322786854865,94.76473573308621,168.3787138503173
535.3986368429647,505.76934610103524,94.09072006609563,168.44460585084676
535.2881419338902,509.35661275285463,93.77340400560546,168.8055406487095
534.784956798114,509.825348410109,93.70165035004142,168.15548057692416
535.2258394554947,509.8703995230641,93.30099957180383,168.33254007796552
535.490415550796,510.20675125988527,92.71026827668828,168.0751808724068
535.7894158402802,510.8857042515731,92.08415027756806,168.94158194927286
535.6192735883627,510.2725537593051,92.03198269042446,168.67410458583987
535.5068277181243,509.2828653940129,91.95657460761718,168.4018913029201
535.9109269332482,505.16897913025747,92.1095967994321,168.6940463835316
535.9058640097527,499.7153512369391,92.35806925291597,169.0060558551658
535.3955749279743,495.01895525971133,92.5661318596606,168.8292124183861
535.2711606412023,487.87275510535164,92.26917560215756,168.20087641423925
535.1165805861262,475.7209682099951,92.27285550033633,167.2841380864221
535.0915543409061,470.86360462399614,92.47140259202641,167.1901160595064
534.7669935108661,430.33408051279446,91.95778104131396,174.63440292937068
534.6292499908867,421.9515847440316,92.24904945219559,180.9000963711933
534.9477751665336,413.9592252652425,93.11015123770441,186.51643478220169
534.1179534139861,404.2669144533553,94.50653703067357,191.02897560305863
534.3876428553432,395.3140971928828,96.07095796790584,193.76172136820526
533.090990225968,384.68284471350006,97.49865184035696,196.43906130316705
533.9727064450267,375.6840771243282,98.64962474815633,199.01034030170118
533.808979526209,368.74455655834635,99.20297652380475,201.26411631220492
533.2360412700677,359.63014795741344,100.72164963118391,202.30199265713708
532.7150933477005,351.6288860439289,102.01224315913359,204.11765735324687
532.2625738831891,342.6385421712319,102.73395089661643,205.66298514380688
531.744373170574,335.82458878870693,103.79403238294877,207.82163264677183
531.87617129797,327.51919039835786,104.389042228239,210.27622520383716
532.1699527600609,317.2299138583034,105.33057924531084,214.4313011110945
531.7566660228522,323.7038737416011,106.0781204476279,214.18462188404988
531.711404445118,311.37932305785114,106.8223195169071,218.89995974752148
530.6900886396445,318.7242799365067,107.58869254001695,217.94327467368208
529.1533145548747,305.3219602030965,108.78583773542778,221.32861596850532
528.1025446628586,312.0235233629035,110.09991480812582,219.29982016952127
529.736297234369,298.45186962832076,110.722105071065,222.72749806105006
527.8587013408,302.4785277921948,111.84262469328597,223.13931349294546
527.8622517418949,305.5258753767367,111.99821508193513,224.03523130756534
529.1872105450918,309.0240450802049,113.38167464610385,222.13353644713763
528.108496726683,308.545458927066,113.41523667852081,221.00212981397758
528.6811786262363,308.0178140515448,113.19007334652409,220.0424399641137
527.1269869527512,308.38986194337645,113.54087188323729,218.9866796587562
527.9848162696034,293.2547479765722,113.1656213363096,222.75737870747696
527.2525206970819,295.55636778790875,114.01233982596092,224.03979019640664
526.3807832145498,299.7462904750583,114.2894014123097,223.41421680620792
527.2481216354597,299.2405565809841,114.42576706049529,223.13132789059804
528.2430095726397,300.26760396252655,114.64735760115899,221.49163844362766
527.807974836202,297.7643551757984,114.31315003546024,221.01891085839242
528.0784218392301,294.9529581230137,114.28206445053894,220.31974451474323
526.7570192219473,277.7803064782998,113.94997659199535,223.16137997275004
527.2175294188196,289.346674954285,115.19955637410834,218.96953428664884
526.7457495901155,270.3545655465467,114.61465302549708,219.19328175813115
526.9078052428432,266.32406585776437,114.8118707057326,217.1419669114528
528.1884002887631,248.52650976049551,114.19836001433687,219.72842737259205
528.6926867759328,245.02225208646948,113.84450430655714,218.09919781707964
528.1466126810956,227.87986859215027,112.97556705750318,220.80773571025907
527.1108843608863,230.82230269479396,113.04978398902128,220.35186025323216
528.2925458617069,230.65301091921063,113.53416563635164,218.6362212206281
527.735478234164,239.05603457463008,114.55147824964753,214.2338833214103
528.4654049916619,221.4177700099733,113.52264785553194,216.7689840754797
528.285551983229,224.30761106537312,113.259104580024,216.42274789516105
529.065511260198,236.70620828328288,113.89163583420668,211.24180254381417
528.0696279040525,219.53846873016636,113.11284228191047,214.17680900905597
528.6655567003437,223.52984461642077,112.44306338224095,214.12216831290215
529.4163500449808,226.61219865108745,112.60172831039833,212.99889357791938
530.3069137197979,225.15073322889106,111.75375518611375,213.13951393647233
527.1804509999622,232.89849246988314,112.23754944216071,207.7638360764364
529.069293613366,215.52094168145464,111.0103302759918,210.21319348215079
528.8921742620656,217.43201651203972,109.98926427964832,212.09326283038007
528.8241599382935,221.32342492927316,109.94533251242532,210.7873952108485
529.2908279031441,208.33836074730323,109.30074371454864,213.1246958159993
529.1242099995421,212.1752943232753,108.77116378402826,213.48278533672362
529.1702822555466,216.02087500757966,109.58629196851439,211.40526427649502
529.4633022610359,201.6128119405764,109.31854320442679,215.342777892191
528.4878039107336,206.44094639883826,109.38958401723684,215.4433220249837
528.870245236222,210.01952311751555,110.07059489233723,213.5851769570749
528.5181062876986,194.7127825822584,109.40402580261345,216.11829952234018
528.1437982443683,200.71260504762455,110.12524926719067,215.1357921190737
529.1399531863482,201.90747294996433,110.11073367281983,215.01673388092246
527.8628488168911,188.41112737515368,109.93670788223875,217.5132530792498
526.2316920419485,195.28127341021468,110.9312187168226,216.52522503195496
527.3351720063217,198.58654406506963,111.37226713463367,215.82246580003437
527.3716282661172,200.54252963648165,111.59668430907521,213.216241331748
526.9867584028617,184.82222093028008,111.12298376516242,215.69443541956616
526.1209285102642,193.28706865347135,111.38973828836407,214.26173017704107
527.0213167890648,181.63681331957784,111.37058747844341,216.217987304789
526.5348042920655,186.05159910484582,111.69519321146333,216.37270394989025
526.4868765752587,173.0575483801132,112.03154031842728,218.1425131630274
526.0684793271683,175.77992531202653,112.66864195436236,218.86064496509425
526.3376574634807,179.39412387633698,112.6673532738816,218.9210156511096
526.1621823099465,165.05264394002933,112.56822369284455,222.08928130985774
525.762266676337,167.75113227406342,112.88946521668765,223.91542533118158
525.3172917071453,169.83710467836468,113.05000730814359,224.09654839748754
524.8218074762374,169.11238148348525,113.55799969097241,224.84295984986468
524.5241839438854,170.03404618294053,114.15605376447722,224.7816073892018
524.0049379949069,169.30790801041846,114.5614408612565,224.27464007904115
523.5186851345638,169.25583851682575,114.75289077387511,223.51585222544443
524.1004341103808,168.1706662857091,114.4614852480644,223.79904437349157
524.0646435826163,165.1380858490573,114.75830331550284,224.46375358663894
525.0314825820295,162.23489352860955,114.78887039762442,224.37095495421903
524.287571523634,159.2111286436977,115.06883931636395,225.0075226192454
524.2404226197151,158.42488985101795,115.3368713122815,224.49189285711648
523.6826850764647,167.7332800353377,116.23885528678854,222.45561023017618
524.0863729352999,151.68401311150407,116.25607764307766,224.0172826581657
522.9109323977177,149.49252469835767,116.72744926923674,225.91952299039417
523.2828406780368,149.12385187160726,116.90463330845984,226.1451724244507
522.9945283788801,161.08959704246698,117.12841903290995,223.60646810873226
521.688735987628,141.38661133188168,116.78667449069195,225.6560209202837
521.6951378775307,141.9746088206963,116.2401557011973,227.08629101070866
521.9147271586247,142.83478278417397,115.73261811418628,227.51804197787257
522.1467472817186,155.87499169310365,116.16575282241307,224.44830340500832
521.5665083099216,136.9407173444863,116.33018803758296,225.79870558735044
521.687536775953,136.30999517968323,116.12736007756753,226.24352730209608
521.5860614256138,136.13947673105184,116.16006377481004,225.69457428684896
520.6294204621083,145.96461880282635,116.61553863776456,223.0378623784073
521.541804494133,125.66997959895023,116.0970954133073,226.31055906008535
520.773951277284,126.46845622497285,116.07261486485017,227.1212043035235
520.3952951695668,123.17028665227302,115.56865488828348,228.94956716489608
519.7629458211563,122.72476774287942,115.66788381944113,229.05934747349804
518.8779666245405,130.0386806564842,116.55787571525161,224.22096275499212
519.6559080413058,136.2342213883524,116.39952021879519,221.1932502792928
520.6983235597488,118.65983482920143,115.29351951943353,222.91759255042678
519.4445292575418,117.88342268580448,114.6765441914288,225.46545707512428
520.524768819369,130.35927037011277,114.67197794390368,219.5448667480116
520.2485021208607,110.51550627064245,114.36616773969335,223.38714195622958
521.6183465147546,126.50310993786908,114.2756328997357,220.7008693294179
521.2762928187983,129.5579377791894,115.23426551681088,215.84316331470794
520.8641936368408,129.4385463085016,115.19828809232334,213.53787362806221
521.8996242766045,109.30881915447479,113.5000843502562,217.64882558626235
521.7626920000184,107.13682357096593,112.60647582565444,221.65212032903423
521.9059144432202,105.78787290406517,112.02953938808986,223.35196918499915
521.8014197921766,117.88336369902808,113.96266790373917,217.26172230576668
521.1708196387708,98.05810911479203,112.49115904116289,221.69638445885792
520.627549509864,99.43828137750776,112.57613014709823,224.1457882015539
520.1757761227022,108.4224493275175,113.36382956480436,219.4468891377771
521.9657393910383,92.07866973934028,112.30951275980638,222.72997977775458
521.1609625489444,94.42438290884505,112.5127103477263,223.27630873735956
520.3213399492771,104.38210365000369,113.87353933903236,217.97867082865068
520.5940472386818,89.75350742890846,112.06307375295195,220.79790741451788
521.4935000544322,94.3477732321438,111.98209521972547,220.1418169472684
521.3081277182738,86.73807315140044,111.40690511955083,221.1591430578518
520.8296254203726,102.39882202200437,112.91757827395075,215.37315633348965
520.9464211168837,89.03338900069923,112.05855313792851,217.1555226965345
521.1677663724073,103.32387728456584,111.83398101136179,211.49413421779053
521.7339506865143,101.18428715782875,110.84829977156795,208.71536588193976
521.2283088489021,105.60257711143132,110.64286441545842,204.49668968414625
522.2324785222446,107.7301163028054,109.27214438535141,200.51620528051834
523.3370249491618,91.36318105628472,107.06379699126767,204.497861341797
524.6015126439154,80.79854106104906,105.4350998720052,208.8443673607107
524.0162757228795,84.19252932306205,105.26130789548104,211.57841022297623
522.7559567656976,87.36663044403443,106.14675591898312,210.71519810096555
523.3213988305105,75.69621197918832,105.8579194210981,212.71618937330913
524.3770933623964,81.29179558990546,105.53884512516376,212.29125368874008
524.0088507311066,85.07383829256182,105.75425239721159,211.42509957310023
524.6944512518545,73.66731708572287,105.67661090695476,215.18765446846757
524.0492468984756,79.57457554209815,106.06376504513568,215.69048698961595
524.0931789098279,84.58654839043601,106.6500823049515,216.49207039145097
525.2256570267153,87.7403082333291,106.67910404702182,217.4976848990852
524.0713838669352,101.92627221745501,108.4934724588769,213.78404016447595
523.9609010302494,112.95866304712114,109.16230069776584,211.5655319273849
523.7977307703532,123.74568678557566,109.70215675255524,208.73924140848368
524.9911076527376,137.55011862946515,109.5491137536251,206.200371693483
523.0837299528913,149.05761811057064,109.75772830134323,204.5168146105445
524.6341480578429,163.1729955715678,108.95282581488964,203.11732418439976
523.7572525283398,179.08715508322118,108.8124264432547,202.60049045162037
524.2980294095596,194.33388229047875,108.16733928528623,201.5600313373982
525.5650196468144,210.19503977068416,107.43957147442704,200.37952545901862
524.7329423905325,226.03132174674911,106.52028568318867,199.14061438469633
524.6361658592854,239.67575681796046,106.17434798631004,197.08440644320137
524.815389845675,266.64483587258485,105.75257793136893,193.81720399191158
526.1353463918819,282.4700753808172,104.58180620305276,192.33788471970962
525.6654679281289,299.3828777834939,103.83815785044544,190.8479313120613
525.4633490385612,316.0317356917621,103.04658352344836,189.62085224479245
524.8221543462306,330.46334698181124,102.82395860776319,188.92318371132498
524.6692905503822,355.87324584609587,102.85369124296653,184.85892873788276
525.2152779881508,364.8992100670573,101.84607053709618,183.17007173761027
526.0036543501781,376.1443410333529,100.7266897631913,182.08033966646929
526.0368140173315,387.20318776016455,100.19671939762867,180.1658684876262
527.1848840577844,386.62072497636245,98.48831157218167,182.17877556777688
526.6864563016773,398.834397016171,98.43596523827323,179.53435804760807
526.4433867687046,401.03289185898336,97.46478742876073,178.23048607591159
527.3941112626391,398.19758434387927,96.64242951297442,179.230881684733
527.9712488782128,400.7170436317856,96.1646821396073,178.02797165765702
526.7529134888845,398.8710259575243,95.46356652986672,178.51647550250217
527.5420859428664,395.89627976175336,95.01269545307966,179.34541249319574
527.040722829202,397.0958194719899,94.78671615501024,177.86271967703166
527.3460314696366,394.6880555638777,94.83559792332775,177.46984295224053
527.5823595892022,396.35911505601143,94.67840674705322,175.8174664139188
527.2775201852795,395.53006712912463,94.15972766763042,174.480261736305
528.1823864614576,392.1966488177916,94.00433097171214,174.01539069066666
526.5113750457408,392.5223786125167,93.66764620350567,172.9166168984309
527.9636294728061,392.62302525684674,93.12034560132827,171.10875145858677
527.6129370560766,391.7364415677913,92.87523847807654,169.72170631991293
527.7361517826731,392.37933627561495,92.51773428667889,168.22231330340608
529.3293121208527,390.07931590696643,91.97135983262493,167.5854508500903
528.3408044370316,386.9069302069549,91.70570657157472,167.96125099767198
528.3554942254068,383.8395128560998,91.37722397320243,168.52652231055765
527.4585387900038,383.9208030535681,91.04130162257292,167.78493381320408
528.5622370830588,385.03539901552887,90.61457973243152,165.82859341601977
528.3451530203017,380.06359898252924,90.45823820485441,165.81271319637446
527.0222329481712,379.7579251522956,90.43814688587362,164.67843869879118
528.4926573917264,382.0800493680382,89.75532793650754,163.4113250672633
528.9867231210255,375.0891267737786,89.45656752731338,163.60923089421024
527.5847853947178,375.7691149534514,89.3150639611454,162.94525701823258
528.4386999152164,377.17903239568466,88.96208843100486,161.91699005540454
528.9977935771883,375.3731440810035,88.82035327886338,161.04444890522592
528.5191743670041,369.0356976780959,89.00159131871573,161.2386869945493
527.7204812024636,371.7652913229144,89.10352440930967,160.61394375093286
526.9958508832522,372.568305288626,88.94545579835032,159.72532227121172
527.3053625242594,364.93638967753475,89.02472840762083,160.95259724949784
527.4119001918344,367.5858555319228,88.9730888404791,160.43200731089385
528.6462672021648,358.57784913830073,89.06320105509354,161.88875305407055
528.7203801006976,359.9036321104278,89.06445613733457,161.81718846403396
528.635837056047,361.22282521809245,88.99468370565145,160.73289096044329
528.3662618920326,352.6256633636425,89.1125663454056,161.46236328994866
528.4459821212088,354.8274265729134,88.99590789942647,161.22064631583436
529.1437253927543,355.34410336703695,88.92892162717897,161.14397254860154
529.0866203816818,349.14482398841693,88.85083523375675,161.95800238280697
529.4955699799613,348.45509187530365,88.64487123550471,162.29677499488247
530.0295453844225,348.31866046394,88.58845189878842,162.5493427881038
529.3525459768612,345.18435777980847,88.62044818381312,162.6531494197946
528.6230206535525,344.85593520051935,88.68475729524351,162.01492822171386
530.4063218677005,346.1692988963725,88.67122565056276,161.64800388672452
529.9702755955639,338.19742886385495,88.76924900481063,162.64917326541928
529.8722197034523,338.79561478989655,88.6774438903064,163.00574774245285
529.1205094406654,336.96152615912376,88.91719063353167,163.08448894976863
528.8344335860096,336.3143637123302,89.18815068506159,163.7140312596423
529.2367416000816,333.7866804579258,88.92697714463438,164.75304749913343
529.7621416511348,332.3653135236506,89.0360796151597,165.11828593578377
529.3589859982104,332.3261631187579,88.97944619883287,164.10378255207252
529.0220052841285,322.93314979599444,89.32976745928352,166.0507569972821
529.5061026954572,323.93677119110987,89.05500151064192,167.0071687251787
528.8475120298167,326.014842304152,89.04534065308792,166.631628715815
529.4318707824134,329.22737911994307,89.36657034771576,165.09141273880437
529.989375940175,319.0723836440945,89.46452134830133,167.80502154938824
528.9408954871797,319.5434814401889,90.24078327777525,167.78821709479942
528.9918299623091,317.9155939371421,90.13804352659017,168.3604517566547
528.7335420498692,315.83264250329484,90.39141328676865,168.59022648485336
529.5484672790191,314.8427247357163,90.80086446230386,168.27231560010392
529.9961506035976,312.735746723001,90.59259625665509,168.48834181405678
529.8532742826184,311.15591045367563,90.92511500837807,168.04868750372373
529.4706329149647,310.1611098345926,90.89751393030424,167.50797334271988
530.6846399709895,309.943887297149,90.65916942732441,167.49148207036092
530.9539438278521,308.41784150732326,90.67304998102111,167.04737285007036
530.4335357195949,308.03964477654637,90.74300243801767,166.7971152677322
531.3502990161132,307.9278254362541,90.78307847368882,166.01988503180525
531.5229203055407,306.0488409646478,90.6653385388962,166.46512199374035
530.0944680135364,302.80656352998017,91.86386583313273,167.61651789319643
530.9244212315053,304.5813294920672,91.88887493979729,166.0566701931512
528.1963547934878,301.5881264835777,94.87806932019643,164.44414155970898
527.1771047533479,299.42857454855283,97.3864079303015,164.47640451407884
525.2699840952388,297.2248580235156,99.41113279754492,164.3609503342339
525.4092413541867,295.0689750544874,101.22790202636847,164.93912781518264
527.1664793207153,295.58034617184694,98.89153812334047,165.9876434101298
523.8594912484872,293.25782106206196,101.02372992407727,164.7467778734741
521.5167642742849,290.815705235485,104.35038286521092,164.72583908595422
519.6887290662233,288.453452592419,106.54236960976436,166.99501948385688
518.3711880046008,286.1605071724123,108.6987522574828,168.24766981483702
517.1627638608633,283.2277636999061,109.63670070841741,169.84973903905473
516.1880755717616,282.37942056549923,111.0389098066288,170.77861150610312
512.9469554047135,282.2491941769142,113.32221558567123,171.1099417160963
513.0728031923055,282.18942499367745,114.30051049281774,171.3861594148261
513.6925376852553,281.45796909692126,115.56208935657327,171.45888203750116
513.0247404023644,279.5493519188947,116.64354303867091,172.9067387804867
513.1413569979654,280.8532999961582,117.31689911710689,173.03661628280463
513.0257748979452,279.4400781257775,117.544094424994,174.23517956950263
511.5293105858072,277.9715277584528,118.28165886965881,175.16101264210374
512.1815119505816,277.05610920120574,118.48817559182372,175.50435266530448
510.9709068756779,283.4264705384879,120.89184337755518,174.72213276021046
511.4363179345752,279.16187707945153,121.01917953822587,175.7300637082819
509.05045390842344,278.7779996800904,121.46935340656941,175.37298790340475
505.48206219975185,285.0145548440687,125.33726647021388,174.04461291175176
506.59041718760875,279.31922579118657,125.82573880841917,174.6668384003285
504.0977450031875,285.1093212367741,127.70401058548002,175.0625481591778
502.75521957129183,281.0454867764183,129.39748573134537,174.54120928264834
506.19960457495404,276.85288453616477,129.19954929259387,176.84856199084695
503.2662757696819,282.0297102873734,130.691203088441,177.87192369491157
505.8749026027882,276.34310282371086,130.06567477165464,178.8012223014359
504.9849695312883,283.2162107804868,131.64632013809646,179.30074060266676
506.0313683868518,277.9296957930776,131.35291071642115,180.22080693917957
507.04161174041667,274.4003091524581,131.07903918072387,181.24631844444806
504.5687345195315,280.5721697959607,131.7827692008022,182.4644419831875
507.5541254872529,274.9654279059417,130.81084333301686,183.87973373899456
511.8487425100655,272.6123918095019,126.81101816190343,188.39697212893566
513.2931257031421,271.8350823438897,126.56562359620013,190.2436089670642
510.68512852281174,268.7505569122438,126.63088162492116,192.21348161151457
511.92593537328173,269.5759961967558,127.27398802056925,192.73543243206268
510.450325233076,267.96887869290936,127.3851173109142,195.35763703375738
510.4368008554346,268.2186961142574,128.15447432520727,196.68677866982867
510.9759046951532,264.7134565186461,128.935001372676,198.1100066746803
509.31257318486837,264.57097133468073,129.80387187272248,199.92970247023862
508.0520913433867,261.90318792604086,131.67088885797395,201.3354394516267
511.56058689115855,258.8275641470598,129.3767900468235,205.29182249809907
511.1590690962508,256.74244910904827,128.51119503666348,208.81640415426494
512.5085257227488,254.0746669547694,128.37482946738322,210.57706378257063
509.6091173262282,254.45524701822882,130.9723999988277,210.07083379423977
511.45052040548194,251.9655928817731,129.60298361845759,213.13329448051945
513.4230591690234,249.80275601468736,128.7450571419423,214.19879227131625
512.3725374079374,250.3956427351954,128.31587371823719,215.8069376783379
513.6897871352498,248.52926725345895,128.03526682838574,216.85225325324575
513.1859371637233,248.1511154299699,127.3328553918155,217.0347756483165
514.7477055944755,246.73189499477286,127.44228638385715,215.9005543082461
514.8828169216578,248.56227190931816,127.48597501846943,216.31799891207785
513.4096960524886,247.0735496385434,127.8271907501091,216.79332844241216
515.5825903503841,245.20360812735566,127.58181118523257,216.42253565302005
516.4027385376997,243.71260752887167,127.07393892673576,217.3348635501986
517.010220790185,242.55133961001476,126.33590518906287,219.13854399497956
517.6141350397376,241.04684553021875,126.17470731091429,218.8598615422364
517.9791000714098,241.5729582720233,125.94448923792633,217.864364775567
519.0080360614143,242.45329371851088,125.52114553722194,217.11005500949153
518.7990124033436,242.13397042746158,124.92180903950525,215.57781078348467
519.0553481250284,245.32839360360813,123.73203920269522,216.23093277683364
521.4272944300631,245.71272192833132,122.75673251295987,218.18377413993
519.7290251503872,247.4759144199055,122.36124622146612,220.62383651014466
520.6285532431963,247.0001575049768,122.49928174403134,222.17705106317325
520.7202506812251,248.67129040957627,122.21182064506745,224.83718326804293
519.7612119441407,246.71029561689153,122.74554948833142,228.44274174827558
520.4176975338767,247.07338491408674,123.40955100802466,231.79993717732265
520.6818487008399,246.42717777577676,123.67091854542849,236.28580333535132
521.8501678086853,233.6307421924585,124.7372754392956,235.23989963016166
520.2035071951589,241.53363660539924,124.79504864693945,237.50609604903119
519.8698476208767,246.53130725756697,124.65261562923241,242.51590649335293
519.3931891251941,248.973583452912,125.24012037856666,244.96750904040695
518.6975011995778,252.51272640633584,126.00251177850542,248.76612952851778
520.7330488065833,254.63742477233876,126.19898992112287,254.03158150561845
519.6699640046245,241.35163300627363,127.44498643792026,255.507028944609
519.0083421700306,249.4620184142164,128.06413498190977,258.5091127429813
518.9838113396775,254.454440222133,129.0491622998503,263.5795946352658
519.4804726155771,243.92032514019508,129.8576142498515,269.5751157155845
517.2486131481169,251.41887860382388,131.9636168628267,273.885526793698
516.3332932811102,252.92027374786176,133.2138880184062,278.8039425030893
517.2944755018866,251.46285864795408,134.42801940548173,283.8823938901147
515.9562281684489,252.84234427783952,135.49782211583715,286.2777495460848
515.152825857378,253.34677948184998,136.84975578680314,289.2664839850182
515.4296088693935,255.68670574305355,137.83456084889286,290.62010209325683
516.7333537194746,245.38288472228015,137.9833375042451,293.6299944247206
516.2370966526884,252.31537021794827,139.051272538997,297.34465142410704
514.3212173159708,254.68386624807647,140.94602938805315,300.28279831419854
514.4026203130155,249.07821043965313,141.17824235896947,301.5195348883206
513.8608970192162,257.4791959807037,142.5971992898815,304.7237550598815
512.2626669939822,245.6780132302138,143.11425007483126,306.92722720453816
512.7127247311092,254.02074757205793,143.46466007512544,312.347559149512
511.7897103394149,260.27729363159165,144.20926702547575,313.2348004349856
509.708301158411,250.8085210894072,144.83639198042482,316.38106858759176
509.3907660058129,261.3080257042182,145.84025341878652,319.64848544439553
508.8381733626231,254.21495616660357,146.00167765446497,320.6874248888875
509.0687780614494,263.9300943861908,147.08801333222897,324.37721604614865
508.4919684380244,267.77774681314474,147.7901113612559,325.6040856459761
508.92648185211556,261.31623191553456,147.41414345298023,327.986668206089
506.4819022804811,271.8025417743313,148.28402788464024,330.54774943148874
509.3264555190727,265.6340421385012,148.3212311837632,331.3358986436396
506.8631057903483,275.8481614787292,149.81528484348252,334.6961998496582
506.46486504153825,281.1106334707812,150.5224731294041,336.16902617500244
508.53742987805737,269.5516438487955,150.7165258332274,337.85963916225995
506.6137864494299,283.16004071820555,151.25768466542735,339.9923804118432
507.9193421050719,278.4398296649007,151.29457979335234,340.8185637794392
506.0443819376296,290.5017393527547,152.31376101156823,344.5889609412068
507.0312206155364,281.03770032181205,152.8314686388173,345.4452921769203
504.41574302932406,292.4907570460354,153.92209349660587,347.9422129386786
505.64977215313905,304.6291424972062,154.64273783228884,349.21554808492107
504.2451718242944,295.04492349095847,154.8123630085633,350.3101678906293
502.30152748696395,306.45462119477264,155.50161954249242,351.753582236419
505.0336196940004,295.82753586763727,155.35110385629432,352.93500089178843
504.0399802792929,306.7655247308564,156.4984178190711,356.51347377264995
503.42461301782873,314.829146883499,156.8374405705112,357.68628211018694
504.5533870208372,305.49726287933015,157.0787441021988,358.33096137340755
505.6377947123575,317.68659655723,158.3396634260369,362.0441023366995
503.51950878938567,304.7318144019673,158.51775262503836,362.98097606494963
502.397030645139,313.1077470083129,158.78184307738826,367.15105451680915
503.38979740410696,322.85224513877165,159.11341079961034,370.38466872952444
503.21018768849825,308.55693256464474,159.5398218539791,370.54639792746093
502.7070952904007,321.86500772171956,161.2075302307254,374.0750020231013
502.3085265900238,331.4947782936856,161.536036781164,374.74671049769944
502.3234240433006,317.96705575652265,162.45117499104654,374.71971042737204
499.43335778260706,328.41833665722766,163.75771809211494,376.26143878709496
498.1270530851138,334.3077514522935,164.36276580344665,376.9864687169218
497.40639850848675,323.42867655964164,164.68645889930485,376.2553969293494
497.0226376264969,332.1031240685473,164.98307401822504,376.53318037833503
496.1924930975268,336.4495318768046,165.21512420745182,376.78319198655186
516.3555857785238,318.9486132977614,166.07171243554552,375.85690567051716
507.7959863262085,329.6957066348052,166.49680809920952,375.4231056541443
500.7310512525737,338.6964940583691,166.9405667962837,374.342213714121
498.5420524463885,323.0388483808472,167.23876141869445,373.20388415852045
499.4822266898842,329.9915245517705,167.06632680728282,372.3189909917836
499.6279793186718,335.90967359989395,166.9560375661195,371.87905901492155
519.9803842194905,315.1993917923918,167.77861347615195,369.0851984966251
508.43155592224707,335.7016672163811,168.78968788680098,366.93478888399795
501.74036617214296,345.63090135201026,168.81386063804678,364.8864936474077
500.22241578511625,350.34127207784655,168.3465065216583,364.1809030288649
499.26088202251816,350.9974906318588,168.06573546004722,363.6346807088005
497.61262842552253,351.1262520167984,167.27444691963296,363.42122715457657
