806.5,196.5,31.0,82.0
803.6868203080753,193.63859808976406,31.186184804228958,83.64434622655403
802.0201869582902,191.39678392288218,31.233661775634495,84.74946670776347
800.9310184474263,190.33556177413806,31.002624083464717,84.88490076469691
799.4979805732315,188.44225817394698,30.758889479528676,85.61795247649265
797.8357809770505,187.08490160474602,30.68722653619445,86.47838311653487
795.624858749455,184.55316081704433,30.383667682516958,87.11742907639868
793.0292790410567,183.90793453559922,30.43774833725901,86.74873759536652
790.7971391381857,181.7713172820352,29.85974031646319,87.29015676435978
788.2182450459477,181.40428230039487,29.386155572319687,88.52683985487202
784.2981878989733,179.4261061728852,28.90437617425196,89.52678623182435
780.9389689002574,177.6204262890691,28.672940247428308,90.77884800865765
776.797423233439,176.17220073876348,28.543822070261946,90.49137395744393
772.791727827767,175.7599458406701,28.21136942152298,90.02850425038054
768.0297091132308,174.6388033378105,28.258898710031403,90.1797083520928
763.4047684600973,173.38322239330273,28.140443338746977,90.71818454641377
758.4089158614793,171.7807000872857,28.4846532662078,90.99999231152403
753.8631355398237,169.08628384046023,28.30452449454083,90.99514614001383
749.0859345169682,166.5311286996104,28.049319988127856,90.961234162192
744.3925370392078,164.6856094477204,27.59691015544056,90.89954134272983
740.314488544575,163.98394167259215,27.021176547782225,89.73642176717762
736.0115147062032,162.81114719146495,26.724540148598276,89.20663784277427
731.5390177696086,160.73043896174482,27.073997789792955,89.24297371673481
727.0499086541819,160.41206185843728,27.06546923262141,88.4058165187402
723.258767707514,159.80707640990408,26.817385944987684,87.68360081226048
719.7093313465498,159.33317109617903,26.749227855606406,86.84009004288288
715.772727933545,158.34554609301222,26.883499211035122,86.48627329582902
712.4822521131391,157.3637029933671,27.073677078653525,86.17752454524441
709.1732088519699,156.7345422511863,27.029039582894942,85.43170779832855
707.4182267949882,156.3482287196406,26.941993561207802,85.10420835652188
704.532040250217,155.04660637337093,26.937462544609733,85.19653586232415
702.6701771082355,154.54653499771527,27.086603152379695,85.22982141873494
700.3188635751975,154.40204535036708,27.219900479838863,85.03902549327563
699.0217768178551,154.22145934319155,27.30493564880517,85.45847491715037
697.0909718554448,152.4428929956164,27.20140618458766,86.05513622062284
696.2640393309151,151.27934289992436,27.485896958439582,85.85081641956003
694.4289993105061,150.2209016427701,27.636181581471842,85.98501444080371
693.7358624353898,149.51960788689357,27.360474106690823,86.69563249826825
693.9257064359724,148.69471142580937,27.26949064983127,86.57360356393795
693.0110925604165,148.11870440361196,26.780404325473214,85.92091425349722
693.2438686832295,147.13053778171172,26.63304831693439,85.08214110539095
693.5769420264007,147.05433740959845,26.449160904121158,84.00902862978415
693.6557802704378,145.96626056612638,26.56631901911809,84.1643872098405
693.3121431190887,145.8471925989501,26.635067220703995,84.27102965027842
693.327916531967,145.38208467674065,26.223085911657538,83.66772527298713
694.5692007967508,145.26339228961825,26.399198059504037,84.58047191895125
694.0859435660298,143.88851115077392,26.317298171390156,85.56989648625941
694.501511748316,144.00380940023655,26.344030418630062,86.73589773036848
694.2490582808476,143.53657913572724,26.432190707401006,87.51350084335337
694.424437074802,142.41793570449462,26.56096306653498,88.55310520593304
693.98742871349,141.29998203352912,26.32184373607349,88.04792081965361
693.8079978245861,141.8999597530951,26.531408008264194,88.23200823959911
692.8833794854824,138.84710094872364,26.569380052339305,88.02460262217625
691.8471837741968,139.12769838247394,26.618449607921338,87.92001554347684
691.6882808479141,137.65545033411763,26.23754227708366,87.78145519029928
691.1364069566903,136.290666743106,26.401922228777888,88.24401883609823
689.5910519268892,136.53156781120182,26.56931175653495,87.31414730627176
688.9212494921054,135.08694866188753,26.562248978740875,86.60948945431137
687.2543567508875,135.38792408216898,26.436806899225953,85.97924674756518
685.5061757371899,133.42485363150846,26.73233250656196,86.77048803264476
683.4338984918256,133.60647561401086,26.767099056311405,86.64503427967514
681.4505302415353,132.577179309342,26.544981816200107,86.5309095561729
679.0205448409498,132.20658426979242,26.138801665985547,85.77583982673173
676.7200375358766,131.86978953204286,26.39063367038854,85.76643523456191
673.6298569654452,130.95993139843995,26.60473628540278,84.83102287971272
671.4983197805493,131.26501820729078,27.10791080053474,84.37512691451309
667.6677913259888,130.01422824733788,27.048413357849103,84.81459807930716
664.3042726549616,131.2485471541429,27.395254605390647,84.08505809933055
660.5731606323814,129.74396116479014,27.408348592262442,84.05098666983297
657.4088036198752,130.63176329085468,27.233479186030735,84.17803491976386
654.1469372877621,130.1398771307515,27.0335237246467,84.08985561223886
650.5694572136633,129.06561632349096,26.84816996140629,82.8120316399832
647.2502248482805,129.83352857118166,26.763120612124396,82.78382259164617
643.7571244325752,128.61144482320583,26.787698728538526,83.19905370148945
640.9622881291219,128.35779977739543,26.65012838882041,82.95657040996967
638.2192724676231,127.97009839578995,26.574538522700603,82.63377034858806
635.3730829491111,127.06805812813855,26.559572550874492,83.45983349411654
632.0399453210943,126.66903064260416,26.60880097386984,83.83846312667862
629.5376357844465,126.32761421329471,26.811183966995692,84.10470714242871
627.1288966808302,125.91234916280897,26.64952618408555,84.15514506362496
625.0110854923898,125.77321985022334,26.45303872820245,83.89874787939374
623.0423482657986,125.95672958647717,26.28941130607982,84.53207614038371
620.9853352315283,125.45177459239764,26.52362871029849,84.57366856024062
619.36557141618,124.94629688008322,26.302719043174,84.61865543561788
616.8232348379054,125.9475284086516,26.223702109543815,84.7984035391409
616.0931798063983,126.72276140996341,26.12696901097499,85.18743548421017
614.9896279002485,125.48999722277911,25.86010908578684,85.30563185784635
614.3888629107028,125.43821522788032,25.517920846074922,85.20661006106289
613.2248414264673,124.83295217356354,25.327638724137586,85.78894994380533
612.2837839384007,125.13561478526015,25.696960159316134,85.84452310784424
611.7972011513984,125.00489558763405,25.640106330816614,85.81651473195156
611.5685397589485,124.92970566794018,25.426804263536027,86.3962539477698
611.759836276812,124.22074613483818,25.346027512465632,86.07724204759656
612.8948226120095,124.10516784420348,25.08195784767055,85.49746974769758
613.1983711131348,124.55359984047129,25.31782567343424,85.5056650927779
614.5310482521506,122.96243989829425,25.056927534013614,84.48144248521916
614.8419631773686,123.12043825113098,24.97901498189456,85.66086122868816
616.2640840242198,123.48508776251687,24.90954021018922,84.69930239594552
617.8358104344871,123.321217239194,25.122742748922818,84.54244149790627
618.8128130732948,123.08582969814273,25.529876530374146,84.6437421988004
620.1152803376852,123.45265131007118,25.74556730676913,84.4704200675491
621.8870121101697,122.62141738690956,25.723948625691634,84.75355799405727
624.0016296034563,124.05348789872082,25.42468223462331,84.75316051405963
625.1133414465918,123.56794201071304,25.41436375007367,84.60955042297161
626.6546901330514,123.29604446706843,25.739131835070452,84.16444461037375
627.8992568137173,123.57937539796956,25.546714925383654,84.5415134009038
629.5910643373365,124.08351034860561,25.58562719137752,85.00882264220218
631.369124317765,124.1958878788973,25.41897256255198,84.30065024944642
632.6545587864646,124.03543852822823,25.517431361053706,83.86614793550288
634.6689834554264,125.13333873645198,25.81628263805913,84.40108139051536
636.1902395918818,125.17648559412305,25.67670587006188,84.909892309935
638.2021490484235,124.3359370292194,25.606967061806152,84.69571205879902
639.8909565051289,123.78672968333429,25.584624679904792,85.05390453491677
642.1640212920513,123.95060317197134,25.09727577622607,84.30087284413597
643.2938356148436,123.91569128429181,25.07983153119984,84.27771738950835
644.6448736567893,123.92980362053508,25.05709962455477,84.44981895112406
645.5423260897408,123.58903560283576,24.78809595703892,84.78905153164676
647.2195638577945,124.49415573844456,24.37160250329835,85.44380712148264
647.0173955031051,123.40505500671469,24.039513336059613,85.6813035239835
646.8747611206193,123.59331585983654,23.9160654820167,86.08168902332147
645.9095369211898,124.18255446974487,24.24443258204746,85.5762328220099
643.7806252464213,123.86894820127567,24.324549689976614,84.72574011869867
642.6274320823986,124.87541851322362,24.362440219911164,84.92206281954032
639.5152318064322,124.6979775685078,24.40272917669008,85.02445824161052
636.4854305276469,124.89620194814147,24.720886669715956,86.0667732200217
633.9629463279721,124.94346554611565,24.46748327722619,85.79578008061766
630.870201179065,124.87245756380526,24.822257918759828,85.764961544568
627.4216913671067,124.81690157938449,24.884843510236145,85.92585357301536
624.113790180932,125.03635886936763,24.62148929307746,86.58148221166174
619.8247523283278,124.19166005928298,25.011702602045826,86.98854812673768
615.6778123340308,124.25533216224859,25.20365483337661,86.66853205558161
612.2568693697722,124.34634095073663,25.132105302756766,86.49318744909047
609.054001315262,123.25194334875984,25.01444921130721,86.70106007327874
606.0675610947196,123.35179245846265,24.688549211107798,86.95083508590398
602.8913162496184,123.65824343512558,24.433326155643737,86.11295125835059
599.9984093531283,124.23428339228727,24.17409695698565,85.92151284736127
597.0793866297871,124.38093867816708,24.09456227595207,85.85740800317885
594.6258693650805,124.45333373846239,24.021841403754053,86.11946524033817
592.6222221289706,125.54926700893763,24.009460621151995,85.88651715165057
591.0163940671168,125.83392564687975,23.76540776429912,85.63635658209948
589.3580222932916,126.21605744645039,23.966838020400033,86.3984146325096
588.568597981767,127.61094682434529,24.096136730042776,85.95546672159895
587.1986638158565,127.06017110197831,24.455043643711868,86.82081726744717
586.8585954194662,127.6512491714825,24.464510761619266,87.30200086251625
586.6754913638578,128.97265063998026,24.534377930453303,87.51318442721445
587.1814108799952,128.2983116313009,24.598957059570772,88.0935553547676
587.8721883596303,127.74375079528429,24.574587821697794,88.46371133666484
587.6657806605374,128.59526121538016,24.712960129921534,87.66262851765613
588.955283744836,128.16727326826165,24.790343913030256,86.73597134571577
590.5981993661164,127.40543194627595,24.506366613340617,86.33199817360898
591.839522577237,128.5673297215991,24.375260756590244,85.14819855554177
593.1092490936336,128.47321788778356,24.28191225031675,85.28796321483674
594.5751156573019,128.29649491791642,24.242646144922215,86.16311770264002
595.4674960118514,128.07630780418907,24.425556114915715,86.4027532318506
597.2325151196046,128.48665131175036,24.456128909007028,85.68978282924586
598.2025260179029,129.0426430468145,24.397820979598027,85.35082445458039
599.5080313671715,130.2220523280485,24.400214316628908,83.65887547285806
600.6099270920095,131.4480815420937,24.450012258661463,83.42576850846706
601.8866644345951,130.70074109629456,24.96212318674097,84.73071045589244
602.995573557826,130.91607414784687,24.853818461473544,85.09494316079031
604.4052611173898,130.96274581244046,24.6561495896756,84.89394803913646
604.8016985365593,132.19195689476516,24.751234172017497,84.66847560822126
606.6785778623591,131.65516513637795,24.68999637727525,84.53098191170832
607.5071110585139,132.37330779015744,24.76954838458576,84.1532516111302
609.0895055623472,132.13420169025332,24.393763464367233,83.63181696845874
609.8202681821422,132.89047539303004,24.202371600898957,83.96067936534209
610.8954067552356,133.09837969756802,24.140814299530085,84.37552972852953
611.7811335803505,133.56323950237345,24.684166156960273,84.68891111970449
613.0426921440597,132.73830528795693,24.65753235550016,85.94430021418312
614.1614877421102,133.09975595559004,24.771784039648146,86.02302103124539
615.4889385168045,133.5467574379632,24.158029960733778,86.91155075845458
616.4767571016998,133.25286204054495,24.138947799831485,87.01358080490473
617.3746955078484,134.43611841779048,23.885538700890198,87.41729452899034
618.0388490945792,134.68280606395763,23.8732290087749,87.3364492118319
619.226124065682,135.55535445885144,23.984527731806615,88.14781065683127
619.978741258225,136.08709345503692,24.12933170826991,88.28898974224961
620.0010638023501,136.39836974057124,24.455599648736825,88.78953280278039
620.4314907425774,138.10032460902198,24.253403676722023,89.02567085449888
621.3435898678262,137.96770336363625,24.523607739456715,90.71066773121859
622.2902356841971,137.74745359923423,24.22064468089558,91.2019435926394
622.7310600700538,137.5310281386627,24.182525133577812,92.21834985454939
623.6971892043751,137.7318721681281,23.78632433716424,91.35284506345039
623.612178126297,138.03608627792664,23.440911095695576,90.45744622846632
624.2846966852518,137.86910381947584,23.39712920392117,88.16366480175527
624.3302226161636,138.67272374990065,23.695719252888907,87.93612202533251
623.8121480025601,137.45712701684218,23.76265588844775,87.2773856723424
623.440257932215,137.67446523670424,23.955373087586743,87.09966688280294
622.0907795675469,137.56557399575837,24.40462402544979,87.66662857297332
620.8010096172366,138.0745632387451,24.716738388961012,87.57482985365482
619.6659328798011,138.9718629671088,24.61736023236221,88.16156184071409
618.2829047765294,138.8058024685336,24.543723369447477,87.0114159349408
616.4006523652074,139.8145102456063,24.39299863314671,86.39445061044023
615.1357049032424,139.56157317728386,23.974364075188902,86.50431315612747
613.0303990799973,141.06388008575735,24.10227308496043,86.79982279232075
610.3512892629853,142.2609588984077,24.71341906862417,86.85141278092689
608.4688406535727,142.48742149058089,24.566811065129023,86.38942669685349
606.5919260377893,142.59636985644596,24.26675674414446,86.24538498522921
604.1794141456139,142.25028908839494,24.328540191123523,85.64468803992406
602.2149021581189,142.61602285044592,24.309491255804744,84.54045324621076
600.6248829260672,143.985950958338,24.087675681669523,84.26483662774712
599.0324742905185,144.34357537854126,24.409432955208366,84.56992393846367
598.2489788719352,144.31803764147156,23.966010860932695,86.38544734007803
597.772515066425,143.20506513813254,23.60243804661441,87.58529779090128
596.7750664647266,144.27942416032442,23.290645510783868,87.98667339733535
596.0443804413061,143.29264571719042,23.50824028253946,88.84287207590076
596.0104968498733,144.50877378330023,23.569029132408666,89.38913180709973
595.6426291423054,144.863794433779,23.180871644216502,90.60165370137074
595.2773999709841,144.30121715382765,23.406194689083698,91.2372680121642
595.8791093046266,145.4410238598851,23.699601716836728,91.51487458219648
595.2951984280281,144.83377323095237,24.10374450208096,92.00633412682421
595.9523656867354,145.27278013808154,24.061924685555926,92.8161000967684
596.2729223415537,146.5946498750653,24.05263908797835,93.04144378892335
596.6224124668745,146.19078135766264,24.29149685527728,92.8254097761365
596.8537083183699,145.52755558583385,24.242056863511948,92.45794344927252
597.3396557850556,147.07509075122482,24.016294721183026,90.60053769883572
597.9598550470196,146.6057797956302,23.77080607980036,90.35302741741324
598.1941367006078,145.9301206391702,23.71529387120894,90.10875096657747
599.5882352368601,146.50932461245867,23.520487263487205,89.86497474435816
600.2959336836819,146.49992182476944,23.76437460389041,89.71373601679628
600.3199041924732,145.64276159305072,24.173160822817273,89.40912604505303
601.177171387406,143.89604164349606,25.202942295607237,89.81915615793798
602.2048457253568,144.58140449359615,25.866435649277204,89.63535896840366
602.6678235967319,146.07676172993405,26.740460785357065,88.2527961699985
602.4876438544601,145.01786577227398,27.83534636767505,88.05796196189031
603.3634262790097,144.86856947500956,28.65016106569505,88.20017506532835
603.0098899244117,145.52922126245386,29.507411581506773,88.73337500282229
603.7588631748337,145.28367645247295,29.7899869503224,90.50613054399534
604.1292890822972,141.60509847241013,29.829121695739982,93.23596335348623
604.9483252637334,141.62811483809975,30.5004579975709,94.61664945316932
604.8240806668633,140.2117345601827,31.085865068508383,96.08153765163497
606.2297649797682,137.90195403453197,30.414130813502418,98.32071950295469
606.7913562814086,134.9526028361326,30.426255522233316,100.72467140002814
606.8801997795933,133.8282997755767,31.282640448166134,102.15208281279259
607.4533160505283,132.33875138763796,32.35410218882803,102.69246675335819
607.7827435328896,132.3649625552191,32.941226533187255,104.50553330502905
607.6084418131419,129.99777866439905,32.79163262575717,106.58241822419663
607.0613801123388,128.9241455367718,33.52702308859659,107.50648475430015
606.7614979725223,127.6170960031174,33.4927666820801,109.24327426083315
607.1986065967294,127.37125216713775,33.237389710861066,110.00214571346258
607.2140051480053,127.09310394927166,32.86965705833468,111.57985619071394
606.6563151637376,127.44891074528685,32.49279504822469,112.61507532706949
608.2335906527583,127.66831784507053,31.717949260842147,113.57879954627197
607.3391054770344,129.3009143228719,31.255522240997497,114.48563751641993
607.5548440335232,130.08872395379856,31.048233247193224,114.8294500601773
606.5297974605581,131.70105071656334,31.591301628108624,115.3053630648754
606.4812473726973,131.98369075598146,30.935308859208185,115.75868380753423
606.5692760947385,131.7151491888521,30.5902927511854,116.72573374915832
605.7462466747251,132.38221251010617,30.747472864253,117.27709907385142
605.4311396497319,133.76901697368766,30.79176097754032,117.52019780545618
605.3547498728939,133.46762970425732,31.40715470987397,117.01001284018938
605.765577391161,134.64270547748643,31.273421316596956,116.98990413278142
606.6749612584287,135.50695722257097,31.17978247114543,117.68590635321414
606.3731753409362,134.40390488060513,31.469424748329978,116.34491764572735
605.1375929097737,134.75034532710723,32.08519620092592,117.07973393442482
605.9884690906158,134.16824174577198,32.15590489595111,117.18213942511349
606.1238452639461,133.33792903127429,32.315056443953296,117.57742106882296
605.4955632859162,132.59469574616378,33.2984965098517,117.81317047595806
605.3626813296113,131.44642138064506,33.51466750281379,117.03934352607199
604.1496259422755,132.59825078521544,34.00501956757785,115.98474451326453
604.0395553087594,132.3503270995822,33.461124477207335,114.92042457190898
604.6770311468167,132.29294912392524,33.04414446933595,111.92697496635338
603.7858507945051,131.72883195190715,32.84783612660361,109.16577854905228
604.1045244489832,132.3476377875951,31.828299484208678,104.88652659599916
603.8402895079472,132.80608236309843,30.808364553467822,101.01607542373696
603.6924326126997,133.67193282116483,29.446979335402688,96.68181255692059
602.7756212308467,134.77942122662017,28.873232723879653,93.26052750035102
602.044810702456,137.2746720383098,28.71738876143511,90.81900730511812
601.528261901148,138.96451432708295,28.136391987487112,88.63051094378125
601.8037318505428,139.31906175171406,27.37160938380515,87.87060393951072
601.965696654698,140.93891181459583,26.94835233046447,86.79241237392785
600.9765306628581,141.32472490196562,26.661018544567504,86.8606282802582
600.3213580409329,141.7529747810895,26.540472393802617,86.41812262568055
599.5232076686808,141.90178274379429,26.260773329995324,86.55973353623708
599.2995640361778,142.88930225226926,26.397793295587583,86.2321564104615
598.2602138294889,143.59699855181742,27.003533475277223,86.10878401304822
596.7114587002471,144.11056585328174,27.537309202357974,86.72635828196096
596.2557749501611,144.85249963761342,27.879693386108464,86.16183275431325
596.3829192967128,145.7731943435651,28.175804711697374,86.76747197934225
596.0549744252328,146.06957474148675,28.68577615986993,88.24066038508283
596.0504970341049,146.14545539511357,28.867423136706762,88.48776775782952
595.4313369970998,147.0573567554904,29.259065311356146,88.79141907951058
595.3665795158406,148.5110969359784,29.725307446010902,88.8795384652386
595.6367709954288,148.81315418806824,29.886791769224967,89.60227795161376
595.5203929426378,152.08436878696185,29.94500993299349,92.6306228321957
595.5940090545483,151.58208956963367,29.910863344178985,95.44529958445611
595.7800798795965,152.3141683152952,29.720545394749077,97.62078671593576
596.8195116287934,151.39339368398424,29.642322527077418,99.24970908920963
597.1976081007685,151.65358126372962,29.53302046180437,100.2934303805246
597.9412697903836,151.23298960881942,29.626246203477507,100.04003935810775
598.7100885530363,151.76381306549496,29.450729664156924,99.98547371497455
599.2910581464625,152.0441261648993,29.62972642281501,97.4065481749641
599.6210310685608,153.15815756720446,29.782134964471314,96.04380402632147
600.5809982866335,152.5753431477113,29.693567305745958,93.5966129552584
601.7868893316754,154.252938994519,29.328608717249146,92.52847365460255
601.8625280686983,154.39746764078768,29.113953259335275,92.19466314585813
602.5186781990027,155.6483496653168,29.16967901686911,91.15630959351165
602.5283335184117,156.1663769039691,29.08770168621134,90.20752264170112
602.8976627734688,157.18687397460593,28.94101201049748,89.54112068544791
603.0121418481893,159.3150179766894,29.605259980593654,89.54403706894578
604.1375373407873,158.92190740301385,29.302197986906293,90.05337652150317
604.1535815600317,161.91271718121183,29.647926732150456,92.27560198921611
603.4249297038274,161.04707131135677,30.01371561873805,93.37872860307937
603.9448151451797,161.8668133415871,30.411452007800165,93.79321726371859
603.5440913496977,163.51153359407414,31.14389315574042,94.80934736116149
606.4477615813481,162.7839881659243,30.992694927241946,96.15485349106791
604.7260790278152,164.04310479489033,31.130291306051433,95.54138929613183
608.0346050455724,164.94160541423926,30.696111089079476,96.6051334874266
607.0108996607491,165.5870492760908,30.552649666343264,97.71848732561318
607.410671413599,164.54218717458446,30.056167347911128,96.40651127037083
608.4098482979239,165.0834275753944,29.64601927441356,95.54375846176242
609.2551982657995,165.536228610225,29.452310257775313,94.53499320936578
609.8285899573448,167.71386905736034,28.88722255053477,95.2879624562389
609.2330963451485,169.47990985289772,28.993573801950454,96.2158422795013
608.7149248406623,173.39844547915894,29.33615128987346,97.74021263922253
607.7265433833132,177.52380315030086,29.846023154232874,100.66539966357686
612.4318971119488,171.10073164142207,29.86136779046756,100.01174295294089
612.8211090734663,171.1873891452022,29.00226965873187,96.69927994847818
612.8735391666853,170.16233907195237,29.591252002544586,90.57977007147929
614.1860983586478,175.20849255441186,29.17800071265944,86.97143327181297
619.4916145654902,176.2985166589025,28.20164713961194,84.3473118030012
619.9738226862739,179.5147503325535,27.990388156078094,84.24768728254253
622.2506456592299,181.478341138318,28.059853458182538,84.75798898171294
623.5857012528886,183.74543866937177,28.149925605215586,86.80157559685152
624.2571551420573,184.09614576960573,29.11150410159749,87.0234464038604
629.6015414256619,186.61953755032175,29.909022466089887,89.3942067305204
629.0558842128981,184.4911444119332,30.815296983923716,90.19834246026997
629.6922239690996,186.41111600789998,31.481567771737332,90.84362446898943
630.2025103456888,186.02869273225815,31.864992320614476,90.19483004432092
630.583723963391,186.0840133972343,31.822775100983787,89.09343345437799
631.3196403593433,188.4399199329335,32.071564371762065,85.79963037939373
635.6074785171724,191.45707387877582,34.10375434333555,84.14977435385902
634.5511165349517,192.70801384841633,34.34636123948626,84.40410784116796
639.2659147095633,194.83697233381758,35.013443624088794,85.48243163879805
636.9056906370432,193.33064123397094,35.193899436670236,85.52327443770398
641.5855023943445,197.29875432924428,35.920349797494865,86.01060743600007
638.8605883269861,196.22602133900688,35.49574012322131,86.23742994189607
638.3315536307219,199.42701175030396,32.592164389406975,91.26673402378182
640.6175233923051,197.96206993230362,30.525885638564095,94.32550348029056
642.761069909727,198.13157744749282,29.28970903705466,95.83489011559968
643.6646895554452,197.55251699212118,28.579840131741943,95.46779718871937
647.8740687755262,197.87867164037385,29.12198390563021,94.72272973585487
647.4056410475002,198.63385576772814,28.99258581878206,94.05903461213535
648.2682909163684,200.3371990468426,28.658970374792748,93.37782098099993
649.392505803552,201.0831143952454,28.327488322860493,93.01139905284822
650.4428795373854,203.47784959515178,28.154407876945285,92.81735568932086
654.865049222688,204.3859177579502,28.541336435417247,93.36762008241297
653.5848481631651,205.52657397601195,28.02672253273425,93.35014498378334
657.7245014223388,206.68267224338274,28.198698515607717,93.9161046341919
657.0547733739711,208.12631872926247,27.41213346556878,94.6092602899044
661.0309140988379,207.90044762213836,27.673825061184377,94.36131347350532
660.6623635869821,209.1856976264492,26.937382560153694,95.00538303351763
664.6530953540794,209.54770586696407,27.299175976337665,94.82607849992905
663.9979824024304,213.5696339545609,26.676847873059167,96.21210151327293
665.156240030711,213.88642924580577,26.521904834439024,96.75578217769333
669.0311431356116,214.96282826303175,27.274141395023605,96.37711329553933
668.2485926313273,216.80970562563516,27.182865088071182,97.25645055412767
672.1640282113896,217.2892704027646,27.454799065580705,97.50427643276066
671.4393781165368,219.4188447740798,27.88278415747761,97.80695534973725
672.2988211888622,221.37990635877293,27.88827528733984,99.59290722689028
676.5002130165318,221.09831904419133,28.289379952923674,99.16718429402647
676.4494797885786,222.01219648226035,29.017992831692993,99.12414888505151
677.6967590467902,223.50411216803985,29.559134636467135,97.74530358507913
679.0796946761736,225.34943891837707,30.503205718551268,95.55209316435312
680.8425595425527,227.382048959804,31.68589387824914,92.77828924971216
681.845682116008,228.33785889574818,32.49591502963263,92.10441311313721
681.9070297144746,229.55199613933704,33.70971630505821,91.00983105740936
681.7087039908885,229.77586486990472,34.770041749155716,89.24966071110403
680.9889161220418,231.778686365698,35.279523721590245,88.92490947176049
680.6140566094014,231.33781872175922,36.37257694486927,87.97861512706967
679.7369544910571,232.94460955200677,36.81439407275511,87.21268985962575
678.0419570191922,233.42011059620398,36.93261114821404,87.33885718956628
677.1115356415938,234.04699741015796,36.8824981167056,87.67802031588502
674.4894921318978,235.807556417383,36.99173844878089,88.8159704090399
672.3416793905902,235.3088214275357,36.658663198211066,91.69691008954786
669.5539626996505,234.84440687725137,36.65624003941065,92.69933443082863
666.434033895877,235.0384812396195,36.29364393830912,94.4558554772868
663.0610191128841,235.5294614150441,35.841186699332624,96.07725291833829
659.8311289794009,235.26366760190953,35.0946476341763,96.11439292588449
655.573027960336,234.8329626503803,34.49058275793817,97.14455883709113
651.117421499921,236.05521722737058,33.57067995611203,98.57633642818197
646.8694909348199,234.37668387176583,33.09350813495937,98.98447716740662
643.01690046404,234.02754512201204,32.8274085017207,98.05740049611498
638.6516637887747,233.99988050877278,32.85378124342535,93.94140785369702
633.8884504219895,234.5957799310779,32.80206390350934,92.15799297457897
628.8917818003684,236.5089571416708,32.89813952718377,91.6337775972012
624.6070859143343,237.1462781559267,32.69583806957658,90.95534104163558
619.9304654836707,235.7378408919056,32.66034220605044,92.0002923852829
615.5747349902565,236.0663589142872,32.53920355298635,91.6287656288307
610.9916975979055,237.29825171494645,32.93939489194843,92.11344942791814
606.8696614923088,236.73370755066833,32.832495881218264,93.02031758895666
603.2826363856489,237.7453288560496,33.25022800219179,93.1680694983815
600.3946232345298,239.31580971994015,31.940413602372825,94.98122888342392
597.1770933195274,238.16914593323807,31.755125932530262,97.17569658788439
593.1930988545707,238.23057606483474,32.27081288337875,98.93625381183548
591.4158168451538,238.58523772544126,31.722914610495007,98.00821525503152
588.5846010647637,238.96974504038107,32.29076265992286,98.40964117977073
586.6923276894756,238.18091043350148,32.79025830309223,98.86168251820186
584.575893939001,239.36635499272063,32.94417969045499,99.1156477260117
583.4328404294283,238.4582663743617,32.8193076770841,99.57951585494914
582.2494591069143,237.2371808832886,32.912510036543914,100.92009000481991
582.1675305396934,236.8440050041478,32.78919676082943,99.1460744172916
581.9800137499011,236.11119609987003,32.96574362485882,98.33589390507692
581.6652056849299,238.01353136628137,33.19742090725929,94.98370485070686
581.0961107962786,236.6262863079914,33.73005258719937,92.99806837655808
581.7334280849317,236.70348112816563,33.799597759381996,91.20986905050252
582.1916101722194,236.9685245239034,33.91880361025078,90.23282240585465
582.60735907564,236.37713006755962,33.954823036304234,89.74291139025851
583.7293399711282,236.50008329914698,33.75688270681475,89.40832386998827
583.5686215761999,236.0545629130143,33.710100299874945,89.48819775973865
585.3676990534361,235.69050053874287,34.05221791505902,88.4759504465521
585.6930435515587,236.00290826645266,33.507201226126256,88.12596443840198
586.0972621505763,235.36013253919484,33.96904212429021,88.72019738095476
586.3710317327935,235.8771721455669,33.689888727792365,88.15444226322137
586.5727090433226,236.03068426618134,33.87225357294369,87.7002886502302
587.1702350658624,235.77467313390224,33.998682994157505,86.93852115133777
586.5284195646128,236.25290828600635,34.07535856376471,86.52229798944447
586.0280912281047,234.89067856232958,34.15371805708202,86.26662891011041
584.4697022821331,234.32662825256585,34.76794010185726,86.53166386963798
584.0440921700564,234.6209913219389,34.928683312422606,85.3120350829198
582.4239605642069,235.35723787026362,35.065323133923826,84.96235389976067
581.5425022361366,235.6952844302856,35.24328326330827,85.35300081572743
579.7645320626957,235.634597869552,34.98148650768153,86.10352486426146
577.7494545038049,235.18772321608157,35.043326977788375,86.29849351534142
575.7666628524345,234.68174406129566,34.53832922584186,86.32291801715871
574.2030515944451,235.2942761038259,34.213399728041765,86.88846162290943
572.1913800972694,235.08724119865596,33.89711164176577,88.04516400113181
569.6356622641568,234.49094223383835,33.71329546167755,89.00890044981571
566.4678855494893,235.08497520650832,33.68053224062196,90.03828393112678
563.7767210913191,233.42945267985885,33.646658611796276,91.48445629041024
561.0249308277879,234.44253847225883,33.69020047690207,92.09883889529225
558.0468590536042,234.44789836555015,33.63612540496918,93.66492112401419
555.3441883045883,233.94173200642564,33.23182744911296,94.40596741428851
551.8324908904111,234.20538341473667,32.70442529184103,95.53557477871198
547.8221869131148,234.56119079112165,33.260758363163475,95.47936989847395
544.9862169925863,234.06163921522065,33.114582969845515,96.18633393732655
541.4359653759476,233.55125191673858,33.006248693967606,97.09516269655455
538.1453477275686,234.53763226080918,32.899363148745564,97.20343285405545
534.4051255629474,234.11334797017795,32.523169523276124,97.03985603527059
532.5386904996562,233.97009007503334,32.72231772603029,95.1098763116438
530.4490089951198,233.67319461083545,32.628406313411304,93.59789331425834
528.4176092067512,234.93125558529312,33.09728255984156,92.54008137339198
526.6999452463834,235.1144467934639,32.99285465934893,92.54707228668983
525.8011629641916,234.81403073970947,33.12108528894877,92.10941648297438
524.3462425022648,235.464048482384,33.66002725078138,91.44890450378992
523.3632768447814,233.98711969138796,33.64662742999855,90.41846171079719
523.6900931001652,234.1341877621951,33.64014984648459,90.37056625953346
524.5734209974662,234.85742717162225,33.609096788355615,90.51792994708786
525.2175661688331,235.47053130671168,33.99611050083576,90.75808224590924
525.6306612855564,234.98668874052169,33.89456337861817,91.24437353439995
526.4758676915898,234.72036094134205,34.12341738650515,91.61291975370617
527.7262786531363,235.7018516856029,34.50300494255328,91.73791042933854
528.4230734898249,234.90601742956326,34.82308945683634,91.26278049285514
529.4442560574772,236.12585177355578,34.77335075013599,91.79158762350411
530.570093501094,236.16694849997242,34.87988761865495,91.86919601145303
530.9239478719444,236.45355416640456,34.83394141252616,92.0132640531882
532.3706795094524,237.38764386167088,35.123194983976134,92.43709115527028
533.8714427210148,237.0097276668588,35.33697198187209,91.65730368996742
534.5398723195989,236.96042727855746,34.677501333554694,91.06890335744689
536.2273558921104,238.37055808392404,34.597591962121854,90.92554666347701
537.2578197638139,239.17532830533497,34.589973420909075,90.64266017802208
537.9390619721728,239.75987453700918,34.236476907786354,91.15704773901145
539.5653338509699,239.1998543021179,34.19139188470441,92.1087633061403
540.8505675613475,239.47430958495295,33.89926408835406,92.57779469222189
542.2062809268524,238.76588336858336,33.67670130235152,92.93938968534775
542.8947195563532,238.76579356023905,33.38878516777017,92.18842048211295
543.5471290683126,239.14437770860113,33.39127183747777,91.60462317256572
545.438651355367,241.60480805037272,33.90653658954072,91.15404790467194
547.099043078379,242.2027108188691,34.1689693338549,91.10299844639925
548.918548402214,242.02701618860425,34.018097838711725,91.62571929138252
549.345266273777,242.53166197794226,34.41013309625713,91.61946754959007
551.0890252675966,244.15297581871744,34.62591510785495,91.85425852915725
552.1110488768386,243.54881803693277,34.51333113094833,92.19098854480256
552.8859327689956,244.9696359016889,34.613217615852676,91.58221504940596
557.3261888502042,245.7431086627223,34.86409411768115,92.5850711153976
556.9488773429345,245.66102877362803,34.727529166350685,93.5193493089418
558.4357601783472,246.68573577783627,34.31165009601948,93.82516563194619
559.7677779197529,247.19233547852448,34.31514300409265,94.00387029856297
561.4839583692792,248.28349364261152,33.651445272993435,94.83349611859751
563.1794060730591,248.34548422747073,33.99991282052703,95.15010357216437
564.6772296191963,249.7386504736332,34.495444479244505,94.78423440343259
567.1103201644069,250.4237247104262,34.676074492644176,95.0959988288639
569.2644048639845,251.64709110165708,34.139864159879906,95.94842867266864
571.1621307686951,253.11137649746755,34.12041904906704,95.56719898936984
573.3802307787838,255.37468111063833,34.86554112666796,95.90862841735567
575.4575625906795,257.1015484148528,34.899059856850016,95.22607467707547
577.4248730304823,256.36097506789196,35.24928862095164,95.66127489215353
578.5395018829332,257.26683533228663,36.143413484409194,96.41248900043385
580.2471377420565,258.68221156752026,36.36056778964591,97.27619024624468
582.9528073805781,258.4872896413592,36.660592305022114,97.24899768442037
584.2461818305364,257.74333484097,36.86494414553812,96.64422611568885
586.5518423092694,259.17319294481604,36.6425678139267,96.80968047264835
589.2065856993996,259.84984705690005,36.35400274081954,95.7728446298337
592.0514308511176,260.9220170085175,35.869972303716565,94.71658560962493
597.411675310572,262.59080021908954,35.071298303325904,95.14875976999329
598.1645662894655,262.79587998860393,35.12666010145165,94.34136972502114
600.1890029730374,264.3330747910461,34.51430802604062,93.70513338704365
607.2808589217185,265.66460052305547,33.83393494246026,96.07643660976187
607.8855573549714,266.37705452567315,33.3996871829339,97.78920412828448
626.476613679042,241.8885023323091,33.14667075671661,98.4127623724345
628.0032933144447,238.86200136151967,34.130077061319994,99.17189958699308
627.8915284778794,238.60013307248875,34.76246840136825,99.65454152292241
627.2886205154728,238.2306413256879,35.5452712946989,99.71873952171966
626.730828990073,237.92493015280013,35.882538562951694,100.07437088882509
626.585473154082,237.9555590138571,35.70751849493558,100.80033209504822
626.070319409,237.76359366356274,36.06358885302701,99.95784418124948
626.3008946088422,238.76163982558546,36.26083749881017,101.34560958425479
626.1088945604301,239.4801195099764,36.42344700556254,102.19076996644952
626.2705994384615,239.49509135850246,35.89326626318111,104.12140196920359
626.4948883233039,240.00090775372104,35.88330402422577,106.43686301841183
628.338281470119,240.99898412066358,34.29740812862107,110.12093994837562
629.2980031002458,241.32262108985793,33.09004916173298,113.90415316590125
630.4494757567189,240.0165896405584,32.29165823969399,116.71258434157316
630.6399808774902,240.23169273402007,32.46824968844393,117.33606393898974
631.215715250761,240.2137587164855,33.32093490880579,116.61489493048744
631.2881672305707,238.50152452054357,34.08229000909252,114.3245772696674
631.2806762066666,238.67735313716668,34.73726554568928,112.2873857976059
630.7993039319573,239.7150210756787,35.1574911217574,109.89899613382727
630.1317555746887,236.55106129867264,35.37825909426743,106.36090979031742
628.9865389468434,236.43826208971234,33.8890883918279,100.95382540794503
627.6063269337592,237.50056757000647,32.38974297829918,96.54798113665728
626.8807422137226,238.25822463686148,30.491666393287023,93.61418136146779
626.9908247597451,239.47131121926586,29.752960322810157,92.04835487157817
627.2136453900774,240.3139069649289,29.571623670252208,91.6849670692551
626.5126393428408,239.923311307526,29.664432736046614,91.92422925827505
626.1161235815904,240.3942348142985,29.542951207037596,91.1734826781989
626.4850256542209,240.6615609392566,28.810874254163615,91.53020215527243
625.9752238765967,240.191366167,28.361031388742333,93.10029569835126
625.8298346571697,239.74067279520568,28.211764351636372,93.45186160158121
626.0388232549714,240.11396024133063,27.898946684586722,94.97516819622398
625.8716366098163,238.94931815160174,27.87803525423758,96.23538561275754
626.3383578739783,239.08810427568756,27.36238599983927,97.40919051798254
625.4311330417196,239.01021671861145,27.184666999424593,98.41065558450828
625.1286045514836,238.58758305742685,27.096452938979972,99.86150329637712
625.0524192774695,239.13359833803418,26.967478596413677,100.38978411459513
624.3639194417533,238.58785003396702,26.78713013571265,100.8305057073753
624.244732447704,237.29472080949176,26.549402904157283,100.8048499984584
623.7462354007048,236.57049922053892,26.37807336210053,100.67935123033445
623.5543869624314,236.79395164719256,26.705478863338108,100.17261283551467
623.1226829215543,236.27357175640648,26.892001876675728,100.42295345576709
621.9874073166744,235.62509490261982,27.116359009897376,99.85495507593808
621.4448137676235,234.86668838710375,26.844836389295097,98.51347958043516
619.9167662345956,233.78937621078228,27.461176969267022,96.94828820202952
619.5944750394635,232.89261174517338,27.394373513392956,95.9861446784133
618.3066990319031,233.39024538547685,27.597130900370598,94.57787630751825
616.9979816193412,232.7869243347527,27.847438306976237,94.0778911592488
617.364879967184,233.3347522510045,27.804690114212786,92.35496921775552
615.9878787391472,232.28253420730059,27.773695583897247,91.30371582724281
615.7584641853814,232.72509655234649,28.264648398663603,89.60172336838653
614.3568414944133,231.36359437007795,28.458889283071866,89.193450648573
613.3526414215567,232.12707052592796,29.237404923513257,88.79055706032267
612.1149678664141,230.96639563504473,29.201037098495668,88.26520927319571
611.3395434876591,231.45117862227676,29.226671541544768,87.673050253497
610.3766506554456,231.9870804422941,29.000666825493802,86.90401934405125
609.3756998048354,232.09092162634323,28.834316058605012,86.07819496717151
608.5278267472532,231.4287450026393,28.941921447680045,85.38973750748707
608.5495680263235,231.13765950004512,28.80190540478246,85.18065941628186
607.5330433363174,231.39104564759313,28.572983072682216,85.14377279828504
606.1222106202608,230.09720447154947,28.53361721092637,86.48563856197056
605.6412181097133,229.21854976159423,28.640767735046545,87.61245761923685
604.2158546502754,228.01160700430353,29.1325449926673,88.59719004906333
603.1511552108093,228.4969523747519,29.19612460814148,88.86265076499946
602.0820621298765,226.57437449296253,29.089993953677205,89.63776463366551
601.4916181337775,227.4344595046086,28.642490799215192,89.87646323315316
601.2198175007051,225.42838036846098,29.150219978477473,90.70567577714647
600.0870954779203,225.40475268591842,29.151319570235167,91.64077463187847
599.916439530258,224.66774694180685,29.18889769948096,92.55984363143128
599.2896537535701,224.98032466457926,29.00818063190802,93.40418765468982
598.6427707023921,223.78734283026756,28.91597804911395,93.6712848796792
598.3108603136036,223.08866172660586,28.953845092769786,93.6141588095673
597.6196520968489,223.06740216391958,29.041394010715234,93.39401039820433
597.3168099798847,222.3348018879419,29.074779121833238,92.89385650756327
597.1379175856794,221.62879752984782,28.973528394458818,93.55098771606484
596.5736119292441,220.89481387792733,28.53813552451374,94.08653506417537
595.7299214868264,219.3121641644674,28.444679707956126,94.62576327641929
595.6319701172673,218.5832245487044,28.381905769131894,94.19320848122715
594.6951521514051,216.9943938930095,28.556188005940623,94.01108662000954
594.1941116894975,216.39428242330845,28.162207747733728,92.90076530701602
593.3967733811005,215.48176192852972,27.878737716120558,91.37302213977415
593.9393307685565,216.09344712727665,27.376019508076617,91.03335497409185
592.5841715955279,214.0355702241651,27.361222793327343,91.11109055369141
593.0866793896188,213.62854201240702,26.940008236258272,90.81954280545463
592.2323696287852,213.51804477699622,26.93730294694358,89.59178570748196
591.4938030650268,213.9890645199192,27.395951958860095,88.25813315543955
590.8546424644788,212.87820220563785,27.510112193082634,86.51691613742635
590.349614211785,212.4957621026167,27.869728899638293,85.97465635075469
590.2209964415663,212.01534077884526,28.28303128990361,85.51666109336747
589.7783404877308,211.75519959530453,28.70247129725444,85.39596756790512
588.6390519536288,211.29998298295783,28.62711336217778,85.80785460948923
588.6434507781572,211.33425809312274,28.41979248972093,85.3398366824791
587.6992665060333,211.62415406604086,28.29492618022445,84.60009121694094
587.5821138091258,211.6623819496835,28.26566043088913,84.21715191269695
586.7059695684096,211.49339973102872,28.471838163076654,83.19195109064529
586.1036209673285,211.72982421496735,28.575410005703517,83.25240031717641
585.7929759522532,209.33149078930575,28.43220913343042,83.54968419578235
585.3108820734068,207.6069524995204,28.39480830813061,85.84457285764373
585.3410604870074,205.73525801124973,28.743730171744435,88.26295236896743
585.2042929313777,201.14316093502254,28.762475692168273,92.62904273113858
584.9196659499457,194.27382196470703,28.170314912562468,98.42542225944663
584.618239507825,188.89215537243226,27.657491155339667,103.82246582836507
585.1157924822747,191.25930601962455,27.1350402643472,105.74451610029519
584.0129695894937,185.99062604382402,27.819965687246185,108.04382368373214
582.7570024651537,184.2717383331531,29.13689976426462,109.37480260200697
581.5470008175305,187.62806554991764,30.044585998086767,110.43491428175918
581.5433797476206,187.07702822490538,30.31176879194586,112.39558549512293
581.674532515955,186.03522479917922,30.366196913590954,113.78934499645469
580.9956822731154,185.91663594576568,30.610848130547467,114.57445455323833
581.167418546666,185.87522387993167,30.773000771797122,115.75234129839357
581.1549353484272,185.8915551716001,30.810235877293405,116.50177808124475
580.6383387206926,185.97643923508326,30.70645944720834,117.14557353955978
580.6801508222942,187.75497760554066,30.386099363630247,116.34422480500791
579.9027066685798,192.6951161206966,29.919013584297545,114.54177332096067
579.6540588586291,192.76092271734643,29.515399661161275,111.09158283807972
579.586934632336,194.6185955708998,29.30881585051636,106.8980449803802
578.992448621282,195.51547835780312,29.21472112305161,103.17005027106023
578.120928429196,199.1408351460269,29.3100676347716,99.05331458462734
577.3307913068568,200.94886133977286,29.580869914614084,96.44951989233348
576.8042890679279,201.00351330906364,29.33913455005707,94.47499493019234
576.8224967970054,201.3958188276366,29.269063057283393,92.47057471850877
576.4075802239748,202.63014721068822,29.231891928022513,90.090189994978
575.6683105670779,203.46228542152625,29.65586152059454,87.7079458842646
575.2137596523762,204.36895290848415,30.069310882985434,85.83368261032575
574.4627505071443,204.89783653847206,30.480328139666334,84.54356097761016
574.2081323204189,205.38240689147437,30.662045573145285,83.98435985872175
573.54215725406,205.56862092172847,31.035116711875013,83.40047831570492
573.1325029750544,206.30370095713258,31.01608236484158,82.9375097837074
573.0871185589187,206.21624870353156,30.759843833078335,82.28399007559264
573.4013493368993,207.14918686791796,30.512061437473687,82.8122213270048
572.3939075245916,206.48259630903647,30.387535758424043,81.79388476746067
571.0681345661116,207.22891886953073,30.512095791671356,81.89710286954804
571.6931509380966,205.73838362008667,30.41999449473041,82.80990888403065
572.9677201319674,205.94272352376424,28.56040096353706,83.69384234457402
573.2586852147954,205.88187886221243,27.340835566862896,85.82872169872928
574.1371966036609,206.00958176804838,26.656077460457695,87.44053056677542
573.7468920138169,204.90665857790503,26.28890109575002,88.14150033344514
573.3113368389593,204.99589718945404,25.968449150505357,89.24967519851242
572.8461872136255,205.27903496429843,26.11238831616251,89.75947448746194
573.4978837781624,204.7805789151697,26.251575767800006,90.4022438602517
572.5692739194235,205.34063506262856,26.170702657480867,91.63197435212294
572.5453257370087,205.43299416853176,26.199374289196154,92.12083553513388
573.4070025057302,204.30103703115878,26.182918487348896,93.34824673332653
573.487096265256,205.07254555579797,26.05458527371371,93.65014853113219
572.8485818805431,204.48521100567186,25.88160648527056,94.27912667765287
573.3706168140199,204.32092724430774,25.603913888538745,94.08139537940868
573.3536693920503,204.54615710276545,25.694842368153758,93.83840363572553
573.2850123577617,204.20316316310925,25.91474788098486,94.02275578477136
574.4596530325432,204.04181860485417,26.027322658207126,94.01591886430371
574.9522249066872,204.31210308728015,25.966189425132193,94.22012143961672
574.2694067248124,203.3698290535735,26.286780889895056,95.04794138241147
574.8340411549696,203.9093405997557,26.298693856172058,94.57510479917946
574.8206474364251,203.02118800619246,26.262472738981103,94.64457924633098
574.919682285386,203.2320296002157,26.29218156521985,94.57889672013448
574.9281959599723,201.91736004274233,26.42494414543718,94.39051113033878
574.7245037447786,203.733848168079,26.233054596160677,92.4596075000573
574.6287899294634,203.40958760153148,25.981941223563794,91.6389336248744
574.1123755638539,203.8541466793416,25.796258015734054,90.70213765056843
574.0201459848962,203.7841095009967,26.088833576871675,89.1954790808895
573.7848782122703,204.21782517020807,26.301368539666733,87.80576585731967
572.7338117173427,204.86205453663067,26.876285929508228,86.687294311264
571.6633736038177,204.6289577067086,27.340197515940922,86.2894589212348
571.4358765721865,205.94452907747163,27.66312424157106,86.10493306775498
571.7831677487598,205.61211497525971,27.727296797463143,85.85013026784529
571.1771494561074,206.01341793331574,27.50953454129145,86.03567518677049
571.2912833685108,204.37648905328044,27.394133952622084,85.85304696013151
570.4520254307064,205.92102693498822,27.65954577091874,85.68206034809842
569.2641763384617,206.59037713055443,27.467330899988404,85.78310538314398
569.7219333643664,205.18135988817426,27.438227978607266,85.75342592060814
568.6311574071866,204.9696958670828,27.267965861365802,85.76902141646153
568.5450467865383,205.76907795423799,27.549299946533623,85.98260119719116
567.5578522714245,205.83748286055618,27.983623449798785,86.85665945706452
566.507283133555,205.4904495568277,27.836482392423264,87.68766666300934
567.1890671358245,204.738832311157,26.89694913238531,88.91290661103677
567.2203560589365,204.14114259462258,26.456700014598795,89.77200453589833
567.5377721407092,204.72482489609484,25.936576751505115,90.1355007146234
566.7590341746235,205.34605797033169,26.239330684508158,91.07384477923867
566.1524629554943,205.83865077910355,26.92529650419023,92.15503632462833
565.7463763025595,205.5161919454785,27.008682328275256,93.66297959755693
565.397173809819,205.23909342499357,27.04214314185068,94.77144523708334
565.027451676941,204.16651436315493,26.841565713900053,95.4038590532426
565.0338572978021,205.69329653574496,26.50578512493945,94.94537150745526
564.8176766253638,203.81984261337905,26.131291625722625,94.40197612190144
565.0270155962689,204.23912512412954,26.249164503786332,93.19227649141646
564.2511335082337,204.52568000945456,26.24417623654303,93.25332914676133
563.7581123793697,204.1033073690601,26.8083949032772,93.18381189436235
563.5213771925557,204.75293642428318,26.774206080051506,93.17077397682547
563.5831780172617,203.54656978236227,26.856599334680865,92.7244109719862
562.9654122665398,203.42844864303848,27.210479851837306,91.60181636136684
562.4525737069025,203.3914395040948,27.661946982994714,90.49986253518165
562.3171361517204,203.25825195623494,27.923408346242088,91.28390170579911
561.6368465890241,203.6402533497896,28.061616131836743,91.08196410280618
560.7948396520223,203.49064752798037,28.18904362106685,89.81798397491735
560.790595372078,204.3034321167806,28.346051860859678,89.70563021994717
560.4204936648154,203.72693865062524,28.641562335864972,89.36069616226767
559.9230549114109,204.7353859404564,28.5619575209349,88.41672762706949
559.2048457696357,204.20954861919176,29.13491067415606,87.06625688385654
558.8884284508861,205.78149377874354,29.401096876062724,86.73030490207908
558.0707785362738,205.19009976361818,29.554345928805617,86.27254589520514
557.0663937011263,206.333096807614,29.54779792064881,85.68355219154427
557.1014432102697,206.24435644175065,29.13418133067438,84.9921738706129
556.2933478161398,206.92002537148636,28.7342194986188,85.05511404153698
555.6176788661069,206.99716054888603,28.36084204662616,85.23862696377242
554.8558031231967,205.27153504018375,28.568343685034606,85.81779384039935
554.3046450922037,205.86237526102394,28.360444750682504,86.27846288030159
554.2483688216877,206.19032206264353,28.705170391828503,86.12034140445238
553.0940431202537,207.21712255990255,28.709305956073308,87.45085753639916
552.6651155664316,207.07319608425092,29.121177504824377,87.84584098539642
552.8081398902272,205.95594999952357,29.278152568676298,88.51977352445714
553.014473994322,206.2597151911389,28.84792180347472,88.28434489517662
552.6690516399294,206.24884905069047,28.854831823691672,89.36797040078966
552.2409605925528,205.87748253932668,28.56209278635718,90.53427104641725
551.6010032559522,206.02794349278398,28.18872088328756,91.16694014768899
551.7665777241314,205.88912107652843,27.491432177374953,92.46787680644826
551.6308744100364,205.69021268379828,27.76065634261357,93.37235172875316
551.4256405311787,206.5412357869721,27.905025213600656,93.46544257017322
551.903114207028,207.47688968762117,27.839929014799147,93.7389328092651
551.9872720820086,206.89012549781458,27.676683071543927,95.22707938894195
551.6921769349215,205.19957591742622,27.417359238940655,95.99632733435615
552.0343468115418,205.76997940974013,27.25960619710665,96.21345327495257
552.0786499510122,205.86841963365353,27.108698122236255,96.44980844261767
551.9615029677453,205.31224754841907,27.058313122962993,96.59421907751074
551.9916498824634,205.5410050832471,26.786888585070816,95.72168163465524
551.5055026359781,205.0775384847276,26.717062621345825,94.65368909431322
551.4576461225694,205.65496499172764,26.985708988235945,92.27590421843571
550.9093629458544,206.45108252784428,27.26722503772995,90.01697939266998
549.7578995141492,207.26479196446047,27.70068011273389,89.21427112696634
549.5766479601988,206.9440428072673,27.684510084400525,89.33926527284223
549.5995767193438,206.40468636157837,27.71432511064959,88.67083978321574
549.0422448155994,207.773621991856,27.71956849939891,87.35789241945002
548.6201054609837,207.34656632703857,27.86806597770368,87.6785118991856
548.4257056838898,207.00112944127744,28.273090134128907,87.05325884728259
547.615186447032,207.18946426348106,28.46743481073301,86.72410820498507
547.3942105570725,207.5271866112429,28.674326509766274,86.14640553054522
546.3911675937737,207.34545623710144,28.81595935904744,84.64953760451176
545.7672291736716,207.5019905726262,28.660478335825452,85.07051980340398
545.7013677960022,208.87376026738968,28.516880054587055,85.54292112775943
545.7840585025189,208.51908152236004,28.387927819523362,85.49478828092374
544.7480060529055,208.67047026788617,28.354865806671395,85.38648112094424
543.9101082211963,208.34764153839248,28.461544400845334,85.16135256871264
543.4128731360712,206.96518884662626,28.251109537983897,85.71196995595295
542.7427711172594,206.45401590986802,27.76917228589646,85.80216302175691
542.6537324804001,206.26741140555123,27.616953192208364,86.45072406138297
542.6527113680088,207.29047163882143,27.496391233138116,85.97961270243229
541.556175245761,206.29016957689302,27.68225894501058,87.09926476606648
541.5822297341474,205.97830673115647,27.537832744688874,87.06781471205237
540.8285530703713,205.97995865644987,27.229608684431327,87.11706858319964
540.4378960639175,206.31690175033856,27.364350107464652,87.9857591852782
540.3792742240776,206.5385745641286,27.4788963773153,89.14644762389838
539.3711041595409,205.24638001843346,27.79241501323979,89.8478757997232
539.035068020162,205.58593174531615,27.522766269868608,90.83017051833633
538.5488244498671,205.99087194452576,27.67845406782611,92.07320402410717
538.3900001853686,205.26778150368798,27.631958211962093,92.51967810103037
537.6344578262881,205.7272582794495,27.844871409890036,92.38333478710575
537.4104784299909,206.0688043833166,28.161414135003326,93.42411154547412
537.7143709738483,205.65296211743006,28.28164721192325,93.36013251781043
537.3379109802441,206.1895438136272,28.409965536972454,92.79802709832414
537.0820051228218,205.23453771625137,28.57512632355847,91.7642080877078
537.5379617320928,205.97896367070393,28.186761588864943,90.70696145824834
537.514873273593,204.74468201448423,28.466529108739152,89.68025070376268
537.2366902953072,204.79238191531758,28.47014984226551,88.05745315028783
537.2707887220621,206.69030239982624,28.190591148388467,87.56440282305516
538.0265590799794,206.27843077683445,27.93138896118694,88.12550770877678
537.5151461231668,206.20634582827978,27.936630908557014,87.89411800767866
538.0318013821889,205.0798852568554,28.027988988687845,88.40823373728128
536.5385335959103,205.4177253385436,28.684130770046252,87.4783843780145
536.9847867226754,206.0940909080832,28.794921487837108,86.27754512612323
536.088471920279,206.90633292745812,29.28720698309478,84.57467846864809
535.8303995068014,206.83498418078503,29.208238353800596,83.75590458319103
534.8813119649672,207.3431399815958,29.40860791359684,83.57910074018685
534.4684519037883,207.00885790169022,29.614401523713184,83.06153032320053
533.4665536440887,207.32900101716425,29.3957189381168,82.79013625529075
533.7936868814544,207.43898639689792,29.05215028714823,82.19223950381141
533.5493544671137,207.740710203625,28.775529087444234,81.52560091606206
533.2249117412646,207.8738770751792,28.408359312816664,81.92914845719058
533.1277014232749,207.93705232007633,28.613374884883896,82.94934039732034
533.0300037356326,208.02462005796752,28.649834117246957,83.59371210318241
533.0543241230495,206.8923047975708,28.548264749403366,84.85702452686125
533.2595872903742,207.93800060813828,28.226238996435733,86.55962661719784
533.274402453309,206.6573420912795,28.519570269200734,87.17481838197926
532.5956026114886,207.77899529048568,28.624521956892707,87.24056063621586
532.9156843774896,207.17869201308258,28.901308650720843,89.05554588174161
533.6929636986207,206.34788514877485,29.068247544164347,90.48243392642958
533.7233969730271,206.19187894077294,28.836353022057203,91.7269958786616
533.9011915409274,205.41321856392744,28.974929962440093,93.51182344873973
535.1853394803752,205.84606068043462,28.82463239744804,93.87355143954133
535.924220054,205.59220206316954,28.805769079254404,94.99771415584866
536.2881068496633,204.3590039125589,29.200429150342185,95.49661728060967
537.7046769089714,205.68484988352486,28.420149053317438,96.92616027062351
538.6985394176124,203.10884088150226,28.148089257249453,97.1473063111678
539.937424359647,204.5656722808007,27.881501729061082,96.13880215152508
540.5013455320488,202.48780766455178,27.911905782229503,95.6182985692341
541.4825543463434,203.50814402406672,27.42384277838874,95.71402082777374
542.0381781085194,202.36430773625347,27.279522543999366,95.3228854295386
543.0064893349179,202.71458609023085,26.8512831268623,94.04229214102119
544.0170514218935,201.5171819000779,27.50406980915801,92.57315050721277
544.542443919751,202.26732406979778,28.002851916828792,90.35805210088611
544.4465168236815,202.3400960299574,28.520546135108127,88.62563119215588
545.2054942123825,201.435685456822,28.76872311639579,87.16885141870318
545.9348196059675,201.55076120573153,28.628044512453478,86.04984374832247
547.1617520741725,201.7666917138356,28.808713458184677,85.23215438610029
547.6206200031834,202.53681338698752,28.873788097446763,84.65116703316272
548.1941400704886,202.12376892383838,28.922497245673213,83.23670114989068
548.6610744731216,202.5544464652225,28.751082711723754,83.4096578385153
548.5717566045739,202.78098211980873,29.26973949283507,82.822329540579
549.7929940599978,203.6863230941825,28.95363262779421,83.13936818623759
550.053062085026,202.96308519546153,28.983631296155767,83.64985472300602
550.2677129887321,203.72159322994088,28.930714670885866,84.10773329687717
551.1846956699087,203.92197482889077,28.688356283134368,84.11116028166329
551.3870105278422,203.67748194443408,28.776158148287827,83.21493482125234
551.3398689481751,203.22653150969307,29.002878030139044,82.47166571736093
551.7274885751712,203.16034172564588,28.890352244221717,82.58985207191051
552.1460157763834,203.04722942786844,29.195374691734813,82.32963946596547
551.9847995330989,202.36838178485888,29.19760935764011,82.62125823487945
552.5796097946981,202.15176746938465,29.152030611098915,82.79322498543016
552.3845109543573,202.4563330686721,28.9347248180218,83.74172027267977
553.0534170126466,202.62475785134944,29.391345699146868,84.06557102852267
553.1872776771805,202.14829571959098,29.486373678426702,84.77561783847398
553.8394730122567,201.67960121840127,29.323513879665526,85.42058257928343
553.7240754876666,202.37939594289324,29.204172559379053,86.60980834254921
554.6372499286833,203.11022382714458,29.59602936772948,87.08167968605372
555.0675561302728,203.10454857651402,30.005359605808692,86.78341430706388
555.0435391648139,204.00956455253504,30.221663454095488,86.79402661447465
555.1465163444753,204.2359791061339,30.23313907540814,86.51124340464158
556.1929321952011,205.12073957490077,30.203461594537742,86.41049528376584
557.357326958487,204.95426618454061,30.15840591272319,85.2425663530451
557.854028469066,203.38344001987778,30.318097540879968,84.38185595425188
557.5620172781147,203.93823927383445,30.243529069568275,84.51258098988713
558.8700340953079,203.37265619778276,29.976697352830037,84.8381999641989
559.7049539118458,204.19643284285945,30.10873378786951,85.32035901726144
560.1826871029972,202.48514851469523,29.830042324599752,85.78567016435835
560.6587043978294,203.87236962586263,29.877081955592782,86.09792051366355
561.2153400332513,203.62170142605737,29.887704184123436,86.5153865247066
562.2513808480256,202.52330893039647,29.771296726022463,86.89899464568236
562.6289986932081,202.75281529813194,30.040871707463843,86.35400737337528
563.1591646085299,202.30359218041906,29.77840043962158,86.62646739034858
564.2431213035641,202.01728953071174,29.582987254593306,86.4948221156513
564.4298631406464,202.42402213020182,29.64517428407812,86.49367673182998
565.2802314979075,202.79928050218007,29.686051553663972,85.92181160385077
566.2875992301101,201.92258860695506,29.738013448343697,85.95589440896447
567.470307265283,203.80680623446017,29.618521612388125,86.32722155553503
567.7672756789601,204.68905609095052,29.836900845100132,86.80504571798163
568.2396787088475,203.86303380629667,30.22673791085952,86.06880870350328
569.8029422836022,204.50119577449237,29.80123267106398,85.53722179618751
569.7702396231132,205.21279500812656,30.213805364745554,85.16672337164374
570.5976091087133,205.38629585883675,29.847374775579404,86.00932309157957
571.2008331486066,205.70328579980242,29.72731695267457,87.02299237861641
572.0727400708727,205.18458160900542,29.02180159580577,88.47524208430137
572.7968959346962,204.49973462589764,28.323307179922413,89.73773915324863
573.68563729647,205.16194760518678,27.987908053558257,90.83796028748958
574.8111517958687,204.58540589931698,27.72123879597156,91.27677203460976
575.5558973230004,204.7310587330221,27.576852436074695,91.27667266745809
576.1290902435713,204.52484126061955,27.464500251053074,91.81645159472137
577.0464098097003,205.32680848463315,27.432092192174668,92.69952953301615
577.7270903882123,204.66840888025294,28.039194932855793,93.23549251722062
577.6419252130613,205.41550639831647,28.474183972656625,93.62160336736217
579.3801333435625,204.24857328829574,28.41161277391003,94.16419921215183
579.2295425348747,205.9273867879554,28.57084838844474,94.55940200294785
580.192532935594,204.939019783839,28.436945962822385,95.19728324800477
581.0855197441348,205.4956615339489,28.123153785140687,95.34666358903252
581.7969992901519,206.09861321375735,27.731099343794654,95.07206176359148
582.0939363177836,205.37427295743947,27.766255456587682,96.00170455268594
582.4181185006693,206.05657929452246,27.758970695441924,95.14933568583578
582.902939586863,204.9770923763943,27.733632154837125,94.81633945983631
582.9754818266788,207.11540002136556,27.44903351206895,95.37391978375483
582.8583139789237,205.23140904346485,27.42355190535236,95.7528059563226
583.0260937326865,205.26335781672708,27.241780219357814,95.53962437483077
582.9146466093432,205.41607648947684,27.742584609181442,94.28006281706618
583.8519544874547,206.67999657944227,27.700120504341,92.63413916011504
583.826285317512,206.26945603342523,27.657584330123353,92.20940282928237
584.0534196240008,207.0962783753069,28.089351934358632,91.19965573854043
584.0667028182382,206.46901595905905,28.096375009564625,91.32944926877474
584.145226045804,207.37295839579522,28.101455348890468,90.48595711695538
584.0488757359294,207.84074615834507,27.966784609768098,89.67564407581011
583.69359260263,208.9739169694875,28.614815068876553,88.06788776350751
584.3108640865171,208.9384241678202,28.86816103333052,86.72423437071794
584.1818736118636,209.72487497374726,29.26842192050095,85.14570823361476
583.7794794037912,210.1059670119056,29.647594459732595,83.92870251108458
583.1669982147815,210.70296449176288,29.85263076658496,83.8525117210248
583.0260709373241,211.45136007114775,29.978354188062596,84.08079294613569
583.2337311723136,211.2835909050188,29.900266844247085,83.81044559390344
583.2813472971121,211.05780784919975,29.63908215057361,83.91919672360412
583.4274319125765,211.65866392318833,29.64173486745795,83.85368524205458
583.3553502473217,210.86318253442118,29.471029598791112,84.59102588108861
582.6069513210401,210.79867543145048,29.627386701232222,84.57339093498956
583.4704489440237,211.31503412591528,29.1938430028876,84.47178810046516
582.9880091980826,210.13373332334533,29.408770118881023,85.30026580805259
582.1034368628991,211.05573651290055,29.360182455111023,85.97158974357836
583.0101800651959,209.5662959181784,29.635348899714927,87.34711218744766
582.724859291094,210.0298505021052,29.26236040822655,87.08659734609022
582.3512896214611,210.3757565519383,28.939735371805867,86.89315091686657
582.5749145480113,210.3925441899702,28.641631330501788,87.30470524395031
582.8150491053173,211.01666954481206,28.356924906386205,87.89734041187586
583.3018162137537,211.21256539836247,28.48068680824973,88.86690019479576
583.6080035854222,210.68754544917581,28.394592944886995,90.54799097789275
583.598965492381,210.78084227288088,28.55205787103208,91.50256199093646
583.8688229234813,210.41352833437907,28.6575776532446,92.99441466614255
584.1904400455247,211.65345468395645,28.611071674443014,93.28791673574088
584.504592903476,210.91950781794873,28.78190969013466,93.37803360656548
584.5010439567029,211.0011382743612,28.539341995540433,93.98473923646134
584.7072072866071,211.2659911214296,28.700755698853,94.00083506267215
585.3596433395215,211.2059569839424,28.621084961355955,94.60725387399297
585.8676206260121,210.5309589610356,28.807626201744498,95.45682475987542
585.5425438073927,210.1582964697875,28.916535987798696,96.05073984814365
585.6138027790211,209.63037389309716,28.38488384611466,96.12106946664655
586.243396630492,208.76943813104313,27.859331628344897,95.4917194293227
586.616428026522,209.5564653690626,27.98999975516932,93.73862841051053
586.431588898313,209.30506863768898,28.112562533667802,93.6173798391086
587.3681184870508,209.9262186149221,27.955821486685473,93.05200900089139
586.7435176524458,210.11615774232246,27.758440242496604,92.33971009894641
587.2600218258488,210.58975595803645,27.955411172347866,91.80079523223095
586.9664897138817,211.32080112401724,27.89907359469558,90.66365935039981
587.8236850722703,212.2417560620782,28.018770011326033,89.50709279941603
587.2218693719867,213.35222420814785,29.008126007082403,87.69021853997631
586.4918830179056,213.85741070947313,29.6729878935206,86.45758853413757
586.0390570875288,213.51948892116934,30.167619862773712,85.9930374230926
586.1584486593116,214.37342861028327,30.272467390709465,86.11509216504297
586.7050015282903,215.40561743740653,30.401528429409062,85.62679709803851
586.9784472463285,215.06633344243394,30.236967202349454,85.1640979075409
586.2599758372478,215.53255430258076,30.13865220419624,84.89316683359047
585.9905442050871,216.64659503925432,30.093232116619532,85.46604637785204
586.1976018281229,216.20627051504923,30.13271480360185,84.98352957085449
585.6937827984744,216.33331575457473,30.064084905211367,85.48237324965186
585.3694878420432,216.32556722723308,30.325726321970492,86.18172011588912
585.1337648870716,216.5707322798454,30.30497555279834,87.17938217813733
586.1473158722046,216.7671878952612,29.97035891502152,87.06103631619648
585.650077687569,215.94790324350942,29.76459789091335,87.2770119068933
586.1468781304144,216.74101914394004,29.26729153346851,87.47249943300503
586.6443120671422,216.52501601196155,29.24454168007069,88.02630828029885
586.8262511991194,215.87928961777635,29.404242655961514,88.10213149103257
586.9148925888169,217.82393163036585,29.503637425451934,88.96575569568145
587.3659679198486,216.54990840005178,29.545532426268387,90.68512116418307
588.0921431779716,216.49049075961182,29.243956508144038,90.79487092209841
588.0851535623424,216.83699317425592,28.96683973753899,90.85654255403
588.5081860098798,217.04145386602124,29.1096111309164,90.81957286975624
588.8274842618072,218.1222445332717,29.13396091087888,90.53628361899558
589.5423591417023,216.8003711110589,28.831736123050568,90.8224450332759
589.9709707226641,217.0025041051763,28.7471702959314,90.55672139914799
590.4082001207339,218.05923715512037,28.87807925568176,91.09616052501366
590.1597580373842,216.02297448340835,28.9270976084106,91.69704099005027
591.0263617285357,216.7230629874962,28.455309760790918,91.67992622533613
591.564677376098,215.91994093358744,28.245693887056852,91.86137792421052
591.1428752948678,215.87117083532706,28.267836312361062,90.86889186130897
591.7626391376251,215.91451229851242,28.49365579767652,90.09059085003074
591.0137554056467,215.87116856096685,28.716011894216678,89.97604845480251
591.6263921827281,216.33230745207192,28.783914156590164,89.81848318508546
591.3829946867662,215.0503506168664,28.910290292369766,90.11284700884731
591.7980414312898,215.86770704567707,28.90171564172838,89.6961097676811
592.1186195109726,215.65643876189188,28.927690787103618,88.96695466006534
592.5615731993882,215.64728865015906,28.395109134873984,88.62737575149859
592.6837456346971,215.15649621165,28.45417530098611,87.77132213116408
593.1250904797147,214.98676801894015,28.90604493235454,87.25971824532067
592.7229771399734,214.95879901815994,29.380249157575182,86.85282197807273
592.5966407206989,214.93173984266144,29.607201304815867,86.8427832156368
593.3137443195717,215.99383868874006,29.821227401557366,87.47701981913389
592.5449542769805,215.50657401199578,30.098391813483616,88.10692149422812
593.0824854570063,215.62059682084782,29.99817015405837,88.25106223926738
592.8579946731703,214.67967832591518,29.906984211220923,90.03141566803414
593.5295336946613,213.5060052116562,29.534374927775886,90.48489380782988
594.1039917547819,213.15900818283592,29.598837594575382,90.48516037218431
593.7366927236677,213.75630663940228,29.356085541027593,90.03737788881156
594.3853317548288,213.85117836277576,28.829958842555044,90.69621670982583
594.7315602661225,212.47471145520294,28.171381331025867,92.04257281863448
594.3105716404198,212.43015498094007,27.70180641549267,91.86295593141156
595.0053878377546,212.22532198020437,27.410760580118584,91.82657474603144
594.988483672693,211.70555640047795,27.133821793437903,92.03016453118236
595.3622395377932,211.93528851827014,27.043123207921127,93.1023458320207
595.788574250442,211.6198923758211,26.912371352260827,94.21058443459152
595.0721563457435,211.45797088881494,26.799671001188905,93.97722572508258
596.0298220276842,210.53186606725544,27.13340408280301,95.25911613287671
595.8345393453768,209.5723207128542,27.08277577738345,95.20212153646524
595.2477688047968,208.93504209819594,27.07222350241083,96.40809436834664
594.7602330559359,208.9314648855365,27.282605495032293,97.38069997460036
593.7280132003472,208.72847865501313,27.866405510088676,99.03793939197647
592.7923894076654,208.3763114444037,27.947368581025096,100.39445192188745
592.2347377078829,207.6078230532275,28.47046323749467,101.2526972031375
591.8292359161031,207.16941081921095,29.05582053385141,101.87251010858469
592.2604767404836,206.67731048546662,28.853127374432333,101.9855700576133
592.6466268954754,205.59214866883366,28.763718671733056,101.99111831932768
592.366344862502,204.4624314090932,28.736688645787495,101.11899632788334
592.0706431603152,203.02618232036585,28.901053052749493,99.69233116381581
590.9451158530476,203.08558648170094,28.953977298098284,100.54555097739899
589.983760567309,201.92937111818975,29.59091208889778,99.3033650147394
589.3192564871368,199.805648792566,29.77543549086503,99.31031779892143
588.0059159758474,201.08788216585475,30.207819199753686,100.07668091112382
587.3762869942357,202.917715647445,30.64195736956213,102.08831817386496
587.5718224546248,205.2348780908387,30.7833302106094,104.28735872744625
588.6863491994876,202.3415691476573,30.445590512158702,106.306909419824
589.2414948452005,204.28576446749258,30.32754519288966,109.51901364175623
590.2001538437138,200.7882731879065,29.708174364213136,109.97412975347973
590.1889966307679,199.19630819028686,29.90969663662736,109.37526360423354
589.7339080832331,200.9441545428225,30.7305305489542,107.36545282379141
590.3964157614844,197.18954771281403,31.15123092979462,103.91481045048316
590.374743834987,199.8020962131156,32.43868190997882,101.43171593706268
590.7506717374707,199.1527344527964,33.866069908035826,98.04110601882773
590.5809634472772,198.05968789066526,34.24657316961007,95.99331290117722
590.215022283617,192.85294326861248,33.26656396498606,93.25769039754108
589.9596169482978,194.7076875688029,31.07749284355595,91.56508636251365
590.2357311260793,194.25939861034203,28.83504389358698,92.33728854868244
589.7177895835608,192.80622123760858,27.473227145707696,93.343926916891
589.8197058235709,191.45557926066513,27.23593836995888,92.24853804973299
589.7268712916897,190.13396764382432,27.472512676283564,90.84049652053619
589.6429967254828,190.23630305455856,27.429960647884858,90.4381503219372
588.9515741824171,188.49058755560458,27.46140607390582,91.17783991054341
588.2633010682569,188.57680643400835,27.345222996005205,92.42658383250783
588.4950729535409,187.6705919739803,27.153115231267996,92.65291718104602
588.6555532701553,187.4413597575883,27.395614530843268,92.88151545188755
588.7855736627743,186.70649133222315,27.046152599987494,93.50460700699782
588.8838282758452,185.7874430943101,26.72023146784163,94.19974627228314
589.0379655989298,184.14102217033886,26.419509727146252,95.89557095122694
589.1819483121162,183.75312596897794,26.250742094078408,95.94419121764199
589.3552090978562,182.87957400512775,26.294790179685613,96.06062412101988
588.7452949238689,181.29011098525046,26.62635112977982,96.42589168489857
589.0261716806026,180.69302071264514,26.643510291693104,96.28182171226413
589.5434558245042,180.28589915228505,26.135730894251644,96.10487130004054
588.5749980183106,179.45466571723833,26.430858620019375,95.6206210986008
588.2705288426362,178.59423705604735,26.912824549364323,95.41779942680401
588.4497245597732,177.2038424445704,26.927332319582703,94.93484715653281
587.8645971110119,176.4603446608043,27.403352786315587,94.12925162909427
587.3843084639976,175.69296527378276,27.38583246271788,93.4032551026155
587.3836008451615,175.56801783152764,27.507090609666754,93.44987947728666
586.390581459506,174.48043855997747,27.799564369952936,92.84886872030768
586.790999749331,174.2907175526617,27.4594147421787,92.04334345550504
586.1147702882931,174.26902521538892,27.47279225766126,91.03087047166437
586.3541827313115,173.2623396363103,27.733583825271953,90.10990639804058
585.7239681003626,172.93512195315034,28.05905975522255,89.01772838106734
585.049542219418,173.27438337298855,28.665376402823448,87.92374233223867
584.3456973072097,172.24210918128765,29.47021716098264,87.49296872658108
583.695035893259,172.9536965158054,29.766987624534426,87.0165279495095
583.669262692983,172.8471597141267,29.98435442997377,86.27857290782832
583.6486442454282,172.367226690306,30.026453471287347,85.93340837113436
583.8339199383784,171.67645817248393,29.53833225139296,86.12159413801018
583.2874085724933,170.41607916886835,28.85980838091399,86.3991668634878
583.7238662801163,171.16885017427893,28.49421915137117,86.46924323893529
583.4690922670532,169.98673428078308,27.678161785041617,87.59974959734578
583.0316539177431,169.2947735438481,27.319171315234968,87.65562761036976
582.8640316409645,168.96451934443076,27.084045909914806,88.50196549962767
583.1043983503473,168.51596834390386,26.83488842722816,89.26396707639176
582.8123817381124,168.3756634889994,26.858236017084867,89.64258312408174
583.4953647475334,167.76913488700802,26.633743529966118,90.76848966492705
582.5728602960423,166.92722259371345,26.8526237593946,90.09836518153944
583.4951056309221,167.56410791374603,26.953301584813186,90.6229461869439
583.0346634991208,165.91385197165772,27.102748978317884,91.50673720396355
583.2214404398665,165.61354359585346,26.679920201486382,91.89295248693745
583.4039084980458,165.40201346371677,26.63521981434519,92.88331998502127
583.5698817485072,165.45885068479666,26.74992071904671,93.43279036975052
584.2688834923184,165.1929940959357,26.76188417707255,94.46865614346933
584.3474273528867,164.9237408172773,27.137159513072355,94.32651181091259
584.6590347083458,164.58687879470645,27.156410572399047,94.49775296497154
584.9921484026316,164.6810593668767,26.69675745991691,94.18864501436713
585.3937889154058,163.94745092939536,26.73966801943248,93.6624889721545
585.4938860535709,163.84830304767462,26.692905605694985,94.44938554993848
585.8488221950936,162.83001549149742,26.74965091879894,94.12463492147864
585.8750421425747,162.09887630856292,26.813177723854235,94.21055942744624
586.1650813765849,162.03245066232387,27.05326304224515,93.43405949025667
585.3989936071714,161.53759386707705,27.5303690152992,92.59272709552845
585.4139630142578,161.77691347607205,28.020857904983846,91.06734806087282
585.656502718962,161.98397895137208,27.898049089218667,90.32826096140994
584.9095581855127,161.2305867800597,27.975676006306532,90.5083241126284
584.6695056486399,161.43697736313675,28.10293579868938,90.34366069139695
584.1089362096138,160.435403976854,28.087026313055958,90.79834531148137
583.8377122366104,161.5420215482583,28.320409870787635,89.49738262198086
584.2762797945651,160.8472376922737,28.444024581309634,88.76069386803825
583.652975817567,161.88552890178272,28.774629069653187,87.69513568569928
582.2969132543948,162.0078623917072,29.036633985350086,86.96913857932631
582.578873911965,161.87225979672152,29.105612848642107,86.82363240908153
582.3322096603516,162.00379407101428,28.631590034463166,86.2997876685462
581.6970693189576,162.66915030719534,28.765425075733617,85.97144781867398
581.7977951310493,162.77373147264223,28.600772018130147,85.2800537217947
581.8143527925397,163.93310026357267,28.151070176861545,85.70662573122719
581.5633083848946,163.033703166342,27.99575933776334,86.22314234161257
581.8394709928233,163.49342476255006,27.42439615063288,86.37548853308469
581.5605930131672,163.9257838942472,26.968428140485514,85.88599965816587
582.4928667815874,165.20746584474273,27.45546503815439,85.57671128436594
582.0103267824308,166.44558728275086,27.847575182589786,85.79748727012031
581.9815554840478,167.31506585813725,27.87987007139263,86.23605778543947
582.630790344791,165.9424737800075,27.491659715941807,87.19774699235813
582.21566773029,167.25815632824393,27.36668001370378,87.49229546819667
582.7222414693014,166.68812661512476,27.03471503938117,87.82538060263354
583.2748861357156,167.40586696012673,26.497949053930313,88.96236509398031
583.3635430276239,166.85182415165042,26.162407826418693,90.21650724379279
584.3141522392964,168.98571457524562,26.169253172414216,89.61294076923724
584.6341038236274,169.93906021673146,25.8437584252689,90.1106567490677
585.0662723254374,169.79231533207428,26.38986043608361,91.34525456634424
585.8799926999106,169.95539227148487,26.832258211001847,92.19841446640035
585.2256843057374,170.12309668622655,27.636690216843046,93.17638969300828
585.3418567773928,170.79840746237488,28.080443620242697,93.25499215499383
586.1359979880507,172.03962832092546,27.949017568899066,93.2356358508718
585.9750792603221,171.65474053646716,28.10568065931254,94.2581058775578
586.207576483856,171.12709035786364,27.988670257988723,94.09140360929946
586.4210980746018,173.59888583285846,28.35558705173988,93.52140694336741
586.5404546002255,174.65506601660883,28.75943776077294,92.59613589986415
586.2658171522128,173.40367676688902,29.027684684100315,93.32052196518364
586.8774106353284,174.13482338800978,29.573709486972994,92.90390710009359
586.9698158446253,174.76365097136147,29.67911292150002,93.90044523935941
587.6811033814241,174.79689066506657,29.68439357795902,93.84103250273103
587.7329142472101,172.61880598976626,29.57745005345671,95.40547478729164
588.3893208663303,171.57347436863478,29.396932304527546,97.41735897288626
588.8960927541149,172.59342767822903,29.556383500233714,98.34682224200343
588.8037981167693,168.93491306048605,28.780183988513805,101.5693204182243
588.7840006027246,162.61329620984776,27.890795924294956,106.00029387322398
588.1997833795888,158.1318726793764,27.80756668572174,109.6687650377129
587.194419649305,156.4790965854966,28.476496556033425,111.34263077642157
586.6955104641067,152.27126086713739,29.58365633176198,114.12865448135898
586.5031016914257,155.87763203207703,30.622339750937634,115.1740670205593
586.190353685832,157.0350004295348,31.17698460749999,115.37540059154952
585.1096472165032,158.33525809894383,31.617383880958183,115.84990985752881
584.5396128513038,154.17442977635966,32.74447001285113,116.6193814441034
584.5609310736598,155.72534912313972,33.180655739826946,117.71936073989265
583.1364705668063,153.37214239088485,33.95487806693429,117.48083888259455
580.9756103117894,152.1609525873975,34.600354794924705,116.27974460689407
579.7962452641245,151.976955937089,35.03149297035543,114.72959797297126
579.3479577006509,152.22954539019946,34.28168826884963,114.73336173041992
579.4161287918037,152.67908363186737,34.20686886094235,112.46972523903507
579.5232147204623,153.40424071709947,33.45810503079716,111.2805466169241
579.1256422068765,152.99508489451125,32.849421079430485,110.29547610382107
578.977202323051,152.96274914843156,31.671906048802526,107.93247425613671
578.9744409330133,153.63007068967903,30.528474914235673,106.24719206879863
577.9715358592238,153.62066441411974,29.623985045411466,105.19057339223318
578.1917207602578,152.99567286295837,27.792584931759016,103.48292943652675
576.9087201515739,154.7881300722308,27.0520270632807,101.48408627080477
577.1148628364293,155.99482417520784,25.932119165493653,99.27072503893268
576.3109280051502,156.98312369268345,25.689019513476858,97.52109715342608
574.8705635690693,158.14922921519548,26.631858452052455,94.65465617418647
573.6976085851189,161.06918194807068,27.85130393383102,91.85214952359108
573.4260466439723,163.42832128484486,28.186980466099143,89.6032316784424
573.1231329928111,164.0278840733559,28.18523700101892,89.05488981905259
573.0494611242486,165.83750336436447,28.71474313028323,87.38606100704735
572.3733107301873,167.5465453514073,28.878715652262144,86.92452572375758
572.289808368999,168.23149560656705,28.403102672154482,87.13770979672057
572.4944037243973,169.6653620286978,28.074409032504864,87.66417537012265
572.0308426040414,170.630621841638,27.784848839134767,88.27738862578825
572.0638319648326,171.61515473364014,27.389912857897315,88.94794195379875
571.1584661453685,173.17285221917726,27.733038309958907,89.60245660300956
570.4707642028527,173.54060467452564,28.5599106627029,89.75060545226918
569.3262777992078,175.23464610856018,29.17418666689966,89.76544497609152
568.8896335929436,176.39229226304957,29.873983273636107,89.35068503195802
568.4169643762548,176.72522526554863,30.476571247104353,90.0361149749885
567.5769806366068,177.53162097976355,31.200029613088695,89.22555938830973
567.4799806679571,179.07116666123238,31.22613004608415,89.0513919412351
566.5972351717207,179.0864784512935,31.55235459530429,88.30934073211895
566.6167395684585,179.41968716789185,32.100715363024136,87.35568800911011
566.682586183329,182.21482221254618,32.702019073895855,86.61959491793988
567.3630173045015,182.18851720467424,32.57647322731063,85.74192305616606
567.4153489876421,182.14148313028136,32.70639930363994,85.19961732742647
567.6670155756651,183.12408608513365,32.54101895004072,84.63048821616094
568.1674749875391,183.70413130170272,32.3262166071201,84.30453099082084
568.7876584257109,185.8080135717316,32.343676655100666,85.25699041163949
569.4245817837563,186.1852337667152,32.64913368046503,86.54510177757746
569.7780133422505,187.89843100388455,33.02351443611917,86.89554775161825
571.0609217655677,188.63880772064076,32.77188964614041,88.98915826502055
571.290485866372,187.51683672034207,32.260513056003084,90.62188723718695
572.0309360999813,188.667973236827,31.833046126267543,90.83780077343094
572.3790217696078,189.48199303129962,31.848392240208383,92.50293831232389
572.8003094798432,189.78037508053487,31.377104165623564,93.67211011168052
573.2029641007455,190.0126785554217,31.0070244934927,93.5157881300446
572.7665447078388,192.43590960094406,31.07059212251836,92.8493783194259
572.1378833007252,193.00253279440676,31.47401039143834,91.93702594137537
570.9396034327144,194.14098981057174,31.795914833041415,90.25905251993106
569.0170919590392,195.46973141288228,32.97591206933231,88.27547635685967
566.863601647069,197.0066184606127,33.44444893716931,86.40474655670975
565.8767173319906,199.4153579222963,33.80930354964886,85.2756118735312
564.6070049035901,200.36710428717336,33.904993045350395,85.27273519354362
563.4721885591515,200.77667765380983,34.01056299580907,85.30958989698107
561.5735569398669,203.1341897301461,33.82091136125527,85.15233647337342
560.1437901756187,203.83194258579303,34.26264470168678,84.93988175218425
557.2273539719154,204.37733504539636,34.49479861086356,85.231042443024
555.6081896600405,206.22117569187168,35.12416612926678,85.47462054376533
552.9285834472071,207.67938136167578,35.90801348840529,85.58757283635927
550.7046075663505,209.1308490513676,36.206123941524595,86.10790219887323
549.4094049333966,207.8196672093763,36.281333122456346,86.1595561775031
546.8928719018983,210.18736237814525,36.491688671384175,86.63595354061822
545.3597403014054,209.60904638172565,36.42179292919378,86.73867825825758
545.2319049317119,212.15491282567672,35.97554298042844,87.8024109732302
543.5733593137151,213.27355200518423,35.95944615947636,88.53992509468392
542.3238025801285,214.65434893384912,35.99941384227154,88.87460752061824
541.847308928201,214.01110378807027,35.926092848015514,88.85571472597147
541.0230098972951,214.89070614335805,35.79810556932749,88.99871524420146
540.7642366952481,215.38468140077296,36.011008551056165,89.0667141789108
541.3264768324655,216.01004571369185,35.71447398584989,89.12875437002094
541.9675702492123,216.2730186063102,35.83273845488476,89.04391284785149
542.1830330907245,217.2793773447892,35.76421005517585,88.7602358743954
542.3375121047661,218.3658779791133,35.73266503768987,88.41772948642347
543.7610944143034,218.30965631900528,35.75622914977065,89.16624574031336
546.1976637355377,218.8886254278097,34.91729880503165,87.63158393519153
548.261106672598,220.02269859994567,34.824963120882956,87.14736765416731
