597.5,395.5,27.0,44.0
595.4793390462964,393.72159645339707,26.58645049131519,45.568169645848684
593.3785458756588,393.4408523439709,26.604990491648007,46.003993407022215
591.673173192563,393.1052588690174,26.686950438375575,45.71247319502585
589.5446465683955,393.9243841308134,26.87095080356241,44.732369410439944
587.8510253648338,393.1010287042104,27.15181227120202,44.576010195286464
586.1255173456814,394.0720804420698,27.143803403348493,46.19803607213724
584.2240524088097,393.78004623124343,27.653037350425716,47.46769827764548
582.0238716020444,393.77489641680495,28.17897617533609,48.84888006003342
581.3036134726563,394.3173035723719,29.186277769653405,49.69983423396884
579.3839295256537,393.0698035077451,29.41758530370353,49.819358002901325
578.421884141483,393.39800869086724,28.995922402306192,48.770122986846346
577.5283423112792,393.9959143731751,28.536024203506816,46.6747254811212
576.7564630990913,393.5902349916093,28.36156287080238,44.561536571980994
574.9358597984367,394.52550831234083,28.16199159811872,42.52278122711929
574.6137478221932,392.9044438518817,27.61756482333371,41.068199084652534
574.5604032548148,393.22773025856554,26.18607992492558,41.370155812777256
573.442839207971,392.8576132882986,25.729307526898538,43.28443162056733
572.9109703845814,392.7452886949843,25.94971687653954,44.8666336932051
572.4455270713421,392.38945161855946,26.663632254629967,47.121122100815555
571.0411952712925,391.1362434695965,27.264180515449887,48.92130751991162
569.3795232240908,389.91155108094654,27.34256883173142,49.19514374374471
567.4195047214722,389.69289573467495,27.3555702477503,47.9927761964655
566.910885019333,387.84841179719945,26.81279671543667,47.29200694220499
566.1667635789137,387.16792980900556,26.371077557281417,46.252130636152586
564.132505828895,385.1938755584331,26.885163287802918,45.03848500598039
562.1728879938926,384.5457392933699,27.324850503522974,45.03034958189082
561.6795533219473,384.16593918347564,27.083362565537957,46.08110412668768
559.7130290918717,384.9996045444316,27.36883302466681,47.45762764137861
557.8559614384993,384.7809644027681,27.665682173803518,47.868016242408544
555.54826443861,384.0679759000969,27.70204422930731,48.99913175225617
553.0977297293878,382.6999598147502,27.994523998551294,49.74156426970562
549.4179442956812,381.06273584430824,27.853920820401743,48.985995788317766
546.405322524152,380.607025608184,27.181148196773222,47.51632991107891
543.0579657694658,380.0577663656318,26.49701267660455,46.041375419498706
539.7462105495463,378.2999324931915,25.9907547448615,43.996917813427274
538.5939537062103,377.7001258563829,25.357985154021833,42.267318040016775
537.026115075085,376.0559632850635,25.342773734860664,41.808627944847274
534.5232645639273,375.9899394428034,26.23195006082608,41.89767009212589
531.3733466168782,375.4371179227874,27.072627057524524,43.714840718141076
529.144773498462,374.1993576703485,28.0119181269678,45.17450960615952
527.2883887487511,373.36878365301607,28.43499975445672,46.33513991487982
526.0886711048673,371.1073074118373,28.260491427264473,46.73284873344946
526.1862359402356,370.35444845937536,28.50451775237364,46.029085160636
526.7251152244817,368.67388044220957,28.9441507463435,45.04970176671446
526.7585782595816,366.40712939391386,29.084924258124424,43.28828818718888
527.8921322391648,365.4714180281029,29.80201606130221,41.800760065462995
528.349844803161,363.8150747494766,30.514261102186566,41.03872433267654
528.9541342179106,361.7263456774647,30.607485265508167,40.64886880558832
532.8889252518642,360.10497245598225,29.155749400451157,41.838304615847505
536.9279324938641,357.7556796252791,28.103011100533337,43.69575668274089
540.6611546211733,355.7546750197932,27.348417965910116,44.84026033379145
544.633909071536,354.1281082943337,27.21325805276402,45.26186249847083
552.5949314609373,353.46065711444805,27.18759846683242,43.69665485190964
559.4858554447643,351.61337871360206,26.99277328055058,42.83112778748223
566.5336287244704,349.5316864808796,26.730118185371786,41.69669502270257
573.3020832901376,347.2525209846963,26.167517067953348,40.64016166570404
579.8612275901168,344.3083150212124,26.32430724149356,40.058938106068936
586.6537836148512,341.38652921175543,26.770015084908067,39.81374696482058
593.6097690104241,339.0069600466864,27.419318822265623,40.51778914551407
600.8209293002104,336.1233828964296,27.013922147112048,42.34235845457264
606.9024703012481,333.37537944615417,26.848858409807296,43.453170099843916
611.3546006165753,331.0802481917204,26.470711289284438,44.20055903540825
616.1344969638956,329.8803116285883,25.831653000161552,43.47009182391914
619.9727270695797,328.4728872126199,25.173211988164596,42.34820931735483
626.2034815821788,326.24111950723403,25.745086332412278,40.79061941150681
631.9442521914692,323.8786466883605,25.66698749664388,40.41346896847385
634.8813316049333,322.1900491759353,25.55233441846466,40.02585486170187
638.1227790921814,321.26730314129907,25.54592898788311,40.49565945100157
641.6022718602086,320.6038119897863,25.306132618851596,41.0534377335268
644.3915380926367,318.32046019723975,25.900617178989258,41.213984778703015
646.8122390182104,317.85369216397424,25.010501643759753,41.23441392689902
649.1559580954752,316.40685463926866,24.643909570010283,40.571514631675186
651.1320223746046,315.9803957949668,24.47637101762588,38.586584372204584
653.1734197341805,314.4386034982315,24.06148329806239,37.646248429633914
653.9436210996915,311.6996378091585,24.66677220026473,36.71999355900067
655.0060900606953,308.8393296597919,25.329198045881018,36.1870803090889
654.7926602336973,305.86620516779357,25.911300828415044,37.41585483248366
654.9402921996779,303.64206027340407,26.32731849406841,38.22266369856373
653.8926370211714,301.72139593095625,26.113734455253024,39.604767682531545
652.9517252389411,299.3495139644335,25.803558584288865,40.50218547566914
654.0886804907113,298.4805432891893,25.44278670875438,40.30016670404913
654.3312624870872,296.7824130724323,25.431353309922365,39.37827995509856
655.2956021923662,296.7413152099562,25.32226542158113,38.32111131828776
654.6519005769786,292.56663157592806,25.237954298794836,37.7542741338294
653.7618882512548,290.7692173846307,25.70341579506816,37.05879547144125
654.182494789092,289.928336874162,25.675520077887715,37.41856361823312
654.1421462727229,287.9315124626457,25.43169962214614,39.33560974389327
653.2468148397106,284.85673862131665,25.191971271892733,40.90615266199452
652.4312947203415,282.66682462549954,25.046228521129088,41.9589778898805
651.3482382582615,280.0408916522831,25.0891863282541,42.528191362863666
650.659756334587,279.2345003195575,24.727970253499173,42.43229363700324
651.9144053023741,277.91290247526535,24.72923259204913,41.39470939165818
653.5829128978005,277.05241284043416,24.815029624630828,41.01516185162811
652.4555700587318,274.3489162166674,25.6524826701312,40.76977987790922
652.9007507494612,271.11851320678176,25.792226998702002,40.28058894943828
654.6949588604152,269.0237235062405,25.74512847813368,40.11122059661459
653.859339177963,267.47323136410813,25.823447778112104,41.2820879890184
656.2510396707153,265.1119450720775,26.162405114750925,41.87010189540622
658.5289737855351,261.4305384309138,23.006791849939987,44.57604099789357
661.9575157169047,259.75562947301046,20.251992895495228,45.86567872647497
664.8391592501962,257.91933930090136,18.523280814416395,46.73285512286297
668.8711883982917,256.27720160469073,18.303026877661626,46.7239428970286
672.2068476763675,255.46515158030613,18.492149052558595,45.999625663693294
673.5194218481574,254.41353427410155,19.730545411508558,44.075840298532846
677.647416028072,251.92353902289977,20.307989249250163,44.3351004962184
681.1124988851228,251.03456794026866,20.54063672179407,45.217194268040394
683.0721519577586,249.93710971324344,20.65873702107198,45.77080920937259
686.3410919426452,248.33051127019607,20.164984992430423,46.35611670070722
689.2375597851944,247.49138565898525,19.658102964863588,46.636195663798105
694.8009231368804,247.86503201029493,18.541560549516518,47.18558674947833
700.2933852631584,246.61408259074068,17.27571149990273,47.58668364385413
703.7024889689685,246.17300591361,17.16757040679421,46.95603201306909
706.424914082196,244.40424626674988,17.556795154399463,47.611851983135196
708.8002163500357,242.52338243281253,19.00351727887616,45.36279407132848
711.1555224958654,241.20214519703094,19.946181907535347,45.539778201705154
713.6696331050034,240.4686821906651,20.937064216328494,46.12484711728794
715.8575071271348,239.92416639859476,21.280575434150734,46.71216959784434
718.8629997661775,239.11867008607877,21.37553765057205,47.41601165629837
721.9991084491174,239.57732447445153,21.318895502892886,47.55568432391169
728.518263749581,238.9888877650657,19.58834514061321,48.329372434703785
733.2321696136863,238.93025740973306,18.58994434685079,48.890873119390946
734.7884906811304,238.60572320493537,18.458220380984372,48.62953100557171
734.8625649901394,236.41502888376522,19.736999329494708,47.77609022210029
735.0795854342597,237.29348973161748,20.674567771431448,46.385972470506594
737.0880774336993,236.00310738152686,21.438443242919718,45.696551938525396
736.9208753936359,236.78424540186194,21.90458303533622,46.610328897351685
736.8259143490635,237.06169431800384,22.240441330464208,47.423785385594
737.355204764701,236.5009876332932,22.604122094915084,46.97541828607458
737.7648049598216,237.05391433228647,22.158892302656277,47.667421218959575
738.893353287134,236.15429830202334,21.047453187399334,48.6973106781866
740.0228758019623,235.50613716843966,19.883129832661776,49.8632995962452
740.6623308947215,236.4099742834526,20.12269136497776,49.703903602608484
740.2713450668132,236.13915458179193,20.855502629702173,49.45305389450634
741.0826478899517,235.77454184700068,21.30766004304132,49.98353521607288
742.3061090881243,234.46011083151046,22.05354174482516,49.24829655239691
743.1778752331011,233.6265077137229,22.791372036124862,49.11429858341273
742.9982352819623,232.39397659880382,23.43277401396021,48.8434191647676
743.857850412826,231.48256745732402,23.679829457799066,49.87106487559126
744.509173873158,231.8835906491936,23.96037297826671,50.53284121428713
746.7837076832785,231.85268382833112,22.991393973443095,50.64580040960095
748.8650772604514,232.87513017175033,21.9538631969356,50.471935788444
750.1884595171784,233.82737997997526,21.354996022348672,50.524172140583886
751.4092835008101,234.70618071237627,21.25356254597579,50.927731144837104
751.8644956383182,235.42629881426467,21.1656569772813,51.03592860252117
755.8092090783102,235.7003845853245,21.325464487555955,51.418172690742054
756.0914638132018,233.19178891411977,21.73824689981108,51.389900471139825
757.111234141949,232.71498547218644,22.308700892203642,51.35556036785438
757.4822509731632,232.76008606091352,23.6264988490379,50.76902252167045
758.3632756081272,232.47989823277416,23.706965405335232,50.95274221190569
759.9785873822706,232.08589663247722,22.883335007759463,51.3449603787967
764.2620748924829,232.856007401965,21.41456316955533,51.98936494226866
767.651387809747,232.0549827984343,21.001804472936207,52.59902703337466
766.8484884618506,233.2033811999676,21.013370847943463,52.99208270642812
769.8449328967312,234.69737545945782,21.499847803835404,54.09675699872696
769.2745989604025,233.3614914168566,22.304650208705773,54.031007488638245
772.2426014905878,233.1845855825345,23.128910498677005,52.838652856508816
771.7022648859594,229.1764059269861,23.455093690043018,53.07864593377995
772.7212169388239,228.64685068635998,23.82245014721081,53.29888171734692
775.5422734482819,228.02486415193835,23.624929127348743,54.29603052166386
775.4994234932103,230.64025041841458,23.347696087233565,55.1132235152922
779.3053928137767,229.54658325205028,23.017034148981494,55.64694439987779
779.9503010311402,232.04328843537746,22.361632983152816,57.147362329884785
781.0707438282327,234.35052652998104,21.045365215906223,60.0137582949135
780.2481887131075,249.35690437605615,22.117215913705014,60.56083612937458
780.9802116362499,232.9158732280526,20.933830011239202,63.48362413338955
780.8973343055765,229.9366940277808,21.202597219483117,63.44442537069458
783.0861510350378,230.54542302685584,22.76756877917623,62.91664580310176
781.4198512015643,227.01947157037426,23.865640619814076,62.611604155060284
780.9268502410737,227.18772229219462,24.077708414894836,61.51889643738694
784.2944940969955,228.98249543653998,24.358580237505507,62.75435472633295
783.7014763793362,230.22553044492082,24.18905274748534,64.06818404924717
783.485886228565,230.79324522049683,23.80278687679048,64.73276947078196
792.0323465255889,258.52342473138646,26.25849604348494,64.30253129861204
789.4370714999928,260.2225461891315,29.728591640255008,62.45705422937441
788.1921364808919,261.4904505410145,32.65005864305459,59.91405288038644
777.192262337796,234.10358094410574,29.84016985954427,67.19638658714341
777.747720213038,230.0825476672013,28.27328793445786,68.94303440163341
777.0361515141037,229.6976915896929,28.607267154950456,69.72609448692515
775.9818051319731,228.3646433710796,28.893805039641663,70.43043195293747
770.3366040045296,226.08478720479292,29.35129484946026,70.05418923790344
764.9954546039212,224.97215688636453,29.27837133012045,69.87455838382394
760.2830891736825,224.97846402702754,28.54666527043201,70.49920746013717
756.8987973629521,224.82640926138552,27.111545965256948,70.54542077669767
753.7874037788008,225.25739296060388,24.975059223036983,71.12112539726576
746.7105154556907,223.9601305486546,25.162876320307006,69.20189394598731
739.4268053048503,226.04283211056313,25.4070363146759,67.19037237200547
732.0303014694489,223.06637346098887,25.815002748601376,64.32335673353194
724.5441321685674,220.4740716792561,25.961683505820787,61.13996503485147
722.7708797094868,224.4535625064104,27.17978518950016,60.26333935664756
716.3922924319065,224.4460298409527,27.750961781709144,60.5715292143021
709.081957280154,220.78940491305517,27.87395237482579,60.550868128019545
703.156104178694,221.05800192247952,26.398667496508196,60.023486187609535
699.1686857611763,218.69679876235915,24.225663831665464,58.806177122413274
694.8424987280131,218.78037802054425,23.521763293194752,57.620476316309166
689.202520828734,219.71113276613167,23.56979217372311,56.97535576594548
683.5373013400028,219.40670147519967,23.228629855714114,56.135948742172914
677.4522573682481,218.96812293193383,22.913028636015824,55.53692360633822
671.7186491213528,217.42830861506295,22.537493626815603,54.371530896848796
666.9532073915137,215.49586002229967,22.146041461798852,52.85309058466419
660.4500232362378,217.65178859682933,22.11131594605666,51.73588623139648
654.4111279273405,216.5526046180749,22.35657368116085,52.28992464102325
648.7636594432831,216.73630338270036,22.503960066389865,52.3344965052641
646.4209214264736,217.75657990175404,22.81645693588552,52.36071425916418
641.8772862193099,218.25449836367878,21.408398447014616,51.784880153422314
640.4882804554691,219.42032825891505,20.550053620936424,50.81881749181785
639.5187621905595,220.68414691684504,20.427591031950776,51.43770436686061
638.1892103962685,222.1279131857675,20.150262497348393,51.69510338380998
636.6468637005764,222.03525148559126,20.01129232023603,52.171242018346746
634.4328482573584,218.99259532496288,20.40668370319295,51.30405304260645
635.3704565181205,219.55933219296088,20.214220744596062,51.64880954457123
637.0139087601744,220.0143845503834,20.079320502431433,51.24159207871911
638.1887054211638,220.42485737358516,19.99175158307126,50.999051395332096
638.6456275884882,219.78854534466848,20.267213269159157,50.78923891542284
641.821252298385,221.45983433767697,19.968020161926464,50.91016929694433
646.5954399451354,221.9432812760981,19.052972352556687,52.44025346461194
650.3025813900025,220.41728318547297,19.48738521782729,52.52469364610637
654.7652669907927,221.1690852304144,20.07918206129082,52.85139918566381
659.5123831572087,222.56418392394534,20.82917332312445,52.86782668797573
664.5077842476977,222.4102275317026,21.04513059496619,52.68384895260379
670.9594611829738,220.60305277605403,21.330242796496574,51.423425915225366
674.9671218587838,220.52596426367603,22.5656119050815,50.03773124732392
680.5264402054288,220.49949346598538,23.004616241149428,50.44567307039494
686.4049689558176,221.06006622367482,21.969466356033486,52.58186727097368
691.5337343617904,223.01103979610514,21.476839566304825,53.81506197563087
697.9903330974423,223.04758411180993,20.742671559722528,54.64939213170074
707.1151588703439,227.64497504941158,20.80413718616073,55.70379677230554
712.324040328289,225.8967319986364,19.58876494104664,58.38519335006363
714.2266698580859,225.3106156029358,19.071034634733635,58.95122222777614
719.0652486565849,223.233708069285,18.900833138199545,60.041054569934296
723.315910148894,224.29863842276762,20.148738631059423,57.854013845736176
726.6028536960516,222.4919264353545,21.001468205445207,56.23324544919403
729.7910793107113,223.77059764512438,21.849903393514673,55.44685060522339
732.5488360024171,225.110856919815,22.203012313112175,55.27037086657212
735.9647029971165,224.31847840794683,22.570016898695062,54.853447277744394
739.0342196616064,224.41937212221248,22.608816650007093,54.82233335368489
741.7974452849054,226.79871136587204,22.507692227597428,56.00450893893655
741.9107270417209,228.61665413416367,22.221889125288477,57.17008700632668
744.3389290121104,230.70537641111642,23.39132069857795,57.99663882464408
743.4985202584907,231.4850525914364,23.567763344100342,58.74523362281759
744.6804927056613,229.11861159536215,23.194278964781304,58.742860373572086
743.1155856452931,228.78896206967448,23.205189210166623,58.50467625491491
741.4289782171892,228.70502782422287,23.67331659536616,58.874447418466545
737.2300025060413,226.489239719589,23.855315144432055,58.875660449481146
734.054322777536,228.36576069027237,23.78644182861562,59.03410298801855
729.2291536311982,229.39832936500468,24.252638962233505,58.277376044666596
724.7716548061946,229.13221516796818,24.391975143734836,57.26119712253171
721.9745261551981,230.16875304491325,24.42882840443764,56.08678888296576
720.1176052125344,232.0535116379696,21.72672619033866,57.290886389541065
717.2192951772397,232.83522392916365,19.954871968172846,58.334590427300654
710.2198822556181,231.91102924367667,20.862757335952324,58.04703400130806
706.0531153961809,233.80512415874068,20.49699982557861,57.43572119296959
701.4016882135728,234.20384381127323,20.845311077086393,55.874710267916996
696.6888243012262,233.41143305223818,21.84121216532941,54.2254204769356
691.5203403214656,233.37653659264345,22.30194702395947,54.4365874029925
686.5103081848869,233.87829461870996,22.776385610471472,54.20217952709086
682.4394900784408,233.89291682687232,22.792823459105705,53.90650571628255
677.4531009129838,234.17324842355134,23.18128935105493,54.059553903883064
675.0546913576158,234.8502582559606,23.235869940215103,54.16637649084221
673.2772029587695,237.42134711496303,22.87922302155321,55.07549643747966
669.2192257625557,240.31160064683814,21.58079161838755,56.875544812724826
668.8984990689466,242.78211565498518,21.11577966594505,58.20154026716436
669.1126907208929,245.5407912067175,21.27740867398769,58.641192280307415
661.4831482131042,236.56159287274082,23.47359505370095,56.86690004445218
658.804029037519,237.73477381184156,24.462498230310977,56.040534570898494
657.3623116699345,237.23066375257974,25.155324940882732,56.956236553516845
656.3853924673934,238.98641097717348,25.33403831926193,58.51304855040487
655.1624356166056,237.28369179033893,25.34727451343693,59.44929394235397
654.1934099814742,237.56006880773214,24.6148331346215,60.47564862262496
654.0633939312663,238.8903196148149,23.614409984297208,62.40156706766353
657.0126470537851,239.1377938077008,23.637382010743874,63.498060790045976
657.5954397436915,245.83717277434832,22.134997068954,66.98395976287891
656.323718884838,240.49376772725788,22.561984423791806,66.67627065051681
655.4947378500865,239.29178285022238,22.62551783480931,65.91911593673808
655.8099871197393,240.2322245790055,22.74070332317552,63.69090158112533
655.0787415307171,241.14066386045133,23.290997805415138,62.399976787917524
654.6564421788556,241.94550279099636,23.92581706778152,61.419571924206764
654.0957956593379,241.25009822495562,24.326672520509337,61.42950177333688
655.3750281762277,244.38262877820793,23.66608970985918,61.79604009310179
656.0154686335101,245.77450921234444,23.29779327891788,62.17036695523649
655.7303155401617,245.53217673790135,22.980233445411987,63.24776719465004
659.4955090479064,250.26778685518406,23.17826716432827,65.36562395593421
660.0047343904891,249.38551145441133,22.50273261018222,67.68329990053081
664.7913007263068,253.4235876013321,23.366730866586465,68.12225285418685
666.0038319088978,255.71220826163528,23.42807387402398,69.5932765138966
666.3729528172939,252.58093769586063,23.824705685848052,70.10676130618202
664.9832329352204,249.9236747506277,24.682730717062256,70.13461794234489
661.6980001622555,245.1196447674597,26.752291702902745,69.62910388066578
660.7959614910095,246.8578461325376,26.389119127410858,70.28329158935273
660.7588857047095,251.0725863646987,25.980982399019794,72.50142369674684
659.9258055002574,255.6480928351153,27.165773968183295,73.6388915145806
659.3388906446046,255.83908610944556,28.166200595210775,75.14976657061067
657.2119232262331,248.25287737200426,27.96714633054375,76.22627492684094
656.1083133804066,249.11935554095646,27.225018049327055,76.5833804919364
654.9215696500129,250.44783183776235,26.970037473462686,76.58916765204773
653.4146363241883,252.0375274314059,27.218234540837553,75.99696566230097
652.0337755833957,255.37337806053193,27.702508560340878,75.75870461248391
649.6233185160761,253.77668388329639,28.043307758151478,74.90994056216988
647.2800361787259,256.5807270747231,28.795114961767204,74.54432015221687
645.7897591590013,258.96636250821683,29.561181210155155,75.05905239802237
644.1824651213761,261.0029715715015,30.236214212620947,76.52160373403844
644.7134213472856,261.30758743495005,29.91800709308139,77.97693075157191
643.9575178086947,261.18343164111957,30.217352341077593,78.12706049547523
643.4715526191607,262.48545064708657,30.66140038257541,78.16518456812071
643.9891107763987,263.0540427790615,30.632589524260897,79.3540119618857
644.3141430816174,262.91966550690944,31.361231607472654,80.19122077178433
642.7872562730532,262.4063836037259,32.83549334372652,79.95092755014383
642.1905036226253,262.2364504725841,33.11738583587794,80.9611440660094
642.6237740459346,261.98111446288164,33.25164977117299,82.77083399160335
642.4178323809299,260.98430479901094,33.32866499791676,84.57780939105535
641.1920835353792,257.06997461431786,32.935394641685406,85.50805276443924
642.276304223865,263.88179083109196,32.661557470798826,85.45842259682121
642.0987030159506,263.8471652708265,32.74664728272495,85.26891913613915
642.8581093420938,263.55332683969215,32.74669628185924,85.41449967563304
645.092348664555,263.142935641438,32.68155893027186,85.33239431054844
647.6640842670157,262.42180029667895,30.97861850232783,86.4254657944295
649.671693393622,262.9877810487126,29.722362880340825,87.41521769024934
651.1019842364126,264.11369049049176,29.342557981563907,87.31459528648838
653.5402952495145,265.3565991350687,28.98008085282102,87.02205106480898
654.5906788541537,269.11175165466534,29.365678008166633,86.14366731696686
659.469347874179,270.3851057420219,29.707255068213694,86.6110618396263
659.9982329538511,268.54597228509743,29.480768537809944,86.36729329777147
664.9641680774997,270.22655343036837,29.33415086161879,86.58382256225275
666.1599721470983,270.85062470352585,29.563544204431473,85.54892314280696
672.0883019823618,271.6515059017126,29.4900247163995,85.62604406056616
676.6418647420078,272.3285479677338,31.1335009656013,84.25801220974705
679.1266583606397,272.7680475481399,30.800966741185505,84.63129316501602
683.9746917701632,273.47740837725615,32.5988345534862,84.37174809484203
689.6873819259424,273.43358302641025,33.23088260191288,84.23149277803822
691.2596249443034,270.4162977834111,32.662763466588686,85.23429494204565
699.6420197628029,271.21420513380764,32.20123081811505,85.45734375233802
706.4466872755014,272.27283738607105,31.63857719683192,87.91640084967887
711.7199350924313,273.72103010169224,32.20332862565509,88.85121387233971
719.230670309211,309.2876276619677,31.8031169277526,90.1417248064763
724.6825552724799,313.149739729728,31.993854218621852,91.79685228686138
730.6196611534873,314.05920139099067,31.893590172366487,93.17108592196251
732.0763938663013,274.7974119162529,30.867259060321782,94.13290492270752
734.3180658285115,275.1707398733936,31.078759381811956,93.05374372268622
742.6726758368574,274.5069117873688,29.994866475410888,93.46712401010755
745.0196827952943,275.9726844490548,29.213508388920204,94.37073655798194
748.0584427904388,309.0383248348488,28.777023001750216,94.24287375514382
753.8713949485302,319.6003205561127,28.929198672139556,94.70267404540408
754.1006966272818,323.7078306442183,30.26605315460243,93.96073116640369
759.0655823500498,315.7664827756913,31.62279122292135,94.31019612190244
760.2796477134624,305.575116651855,32.43070847926551,95.19452482038072
762.4824843539137,284.8527604952739,32.76853590789664,95.25156089452923
764.599228369355,286.72259339169267,32.84946094769262,96.16624872031352
770.9306645354573,283.00746253162527,31.577081054758224,98.37473776970245
773.2536406670184,280.52498206554543,30.838730863397963,98.76026096916564
773.8942324035703,279.32377280371674,30.73340100033314,98.22030454813614
774.3422087284657,277.7242872713013,30.93328451310947,97.06484350694895
774.9229653386479,276.50927724239017,31.883363585530454,95.35647731522894
771.6441089112599,323.8144021024342,32.41148631045442,94.230747553637
768.8173653183753,324.74833750460954,32.87819065930938,93.26950291419948
767.1966498689605,326.843097370132,33.004105133959804,90.39437420011471
766.3765181585638,328.25567917878385,32.716082836789056,91.46091895683446
765.2996900194894,327.631392771931,32.74648958414572,92.3638653567179
764.703740010465,326.99931246651425,32.532124343405386,93.79803975291377
773.0590115168736,281.0692977168674,30.966612305930003,94.49246561451206
773.0456042028368,279.8206541082543,30.2169580609798,95.0389065173081
760.9098329936281,317.64813253507475,29.29252040737561,94.8620685601515
759.6683272994595,325.29273685703095,29.206173446866323,95.15082565262831
757.1005837195057,323.4866582323671,29.310013878258466,95.31600218715803
754.7000115635773,321.3490252777642,29.50409012828673,95.39511827031403
752.2975516944019,321.44602969722246,30.50647624008101,94.38968916953762
749.4776653410468,322.8529729046603,31.725910792952053,92.71968538691752
747.0846796681058,325.3825743655647,32.72287948189756,92.07200819142699
744.7330413641407,326.1800164821697,32.82901005558685,92.22788224850785
737.3926896150521,330.13970316198726,33.51417674956505,91.48737336793775
737.1003105687047,329.0483638601547,32.66457505336503,91.77573339097539
731.704337883962,326.4296900013595,32.268298491392926,91.05732396745242
730.6525256103606,328.7433654064039,32.05952198230598,90.90849450440966
724.5775682285293,325.07084974176945,31.772347779599016,90.93186436135792
722.6393222796835,329.5942172247613,32.093532050566445,90.7968649300423
714.8818181292362,333.21363601408297,31.997479255269653,91.35054644395873
706.8930333257783,333.5804893932549,32.57866653033712,91.68312672632533
706.4886350861792,330.6757477202797,32.031385100065876,91.33179483332312
705.4793029062853,329.0053189269078,31.44614258996526,91.49425667192837
700.4476097166284,329.09593511085836,30.080653046122375,92.3490925050923
694.0617532043269,332.6666352619721,30.41640434739778,91.46975665980463
692.0605923343671,328.47437220562983,30.127123475775562,87.0540222286659
684.9631301721001,330.4645504104053,30.295770258195258,83.82757671827727
682.8779107789466,331.90276344136214,30.03634177689368,81.33281999888135
679.9143285941326,332.46656521460113,30.166779919715047,80.43929918102775
677.0297339827031,333.37678575450434,30.15991285290116,79.82469654307016
671.180653121002,331.2884422824132,31.38539448444538,77.7876789012233
668.8107496359798,333.4535086014981,31.886429539054006,74.78390565426608
665.9019025475245,336.1293405979706,31.916169385520277,73.97361539102678
661.8471910615383,339.66095862775813,30.39714768586191,75.33526984964018
661.2009396719723,338.6121161904743,29.250680137616627,75.68027954854111
656.2054094521429,339.22345497563225,28.17336117511461,76.15307719890538
656.7994209019274,333.96303421249365,26.943289016598357,74.52564907186229
655.8705865437337,335.93022691231096,26.884495430777797,73.3244248832415
654.5257192039065,336.822342365958,27.137145435597027,73.35721641876512
680.1000386069408,291.336014803715,26.500923469128203,72.22782839139566
681.9279075247086,287.0919256497141,25.505923624925252,68.48809475023978
683.1223304655998,287.7732414569447,24.13911536845586,66.27765054279536
684.2535382623107,288.2744153086877,23.34334430056203,65.5319309950176
685.0758128916139,288.23694717592304,22.585431418336498,67.02338129958655
687.155475729816,286.81718552619714,21.645558599903566,67.87152259620785
689.4558360510753,286.81578131358344,21.492168909075673,68.66410615456807
691.0658789508407,287.35462350936757,21.298035210298714,70.27321270614561
692.2984067562363,286.9389801028517,21.27905193951893,70.75803849131674
694.7774740294569,286.81661541938024,21.41641261707678,69.6685952517914
696.805848165032,287.87004019999563,21.521359826273184,67.80105665550258
700.6438012998855,289.28544284984144,22.034036930589785,66.93152943675126
702.9963089618592,289.1341337387873,21.15138712902696,66.20913838437687
705.5266552180384,289.4739898076655,20.960319231384027,66.36893275354036
708.7097133743498,289.28666396274207,20.644580764525465,66.46227778917233
711.6673860181611,288.43579318878085,20.620731181553765,67.74615105072353
715.8416757646525,288.2042055890658,20.74173806094658,68.97244600732908
717.2219456312465,286.69513491813075,20.530503051498037,70.25822400596027
719.1437812541902,285.51820468003365,21.154226634406932,70.37440237804377
720.8368227361829,285.10675997739537,21.474303738933614,69.95971959017461
722.4187832664221,285.8058409973526,21.764223411029604,69.69290663702152
724.4653466884198,285.8883745242929,22.163093809008252,68.65762702820942
725.3871199853506,288.7783361776615,22.685982266110827,67.6801791738952
725.9370820665322,290.3249347539678,23.08581300944843,66.67594982142307
726.8691739864594,290.85390100651944,22.65953841508513,66.08162277982454
728.0466650641907,292.1874817883328,22.031721243371813,66.58063562797159
727.527274791005,291.35204801831793,21.74302743404565,67.30813842858319
728.1045291994974,291.52824974236745,21.42932265749278,68.66635931768053
727.5909802660524,290.0473561367751,21.26647423055199,69.98072826829095
726.4472335144719,288.4905284993645,21.626881261201575,70.34384209451899
724.8018003048611,289.0745314437278,22.205050889728085,71.5242182019472
722.6221950054155,290.4331467746142,22.697615198793677,71.40069557850435
720.4068028995435,289.381572585758,23.093261280349573,71.49335997603792
718.0263098580575,289.5775206392909,23.319825919382588,70.15833260094774
715.5315383901815,290.37231462255056,23.46832776703041,68.03214911107108
713.2677084083002,291.4488020516438,23.852326708606704,66.23167415513292
710.644409911967,292.9279848752047,24.24047471903421,65.30025505265837
708.1467643625308,292.88202662648996,23.857730272557518,65.28592972784509
706.7755265594919,292.6085001785938,23.113079289813935,66.7342875242837
705.5583721363156,291.77286286229315,22.64655119158641,68.2074232642343
704.2364877935572,289.7679078853741,22.61204524560297,69.58671559951166
701.5250764555334,288.57400576968905,22.830181279957486,70.5254430591456
700.5374753794457,288.1391777070543,22.765796411258894,71.81404077162485
699.4404196330992,287.2190068267619,22.75320996312547,71.948058789343
698.9772277268372,288.0554330519794,22.776982162375813,71.22416473581974
697.988123151083,288.97463880620245,22.850636350772383,70.28170598854686
699.1733856463995,290.3068458870917,22.541351556367243,70.17442883925003
699.0583385483242,290.9252155304662,22.331673116819722,69.08811160405008
699.4331442782698,290.90165671918726,21.97641936800532,68.27650904323532
700.4362852409934,290.8414429923505,21.619289840667513,67.5836177675082
701.1371321482053,289.88245525297305,21.47509440976573,67.13488568286283
703.2393414382828,290.06844856380076,21.37068050261465,68.22461368656606
705.7133967953906,288.80303349388714,21.338452375832006,68.43833376474772
707.1615595616182,287.46790834044566,21.564736220284253,68.67145099782397
709.0081979673852,287.65235888803886,21.982795639981887,68.63531858130276
711.4733137040879,287.87681271481483,21.997770331890194,69.02065106628147
715.8411405490212,288.7418494332224,22.015642375971264,69.28130791511093
717.5236164505699,288.47697168986775,22.48191716016963,68.87260329020219
719.1740716066761,288.88642197964066,22.939995466807805,67.72089776256485
721.1371638810874,290.23362795093203,23.334819123399008,66.69326569573745
723.2418358684512,289.85629903688,23.105596522801658,66.327565295158
725.4059570400052,289.8593252113029,23.31422608978896,66.92014283818459
725.956775011919,289.16858574094465,23.069536375895865,68.16388052612115
727.5243224678183,288.112821393281,22.962604897172376,68.70389842966979
728.6728996074924,287.23738059072906,22.935648486171523,69.17702393984125
729.7968424679212,286.11725994886774,22.456506995584114,70.11406330973028
730.6918065347644,285.29663234407525,22.106221648877394,71.44225069566679
731.4754446081776,284.07826811133623,21.702025955923773,70.78756113326696
731.7795140872072,285.66264043831126,22.077790048287067,70.37036715375544
731.1162839310597,285.2190685440289,21.81751141652861,69.98963813195638
730.765938159991,285.89530343417084,21.857901571355857,69.37609321262673
730.9805476697258,285.82505450593453,21.253165424968532,68.54597842395015
730.1037271660815,285.89334936550625,21.507543622503672,67.76820902398242
729.1211970469761,284.89304033590304,21.264684263088554,67.87753665693457
727.7220135183554,283.67748180906796,21.328562833086316,68.60805117917167
726.5200868963976,282.5705297159704,21.19042794261791,69.25157110137442
724.3534056590228,281.42427399006675,21.14451509540704,67.82022014359006
721.8729834559066,280.8988226237757,21.19951338271254,67.2453231010486
719.1100291692403,280.46778814493877,21.302096894246965,66.12906979119005
714.6016469907273,280.88784940097304,21.529534583487283,66.21525388446062
711.9771772106772,280.7592730890762,21.85861950262688,65.49942940645141
707.2794762592774,280.7847788229625,22.061651944366815,64.45675722452937
704.3864292024017,280.4511764898838,22.06379763663997,63.330796326149795
700.4836159871825,279.89094205106653,21.822662554322086,63.07753108722994
697.5707498198924,279.92691418323307,22.163115805650158,63.37032993641465
692.6480811373823,278.457845817073,22.210579673661222,63.337245221743856
690.1181724165903,277.02767491463624,22.278008866801592,65.07527257349237
687.116995586305,274.84672980311416,21.585604112149806,66.79558197645298
685.8688826777219,272.72811095791064,21.07128944393407,67.96409861087551
682.513994200033,272.0576196475698,20.565905075764405,67.48778639551276
679.3803920345513,271.81330409037673,20.888350514668574,66.89538690267551
675.6029491079507,270.9559654632999,21.50806381003884,66.7077499707329
673.1942603477138,271.91192202221646,21.977514713844194,66.39174680601721
669.6709622738801,271.6401469967355,21.925888605804627,67.07349371276253
668.7552600500524,271.2321014502882,22.36947888929855,66.76253273694685
667.6413954292443,270.44052413231987,21.67206560428815,66.58403371115563
667.6573950099737,268.9221203897297,20.74524897132497,65.78136985615649
665.8553856173413,268.95969490235666,20.349398886808224,65.12032034538692
665.8460772791854,267.5591250409715,19.546672796835242,65.27393141978087
666.3177516941803,265.7077660759097,19.228746682986248,65.1831408202413
665.7685825806955,264.7109612456844,19.366154026071296,64.8708191509647
666.2164362466037,263.62699620081816,19.285131144881213,64.01966216451012
666.4497429971889,262.7822644526656,19.306818116208774,63.240333460726795
667.1293815813018,263.9579221381734,19.466311404297215,62.26670113319109
670.4283249893883,263.4146285001937,19.347283535877963,61.76789962951024
670.7212854577695,264.57814120120645,19.745889471750694,60.71075595279598
673.4398391969418,265.03295616879035,20.286864173429194,60.51815749651006
673.8381021523226,264.50406328212676,21.41057711516855,60.201827564347155
675.3700985045579,262.9746999447168,21.041268677741996,61.02878753842244
677.7790253936139,262.07629224424835,20.41870212726061,62.356538495055844
679.7412839186966,261.02636181820725,19.619111882591362,64.21697145278411
683.4982844151806,256.7426806490128,19.802040344426796,65.8332811254626
683.5476387843167,256.2541533854107,19.996660189395005,65.34346677525589
683.3993384592675,254.59432054810608,20.62135475567119,63.68854930090883
684.3776742519045,255.5596662393399,20.908479757387617,62.724928915202554
685.5269391481239,255.04818829926143,21.060250896879293,62.422710225275864
686.9403766627586,254.68802702868638,20.90890510917179,62.78369901284016
688.174616492331,255.97006650948072,20.9539726321102,62.40328198896507
689.668883383437,254.83883869735362,21.058476932021065,61.89111445762543
691.3844158160557,253.85207158689173,21.137573705043557,61.27740321422422
693.5510419586069,254.00904730117742,20.79117525790791,61.21607143959305
695.2012101187089,253.55274372649527,21.113371543828826,60.14403930196242
696.9652196547623,252.94233951997427,21.15782337511859,59.112695510490894
698.7835792029547,252.50960324687344,20.790487709214872,58.42256121465154
700.1186376722114,250.8812773703583,21.087731505640964,57.89724461250299
703.9720626507228,249.4433795813456,21.00454402038943,57.004919424842356
704.4237298053897,250.68486786381308,22.15835220716463,55.22035986783051
708.0460233897779,249.6516016298405,21.884336079495256,54.14177529132678
709.2981726725366,250.1181849015809,21.534638611085118,53.23442700078206
711.3597553655359,252.28232875584808,21.290495823352913,52.21696320963659
715.6568528713026,251.03823572077653,20.04883367543654,53.02195261592319
717.3399674951525,250.9320416448963,19.56196414987434,52.68718419534176
720.5144293453177,251.13957107070868,19.785914041920467,52.94034669820151
721.8859375615174,249.42620444651297,20.08784761791334,52.876637193754775
724.9643730818957,247.83766966045908,20.24355859314797,52.68718397686108
726.8851396915314,246.97720514016217,20.574695261419215,52.32848478831367
731.9191155439606,245.83979030996844,19.586357242168802,53.041969109879744
733.7654770570059,245.31363526592224,20.260887042768978,52.46200170926364
735.746214145072,245.63052790587898,21.270017763181976,51.7132167625401
741.1503488274235,245.34034952485288,20.299849785503042,51.934112217066684
742.8368946818138,244.3176063689468,19.695024277741833,51.678420550363214
748.7865935035085,243.53532987112865,18.526918405287525,52.387920896024674
752.6536089864614,244.04298315748628,18.10910629237844,52.45418566387034
756.9640541011231,244.08124853642087,18.087752958807044,50.816515322413544
760.3524159672628,244.39420188026816,18.00648620818646,50.268798886903824
765.6643168576616,243.44795854997315,17.76319475758919,50.083099750756176
770.6703137241796,244.4304867976661,18.008659711381817,51.02618081526102
775.0569935093506,244.4323701728369,17.943285065356186,51.10421817651935
782.2763632750956,243.89022893297084,18.7508805634681,51.44481558955144
786.7636938050163,242.8772859960721,18.782172338709948,52.0855158640219
794.4485587480432,244.059589416671,18.919139153705878,51.21161105586697
802.8023117056892,244.42033910020695,19.435700926402006,50.195312718572595
810.5471881899152,245.59792663334608,19.35910160632642,49.14958815945836
818.799363484147,246.29547136119425,18.731263545328737,48.54016278533547
826.9684130130508,247.87365305202155,17.865263791720274,48.50220999099169
834.1487818242562,247.8451401017133,17.69304278613084,48.64733654847521
845.7603294011096,247.11006578895422,17.08939915525127,49.96539685969858
850.1005522374609,250.6749759451015,17.223222548405566,49.60965157868455
856.9066718126511,250.75149905022897,18.423868682449026,48.440288000875846
865.1825160009031,249.32364709394975,18.725375496374742,49.03152896558883
873.4227012938577,248.98468980694918,19.055900830265372,50.21927073618806
885.909277283654,248.96907149342402,19.065828760950943,50.46280399815082
894.2649244891825,248.01808087398516,19.090116701578566,51.289437098219345
902.2482715277812,249.74166384232603,21.053129197867573,50.15768296764415
910.3763260879404,251.72794622331475,22.196094631992498,49.74199915659447
922.9357980553654,250.35951371095325,21.579641694457024,50.588414418973095
935.5066386780975,253.08655077515448,21.56678468300148,50.46553707554381
942.3239224603399,254.39820719889235,20.44091367460814,50.20748077599591
946.5249068914516,257.1260574344675,20.350213618842197,49.114131722387086
956.873373751508,257.4357047852423,19.877212164964607,48.93370733162092
962.7199516847388,258.8774361262571,19.890948312052956,48.85625227326375
971.0528107041039,260.41629710839317,20.446055468635112,48.515432307511574
973.8317546935556,260.9799615083914,21.372326482499147,48.106998823639
975.603152961467,260.82574453518555,21.2064167913112,48.703951735295064
977.0601914500904,261.6730178909466,21.323943388817163,48.97737980576302
978.4052091272267,262.0344482400548,22.14317941783016,48.8706311609409
977.8465477868859,262.97997224134406,23.64951339216153,48.2440114163046
976.9617416483491,264.0039205726843,24.86327647470857,48.04737636937723
975.592631352472,265.5165226051294,25.5179666404372,48.133718582486935
973.2239180080848,267.9164946054444,26.356821361133086,47.799185768075176
971.5128519426773,269.48308271543084,26.253015696309,48.32742345610711
964.7443770708857,271.01892200463686,26.62722473249487,48.60530370795628
962.7391254558689,272.4381181421054,26.175031887088778,49.89353315619425
955.9646684022684,273.7732575483216,26.193701167019363,50.34992756535
948.775841774289,274.2308256003353,26.471568618229682,50.83550478586941
943.1029615776565,272.4906819047081,26.21267183833788,51.271651838226134
935.8377106013085,272.8521251203341,25.574639512164445,51.63169740236592
928.2907195519304,273.6048397836938,25.487842153828332,51.030940161885326
922.0683901691715,273.73432083075863,25.028642734531537,51.171164887547576
914.949291170135,274.02927528200115,24.701679027587442,51.59467680529875
907.9933345372332,273.8668178241517,24.76208415282704,51.37336515992813
899.9004822313868,272.73887961523803,24.743822623772783,51.00802504218725
892.1942095129266,272.40384571544087,24.56545810280752,50.533558134712194
884.8257418111735,273.0238863013902,24.070969174648585,49.78973924494666
877.5979287634375,273.2739411067838,23.34322277256209,49.494505088466006
867.5271445130916,273.23003734561036,22.782864088195396,48.426047471233105
860.9620904799265,273.25204718469683,21.79000252714515,47.692681419978946
855.4993765720029,272.52253555233705,20.166952216466306,48.47266198774568
848.1441464090123,271.68824662439266,18.80300115023584,49.81401460554974
843.6786799512544,272.1832798311458,18.15033688252406,49.75333844367991
836.2391584416595,268.86063823951554,17.957930621928707,49.20803315266677
828.4203818202224,269.9277619703441,19.12473305608706,47.220464973198105
825.8654779476428,269.3097223886183,18.051074843604624,48.16841760838662
821.5545235187716,269.0621563690642,18.32879405748707,47.72529016511103
817.6133327963557,269.0671761485897,17.72673565246528,48.2780661530495
816.5599119482434,269.27822665243167,18.139198972682784,48.09351597024613
808.4937525239974,271.1902375180072,18.37842471204397,47.38945669293724
801.7327086756701,272.58356631523253,20.667607020820263,45.15967861890282
808.9665028498066,265.9839713201317,25.417479304871385,40.594588289890666
804.9678039716364,270.33912134051076,26.78540909703953,39.47020762932048
802.032601155097,269.28758932930674,27.396460615585724,38.905890603526046
793.5161690647263,271.1312813191034,31.487012555726537,35.37943625909989
789.682592759054,275.72813839890426,31.81016005919157,35.16259740467391
785.842119639712,275.20869318218257,32.87566640606043,34.31166356691513
781.7497929369187,275.3649934276248,33.67321673089765,33.73638704563329
777.6207835608092,278.68457830057366,34.55131356996965,33.092868544852784
777.599423106069,286.41432894186653,34.47429103542435,33.3371331314077
778.472598368244,288.4772041942438,34.32241554197347,33.8509657374624
774.007022534331,284.59667041704864,34.43349503572713,33.88275568107393
773.956037025994,286.05928274380415,34.4537334887269,34.07960920787606
765.2713062429909,289.63665864657554,34.401053025924305,34.48468425322436
769.1972267868309,293.4723785796644,33.87921186195026,35.552616640464684
768.9996542390983,289.9491688306713,33.93343743298442,35.76695672789787
763.5375581262582,294.9112893414095,34.009204747165576,36.175157036377506
763.2196055669972,295.3383177267091,34.220866057894824,36.5207997868431
758.3895999522503,292.2257630606034,35.76221349954697,35.34823455850758
757.2132957229187,300.64754490474763,35.766350793506774,35.64517570725519
756.1493002972252,303.9638202841578,35.530029711376386,36.10166427414899
749.4552535095014,296.7455573988451,37.490358394245746,34.791522182835884
747.0516742609256,299.8011975727126,39.662041732705944,33.39570404289512
752.7659294935571,301.9110669626122,38.16782310704261,35.04785247012717
751.0987130484045,297.43626987430144,33.52828749148831,40.33914720064273
753.2954348177968,295.7127215981568,29.98085278992683,44.79978092143483
750.2700239158753,289.9250566903435,27.482329577290287,49.117445579743325
746.9083279032916,288.8385698566702,25.788667426127123,53.2425058149687
742.8176233193942,289.25948196921246,25.003940615223193,55.481534575266224
738.700908594158,294.15798016067606,24.560834459311273,56.68806678730971
737.5298125005684,292.762655150016,25.180593556280613,57.00334950096694
732.2291037716536,293.2853322127901,25.664189320689825,57.22790892961029
727.4983779455663,296.3972734011233,25.66001902462213,57.7629701106831
722.5625343280982,300.99567395224864,25.973325178931006,56.8209926931248
718.0181905460823,300.53850253152257,25.948909830059783,56.998277193073875
712.735221531905,306.45914886704367,26.017674549088316,55.705918504880735
707.7716638574628,308.7393213456007,25.95866299825345,54.86392729608825
702.1553731998316,312.5748936685373,24.47114772538101,55.85688425086195
697.1223833416689,313.4225480759764,23.698264068903978,55.84114801822859
690.6200583984671,317.596400124614,23.360370353317695,56.3160967377259
693.7943916184075,315.263545837081,26.530069773422092,51.90518521086324
683.8442279475825,318.5199902858596,25.186023793539142,51.78915262128945
681.9233809684423,320.43045825735857,28.0116037553137,47.49436452069871
677.5210738576263,321.31130231173114,29.2119813741624,45.54931303390559
672.1906792700483,323.72212093106776,30.095819713136684,44.03527915445472
666.5668367598413,324.5770809634757,29.726815051544076,43.58842800405235
662.3892771709479,325.5621418123814,29.47818400044899,43.506101158497735
657.2983765376358,325.3858727227675,28.773424827009748,43.356712617583156
655.6223258047368,326.3702511202169,28.274704320914395,43.098671593405825
647.7546451559432,326.96603431402525,25.527041021333552,45.250167845025594
646.8225831866166,327.1241785690963,26.18381506355577,44.45473294373018
642.4722016319196,329.8528799517443,26.670313303259974,43.65817355077907
639.9072440879045,330.1243448660561,24.522130284905984,44.613293696596976
638.6435684294141,332.039369257261,25.543830366306217,43.60472351945759
634.4713927697009,332.0017177910564,24.1990995400418,43.94730679206148
632.5364786683638,331.5858032572025,23.50079629587753,44.58993255273674
632.3785438876528,332.82048101404865,22.994545667632806,44.140062274258646
631.285278511463,333.8847922823066,24.445057762327963,42.42476069635711
629.9386008323308,334.63529483048376,25.47017936834171,41.87134618952608
628.5469343877821,337.10196951384825,25.974723690849636,40.88154001852164
627.9408999648646,336.4067383539388,26.41365830511738,40.54216790097014
627.5986264614434,338.1780644738428,26.703499986594746,40.35424984351994
629.5247823333691,337.58524470886584,26.584267437765813,40.650707759551736
630.1984163688759,338.1180231816809,27.155763004295046,40.81492636190298
631.391728672689,338.24792405150293,27.27177602140935,40.864744883451195
631.2618505914209,338.0405447832882,27.299048260510418,41.2111157624767
633.5148940227373,337.95896936093993,27.116494932881288,41.44921432942944
635.383633018172,338.1460604908441,27.05098134897912,41.28428420358661
637.381411588375,338.63872778127967,26.663657421997677,41.81613244971125
639.2423422639096,337.92918155816125,26.664139038915707,41.24108975457548
641.0486691190949,338.86763379298156,26.985938100685452,40.92361898358894
642.8143986636626,339.00267467871026,27.11697867776401,40.80606429111781
643.9990824960273,339.40487461134074,27.18782946167363,41.48071279717185
644.8921850925109,339.47485617303124,27.259160346205874,41.5723807292651
645.5775849411503,340.1171746119092,27.513009696778475,42.12900285419475
647.0601294529645,340.08685385434546,27.7210931470576,42.534979733663874
647.3415689828568,339.0747351259431,27.79012739160195,42.9262578246239
647.4390399629559,338.577825995395,27.849494102162875,43.21095587173461
646.8921538705574,338.64661332261545,28.22865052472626,43.47393739419461
645.3774676814204,339.2154973421415,28.48613345483438,43.82427477144051
645.9444696246578,337.97340884020036,27.81145392825319,44.2964509761437
645.3698376363584,338.71489843080786,28.045263040350168,44.104663015212154
644.2117267731957,339.21041413041996,28.03241396017237,44.48777938877694
642.9267758524081,339.5269622753614,28.25396813786797,44.85585301886174
640.9467542520129,339.86268660986553,28.251333144612502,44.832816935111964
639.256904383497,339.05372051544487,28.189579186346926,44.93055268611758
637.0228963986551,338.94424871293097,28.198972700433846,44.9490701447573
634.1545435054197,339.7006872723836,28.11828852184727,44.520359075809324
631.6639686925681,339.9914902882463,28.26575274944873,44.34294537253693
625.0510703688411,339.4398554994802,28.47957601586023,44.32624582050687
622.3243953403326,339.26803908627863,28.59425629596081,44.68973503838461
617.0767311093098,339.95236636546736,28.731802394114844,45.05539682903665
614.3603714699065,340.02175415957134,28.70317075510534,44.98784313634464
609.6416522130273,339.48686018322974,29.116496567447413,44.67145569496955
605.1597110043681,339.9114574764995,29.584477876977928,44.64500661042515
601.7365622672306,340.2344400220646,30.02083272429958,44.61684145702006
597.3481072236098,340.08280825735346,30.659606901507168,44.19923639894841
594.4942660458729,340.4933135407744,30.85268373482517,44.53742006313989
591.3898916879139,340.39887600481995,31.14350470873881,44.42079689267054
588.839618063705,340.3709400572215,31.332919144656742,44.7888518401688
586.8356648334939,340.62741443471873,31.588405656500925,44.99643818468071
584.9436328605162,340.43647436150013,31.4896773680354,45.51607147502453
585.1271766759978,339.7249295480359,31.120506136573553,45.96096364654677
584.650338552877,340.2538591678531,30.879530302279253,46.12936924131645
584.7047097011541,339.820431444719,30.81348803563465,46.308278189190546
585.2417035747001,340.2270880779507,30.547538523253486,46.33362301713326
586.5942787638044,339.0342916868489,30.470522395685744,46.37739365196751
587.6802478404481,338.8598761993828,30.10810508304308,46.86630694151022
589.5885892120324,338.52460734920095,29.497581454712225,46.810717732617896
591.5420389522257,338.11145971645476,29.63525289717719,47.34970457339913
593.6547194467079,337.55917528734284,29.8363507438146,47.616186230504496
596.2339545827996,336.9058980381127,29.930656140728974,47.84107092153063
601.5775161862282,336.7400272242496,29.96776656119112,48.013317538284824
603.7915629577698,336.3432050243021,30.038190531383098,48.08663670662771
610.3031195428017,336.0157718183188,30.337206610892068,48.1329765311081
615.3624300437035,336.17395008823803,30.61591589320701,47.7863005315333
618.5221405796984,334.68027638004855,30.376590589192023,47.853625698690344
623.9390200906894,335.51428640940037,30.471868661326333,47.61857091861228
626.6971631444743,334.1285642670919,30.235068256271198,47.896881181470135
634.438088036926,333.31296130019746,29.69999867614061,48.29329440590844
639.8449161858821,333.69209303558415,30.284363122552428,48.43351528438584
642.993367217445,332.77556235221283,29.756424873208353,48.73200953343747
645.9889105861702,331.8369278477488,29.64882774452265,48.98574076351115
652.3657933470967,332.17812674109484,30.135920300672588,48.599148729096406
655.3488775872374,332.1819968405069,29.828413185899887,48.872988918818386
662.2557050819906,331.3117290230145,30.196269121686555,48.36416160824649
665.1653244525397,331.10968643410445,29.980658539157787,48.753253308453885
667.8663106628075,330.91127945601556,29.849994540710817,48.7675593741688
670.4819288385662,330.79124334560976,29.64855145167499,48.56350993617836
674.1044978760331,330.0582808269552,29.764701447420016,48.63313155818899
677.3231687409898,329.98851402166207,29.58299021067073,48.46273803306924
679.7583888904192,329.9488058639896,29.515465961769287,47.920920110266536
682.2880255257768,330.5381602529278,29.430321891035668,47.659972121784406
684.4110206709399,330.20960167121035,29.537512486024212,47.34378060277762
687.2420119582043,329.53316408751584,29.358091499782752,47.52741636834939
689.6239426627917,329.667112780432,29.275185977448885,47.34880710546909
691.7990365627068,329.7226745191861,29.092546834082334,47.15873148685469
693.7184399465209,329.571508085614,29.23534464256499,46.794608846720365
695.3541694847173,329.61226801624196,29.188173552927545,46.69689019762636
696.6767507673421,329.67407670113886,29.070478238501956,46.67214271780715
698.5432876909282,329.5966631667863,28.912923953097327,46.6324443956488
698.6780068066048,329.30802095031635,29.289033588565303,47.05748631707781
699.4327056128304,329.6444955309037,29.920403788842975,47.32000714091137
699.9209004874672,329.08713979732886,30.65309974246575,47.740938841501496
700.0660091454793,329.20184919989964,31.23331921404675,48.15064425100911
700.7274331774641,329.8337235703826,32.14739508310607,48.539006682719354
700.8597991691973,330.4862957795034,33.058153121345384,48.82890067847913
700.7506615334598,331.45818728402475,33.85090654223444,49.47835387739852
700.0728720894131,331.4864743644875,34.434526185123005,50.10333689497028
699.2208589899016,331.5855551902541,35.19963349557722,50.59694543939803
698.7225627425531,332.5815306280293,35.61082767389076,50.91890480974298
695.4851634840707,329.79117272353756,35.78255898351938,51.66658371915997
697.1927398003497,331.3562348577107,35.99282406031161,52.01285052785522
695.9105123628921,332.4794775007584,36.023345057282086,52.809314203017834
695.6242194343058,332.01752717502677,35.379248718791175,53.82701588350758
694.5498848936696,332.47882768365406,35.06131928932129,53.935579870029486
694.5306031163342,330.1809535458565,35.33454977264119,53.259536687494766
694.3236006540387,331.36278440908603,35.024790218071836,53.262497170584616
694.1920176439812,332.42917993438664,34.65077227393432,53.11873373934537
694.4223788433744,332.3983151176739,34.20698237381163,52.06324022919322
695.0511854262584,331.40256603502473,33.508005634969365,51.60220872568355
695.7412275048696,331.154269754312,31.01071144719108,52.92375233977477
696.7858482864395,331.248657396203,29.219793515337923,53.359847713913595
697.001898788821,330.94099974638175,28.02621605345596,53.15706744871382
697.9528707031354,329.63642905490815,27.009079632683036,52.600910131328476
698.0982149244269,330.1167666842267,26.297808865833737,51.83795377611367
698.2649366721757,330.5772206985095,25.898946612837772,51.32148567369549
698.4959901924977,330.14062989969125,25.08575477361944,51.11767201776915
698.3267377693923,329.84564501869164,24.807658569930314,50.730125426638025
705.5797888849689,331.4563897769373,28.0377814669507,47.59915774493733
704.5130397747364,331.5282192148315,29.17720081282771,46.54545181485819
704.9326374835065,331.26467916133083,29.756023617142773,45.965904457565095
705.4205950562227,330.8211282770618,30.97719313700879,44.93794963983758
706.400616517108,329.9290853186418,31.69095640572885,44.35772195423015
703.3767705384442,333.31045602424325,32.168350168171244,43.908256833920746
705.1723050943793,330.5014415822471,32.426900683299976,43.71799762053154
702.1286151836758,328.2776732191159,32.55949181986196,43.61348852465028
700.141596977585,330.47513906841573,32.7240768904147,43.493520204956866
700.3029903320707,328.5033713138131,32.75812888459848,43.47064460042316
699.7505833978029,327.329710185444,32.76229876071028,43.46787158509704
698.6448423554008,326.47968952020994,32.76693293940186,43.46522946677368
697.3972640424856,325.1855485000415,32.77065379901206,43.463116294937166
696.2552293334937,324.1663364904655,32.7755498428198,43.460935961138105
693.8443626337205,324.1138110181964,32.778880952021964,43.45934243170647
691.5620259251457,323.8764234527635,32.78062664624083,43.4585727224747
690.1800057215814,323.8585903940198,32.78501253142705,43.45453981451002
688.6821418210696,324.01511735095875,32.79043705448134,43.4495893130219
686.7056786244796,324.37408950910105,32.795156307692615,43.44532442960625
685.7541040314932,324.5476364400841,32.809194332433485,43.4326620668829
684.9576652173777,325.0748573276109,32.816087372995085,43.426670046544224
683.4877289624128,325.62605104556246,32.826894655416304,43.41712638162197
680.1063465896398,326.28206786825183,32.83552093126621,43.40964099979301
677.3676602381191,327.09181167928375,32.84090161846883,43.404931300359536
674.4007716938021,327.5680654877917,32.84928655622404,43.39725237244194
672.4473208320188,328.4133319030637,32.85193241278627,43.394846463551694
672.3936606230262,329.90941397141745,32.8536197731175,43.39334609370515
672.0693120565587,330.7304714627763,32.85789455373857,43.3893112310742
677.7335287171322,350.7004872408327,33.243097630906846,43.19889057584033
672.8316583384882,350.9895859099981,33.3222986314202,43.17480108233908
672.7588837122017,351.04021864829764,33.34542825847236,43.159908078085735
666.1547961486181,351.6652787229197,33.403249953938115,43.137477791092905
665.6714879001531,352.1051576733456,33.55768080576446,43.0913865724845
664.7175007679502,352.6919358084093,33.66451845727806,43.05008800232346
656.4271604954608,353.82444306099194,33.76757601641698,43.05392382369637
658.1712306843867,355.0064609841033,33.92027759947214,43.019054628245705
654.0582946309752,355.35297180281174,33.995316576412606,43.021529728785794
655.0541003424077,356.4080365495536,34.079069743238676,43.03494755089974
656.2233818983893,357.32568593197095,34.278845292469214,43.04103856134112
657.4043037447584,358.1720032034756,34.381423825683285,43.01960012142786
653.8462216419073,357.95050332472385,34.46081339607059,43.00563628020313
649.5728769587085,358.0306722431625,34.48269483247527,43.00855935026062
648.5860672380771,358.01826895457293,34.48522801008144,43.01349521967447
648.7645318220744,357.6242246592069,34.48627393759735,43.01639525468911
650.1419018285213,358.26006897003094,34.486948649053645,43.017927768180414
652.7308241197012,359.05700126163254,34.48760805686725,43.02009640050008
655.3963770612958,359.61995254231505,34.4883231384914,43.021471213402556
657.2368163908375,360.54696342321023,34.48855724567383,43.022053099797944
659.8367661974698,361.42309850483974,34.48879620128729,43.02305296656065
662.0760961787951,361.2020782696126,34.488803021015855,43.023755642949375
665.3056018900298,362.0907571492723,34.489088301885054,43.02442517969634
666.4241061998804,362.17076501729787,34.4892737434632,43.025362712053926
667.6668423207427,362.67434679259736,34.48943415974335,43.026576236650264
669.0345454147986,363.5658794945248,34.48946274221565,43.02686177731446
670.0127049418088,364.6876231375452,34.48953085040372,43.0277079969041
671.0847810927589,365.1966172998896,34.48944273650693,43.02905613423621
671.7440105945741,365.52772673503614,34.489594758686906,43.03084862315794
671.7513439943117,365.80421599961346,34.489879385747656,43.03324042481377
671.718177647661,366.1895176916738,34.490307528794546,43.03537418611695
671.3004053270811,366.10061947733965,34.49105860229692,43.03848983044063
670.1632384977142,366.4285007686564,34.49312086630116,43.041092080208394
669.3051770956625,367.24548938112605,34.49446047872349,43.04427503726836
667.7029095228519,368.59104733931514,34.49629000262546,43.046184233042304
680.2291020273058,369.08118207884246,34.82436191815616,42.89676112325409
677.5944055320123,369.2835011303008,35.00749363631291,42.85228566591582
677.0847062916234,370.07893776971935,35.05276655299208,42.82905185717911
670.1417373910955,369.7861479507395,35.175845963239844,42.82481331553138
669.8787922371359,367.54813433820823,35.229817449824246,42.81681506223091
662.6212500302745,368.80398627502797,35.272804466696364,42.81579639405102
662.1717654131008,369.9388159778694,35.32228937658856,42.82852710601344
658.6226823472563,370.4696212563042,35.342801623390045,42.87473300689223
655.6577132204309,371.00111660984703,35.34966420107634,42.88769482971381
651.8072810877549,372.0849748567829,35.35789769860622,42.89294362400432
650.2474740984784,372.23806516593925,35.36131170691376,42.8892785422383
647.957363592427,372.02065334686006,35.36683140981253,42.88613496938861
644.3145099336225,373.732627402684,35.37823386063055,42.88185410169828
641.1432182317349,374.09738799611745,35.38370579132236,42.87863196230149
638.2408453640544,374.5866285467227,35.38666844181393,42.87796005184116
635.2026486354409,375.3032497940536,35.39547356972573,42.872481734501605
632.6225408837547,376.3369984008924,35.396099782479325,42.87184352770579
630.5061176463634,375.9067412970268,35.39662404122805,42.871293659013276
628.3187822001742,374.4403721952372,35.39877639417783,42.869871868467186
627.3851253320017,373.26233706893345,35.40106770963948,42.867766843364755
627.1404633857352,372.65573005959715,35.40343488658866,42.86542495574156
626.6468746229585,371.3564023933141,35.406476903604684,42.8628780387807
624.8888288098537,371.294025855046,35.40904733535638,42.86025244295548
624.3781767414603,371.1793178617213,35.41055367017179,42.858597866407735
625.6080512469659,371.27302226104666,35.4122654879415,42.856435848271715
627.0612465247567,370.6747265383257,35.41435939128346,42.85331787827799
626.809064859149,370.6045771364768,35.414256606070566,42.85346297590189
625.1894003702881,371.2277834897834,35.415268571005406,42.85166034047098
623.3015536797946,372.35125609384784,35.41684495904206,42.84924318753315
621.9030229612591,372.53602266504674,35.41830622025533,42.84734005001817
620.1056987422854,371.87063618321133,35.42126173370317,42.842576414529766
618.9953594731387,370.32712908456165,35.425259983681926,42.835004716290825
617.5623229320439,369.3302928802197,35.42807851875219,42.8304757547354
616.5842820212949,368.16646053995623,35.43358796876745,42.82308246140063
615.109927738583,367.4804344244062,35.438302012096514,42.81853800327646
614.1503400724941,366.9111751021937,35.442890681027976,42.81457162515669
612.1996000767924,367.4097600307847,35.451399156775935,42.808126093154655
609.7392776223904,367.30889581294605,35.4538674145791,42.80653421931224
608.1388725735912,369.1653533250664,35.457953335770576,42.80561884984135
606.4558437202257,369.46720130000097,35.45884461679667,42.802353865395844
605.3812775820772,370.12712340436764,35.46948597779499,42.79496841024832
602.2520590081092,369.64445461543244,35.418308467375425,42.86818383865124
593.639126939487,391.8149713128056,32.432023938238004,46.80145769488149
593.4023693332653,402.51677500306073,31.132330413308143,48.91659382938584
592.6066619452025,397.44764345129494,29.967166982417687,50.69388071374026
588.3019950860887,401.94899183684095,28.66514758937823,53.18465890297536
588.011193620947,396.8894685227026,28.240579531578764,54.13694604028519
586.7708135998636,397.31671359096663,27.25218116271947,55.79043100522807
581.7177474089132,394.56780867185796,26.048136695255142,58.45991223397897
580.7331926237532,394.66132493484673,25.7936785413472,59.1801904918644
575.6100834361367,392.25160813783486,25.147410344314544,60.997742724880496
575.1918835835476,390.63323733734813,24.435104829270294,63.06898749968204
570.1867414301024,389.988154750941,24.38922153362168,63.655296919551375
569.0528390262723,389.0622289632079,24.30998401912297,63.96061574488792
567.6412268952441,390.14208556333364,24.50948620476339,63.75862497009728
562.0399407041652,388.5408305696977,24.347859902228816,65.16404359250866
561.1283407918103,386.4836511599646,24.217178820833542,65.79702242616541
556.0041805338686,382.9664685783274,24.287713463303746,66.76365191744281
555.3942535282007,385.60781426739726,24.619090328014163,66.58635824056647
550.2692052125847,379.2031387711452,24.703857979753977,67.97863026120785
550.2560645201523,380.2448962107907,24.937452097553635,68.6093792979324
548.7524914487168,379.8678841506616,26.22239868121291,68.19029376757875
547.287269888675,374.65714326331255,27.144731278072694,67.95375266172263
546.2782834721684,377.9707505214258,27.918131948457745,67.91668087239425
544.3149347551382,376.89222487503935,28.304763855555773,67.82269981271975
543.1394307813399,375.483317290768,28.74896151949155,67.59040940951559
541.903678540563,373.15018460815895,29.05298052550528,67.57297373637314
541.043372289948,371.1861785199011,29.449140030481257,67.636781267732
540.4021020431694,368.24996938438727,29.623605501341054,67.86820355945049
540.0597193000623,365.10991297516836,29.819747964521984,68.35713242937152
539.4316046667816,368.79616801796806,30.24540873867094,68.36399398683852
539.1971250958986,366.7565446983621,30.39432509145444,68.4326557948126
539.1987665599381,363.01434646357745,30.52703588247635,68.54505681531582
539.2923593342887,359.995387222127,30.67067676528812,68.6180228293446
538.5518041127776,357.56943628982424,30.951373862019686,68.70047736728992
537.6648392428019,355.01549573924154,31.13086886381198,68.76189688627157
537.3690665820687,359.465666379626,31.574336518518763,68.37346509036591
531.954001136358,355.03554150586655,31.661615198941607,68.56808926568019
531.9330968596743,352.08027497894733,31.69760261834538,68.63231408816489
532.2364016701376,348.24101336647675,31.775122891198418,68.77346949236627
