617.5,316.5,31.0,61.0
616.9085119990586,314.23138991067344,29.612203234815752,64.31348699193131
615.9091548104442,312.96107230120816,29.63720874401791,65.1604545606391
614.6898724093332,311.8714938425246,29.438377687475057,64.97999090686969
613.1989182847091,311.0840347179945,29.10321950567802,65.13898937519878
612.5118164394921,311.1414351586916,28.626854901586793,65.54868820817909
611.2041772531329,310.26333064588505,27.62016190551555,65.47640447313387
610.1188064210089,309.4377169390019,27.292893172806096,65.5222022375471
608.9156532581767,308.24263349515485,27.070111573513145,66.40502988612084
606.8068075436975,305.8409536105656,27.45978386032087,66.49473561400912
604.4896018428749,304.4322752781051,27.689904109011785,65.70710656497128
603.1009381191188,302.42995174511265,27.42643527661672,65.68543984921787
601.6180513637806,301.6511658438404,27.370318862290063,65.53459971977088
600.602269992815,301.27723017047504,27.60688105109041,65.13761401751327
598.7435922917329,299.8388916254198,27.769168437202435,66.12226504084359
597.7937565625033,299.25461657429224,27.41434403651529,66.1909834427737
597.4130995700997,299.22441841219063,27.22850183045029,66.2116748704673
597.2383953921387,299.18097802463603,26.71694892796082,67.88677993737795
596.6446550047738,297.19235813920517,26.669518260887685,68.15255244215687
597.4344544106298,296.0489096239737,25.44505828746685,67.4391316606538
596.8047769356118,295.1634570899335,25.276551427772404,68.01898476874287
597.9110404550419,292.85181531979276,24.457368910434674,68.79763759079316
598.2617052565715,291.90150975035095,24.860724494715274,67.35683475491474
599.5663604861859,290.1392209785823,25.27191755645209,67.5324065992944
600.0382418104298,287.6205276750228,25.879585014127258,66.42117975350203
600.3426929871839,287.06883864508086,26.529341188946958,65.37544034359823
601.5137550501383,287.1481821845299,26.887218064396258,64.47897382620448
603.4989187870312,286.92598408476516,26.560054271640652,63.619459889511226
603.9466859951639,286.7591798970192,26.6229806631756,64.11372659472842
605.9879489267182,286.4630114092183,26.476291353640622,63.64444834167711
608.1447963632683,285.64408822835804,26.198710696391366,63.96323688117023
610.2870171508341,283.6777270188979,26.120696218580083,63.94571511178186
612.928896041737,282.3225512802852,26.23401313617639,64.56074874843107
614.6145964056627,280.83339071836946,26.447105806991182,65.356071215036
618.8570682176569,279.6255500691569,26.83712308235596,65.19057599406719
621.8543877220447,277.95657736039084,26.88437469476554,64.90056788224142
624.4786545451567,276.72262844042774,26.49087778407626,65.14573389347801
627.8325953847947,275.99133263056325,26.534725116335856,64.54211238225602
630.8845475547128,276.17607715325016,26.876820875681908,65.1317753201433
635.359097132719,275.89845042550036,26.34192917816565,65.14725882811406
639.0812761422679,275.95938507330334,25.83021743363434,65.65427354997561
642.0658580583083,275.58682968645905,25.330514565756324,66.94059592873626
645.1956604856584,273.73211508608273,25.130782338314447,66.73823380487337
648.3036837082287,273.8357300007946,25.02909860984873,66.47606368097523
651.4557363134575,272.69036453349685,24.03436773181909,67.26827269155191
654.7567674829041,271.21286643728564,23.7265725705076,67.68860377624728
657.0696558830399,269.1394923382561,23.87269260937789,67.99420121365574
658.8214035127418,269.1112799635789,24.225055914350953,68.28415094117098
660.7521440299815,267.82696841532874,24.760670560108316,67.06555761272935
661.4960080566677,268.6258352042821,26.294759952491056,66.32579230560125
662.3382395853527,268.9435322065598,26.663101126764833,65.92101239697215
662.448578408334,269.6198002602785,26.91877757316152,65.80083486440199
663.1856473198644,269.51176426490883,27.270906158067476,65.73295238379166
662.5037483646665,270.1869380810124,27.06637902573852,65.21648058652636
662.5736625027388,268.7585745219136,27.008566286319653,65.90613683909288
662.0738238141754,269.1192393678499,26.850635392801195,65.85470041199076
662.7315115648073,267.2686891402792,26.223343540218973,66.55141754155537
662.2240266930361,266.46821629411426,25.782800521691826,67.38433044465489
660.6079441955709,264.44253660766424,25.724908334310136,68.37435234654663
659.4425191051545,263.69913478399695,25.531071224951333,69.74022974783419
658.0246020498544,262.93364840480496,25.630738858348153,70.14816016117118
656.7851710155779,262.51159299257927,25.809626962210004,70.55989594199198
655.3020230288583,264.1215530644066,26.40826837365251,70.58509060165152
653.7235660780117,263.4782365053928,26.25292713122674,70.92699868305803
651.9591762452063,264.0128060759154,26.233415828896007,70.79396199190671
649.5871070032194,263.38139142176516,25.69303940884754,70.0695487207471
648.5870483082542,263.77899546727787,25.59010775893745,69.30389095484709
646.960397754404,263.31068661996426,25.4402397115171,68.69681069625017
645.3784761519905,262.4861512948114,25.296462629402374,68.85840046772589
642.254908409367,261.3609955914648,25.36027043978375,69.11479297869762
640.7739298796142,258.79227423893883,25.45617201070291,69.44232634003018
639.0401560819162,258.39690222668014,25.59785815208891,69.5338823705442
637.7749817663273,258.53647577544587,25.604103380175346,67.81290189612827
635.7880910005624,259.546244601518,25.945812462974608,68.05853505659081
634.3858168688545,259.98297079905103,25.87508129981581,67.94338642300698
631.7101827949313,260.5518640827793,26.510262583190652,67.27014838374502
630.3813834486626,259.38302820820695,26.10583835130477,66.41958198896867
628.5902240408294,258.9846371167331,25.966555919183666,65.80572142880577
626.6269701838977,259.5578076970443,26.084636299215475,65.90674002083838
625.0403760807353,257.99597315823326,25.896095837327344,66.41933775027024
623.3157604421385,256.9161931934279,25.634630894122875,67.2298122297085
621.2241678202045,255.2542311592448,25.72609460326199,69.1798795151615
620.3319384103617,254.14953914320742,25.626553479214458,71.25828886705091
619.5608756739057,253.45574484713825,25.52032740202413,72.08798150076566
618.1299727154877,253.52641802492897,25.594164683300882,72.6992951216666
618.8095320777869,254.2535469981222,25.405079532806802,71.74508336887985
617.527307642118,254.76026806955602,25.549113956360358,71.664241664607
618.3045485244812,254.7667415792319,25.196229643797622,70.98072492737117
619.2743096979564,254.18199398112307,24.657833085536012,69.54557940131403
619.3133454076753,254.96025559457897,24.496045623758185,68.31900513613704
619.5082094737152,254.38430985453377,23.991002456692883,68.29782392049532
621.0646174228389,253.97898174784626,23.380566691120674,68.29444102273294
622.5737557400258,252.43465342027412,23.37151447157232,69.16403606479437
623.0099294935545,251.40015879187112,23.38468110464388,69.9396371933197
624.1425151816378,251.7492194579783,23.2917299585799,70.31699882562101
625.7359536742742,251.15039163465545,23.11848932393871,71.30854912081868
626.9372088010014,250.0997291577347,23.037955016910857,70.65465294619639
627.4510139149622,250.25215739326174,23.140534326991247,70.12532094237217
627.9539418882785,251.45265426658773,23.766449587214428,70.1438568721576
629.1494065379792,250.55244486518234,23.894140302003812,69.68816476836744
629.2647766592313,251.2733594134107,24.374322539128947,68.58570583320562
630.78253782205,251.36769971695375,24.592790148412902,67.89376282549239
631.5822214456069,251.52822277235467,24.641096388962293,68.18760824377382
632.8788055623669,250.18488999573142,24.606504977723368,67.99165799234805
634.2082275069955,248.95441277612161,24.877625630855004,68.71634689144469
634.7212355868335,248.3088391366456,24.932901742793167,70.71826960536757
635.8282965254359,247.82846205384277,24.732410732592534,72.82359161822511
636.8935564396169,246.59578589481401,24.862437111658664,74.34060310309553
637.8811940500514,246.30169023941326,24.818851391598372,74.29635038981104
637.9991022708481,248.52555436145963,25.163310902820925,72.99889523035878
637.8451347853604,247.3848156111482,25.44799233980705,71.79861127544578
638.2293375481872,248.31478343792932,26.148600743520582,69.13163642062392
638.1635164207622,248.8415323348628,26.286095351663917,67.59483108634025
637.8297152392413,248.05381266326313,26.56798941244633,66.83616112320414
638.0746862476865,248.11194650587507,26.185684450774335,67.06870107090339
638.0132610301282,246.71705503832789,25.588865067012588,68.52864727980912
638.1993130907249,246.9351127481192,25.361457554005057,68.43647637998471
637.524006358487,246.2735766123789,25.03628678824861,70.19110553193941
636.691758847034,245.18729614432704,24.903090704358466,70.93579571761585
636.3551377422879,244.0986073012215,24.840961681817834,71.23617116459963
634.8958716065679,245.1453688650924,25.560959702998364,70.98389845647458
634.1110217484452,245.67780444913114,26.002090173905422,69.31921156211686
632.8073340314545,246.41815343992062,26.305982121711068,67.66297030208219
632.8052917988372,246.66549693355907,25.912456906054764,66.04638216028712
631.9275367705387,246.6102665302418,25.914169193105128,65.98961693549907
631.0839478081255,246.13243619986997,26.1646733575176,66.7093287803009
630.5456058388621,244.90866757229952,25.924480050141163,68.2977029895586
630.4327695254528,243.32866390089737,25.4881250199279,68.67311627337247
629.4634098085323,243.37266014261223,25.56046602721694,69.98002208534525
629.7040301577576,242.59042370928816,24.918930557572025,71.50745700198429
629.0858507287767,241.83083968263776,24.52692652147568,71.96305610558568
629.159172726181,242.92309056201378,24.93747157400341,71.79503050116102
628.2489908285772,243.41911693488848,25.376454095941437,71.45896942888118
627.7827924254987,243.6387744561205,25.38429810382737,70.52451448954747
628.287957127953,243.7186278424708,25.53677056068186,68.75204741144222
627.0695992543144,243.6088772318061,25.862342242101924,66.63981492915829
627.0606223135096,243.91095969489584,26.262487364499037,65.64241250159606
626.5759368125846,244.42373074543525,26.091648453095324,66.57220589837334
627.4767912115656,243.2904460343078,25.262533081837667,68.33034781990347
627.6440059792208,242.79934521314698,24.96471371772634,69.51365863313882
627.066784040891,241.3396533069059,25.109876316729313,71.25578168912836
628.1283879513961,241.51866992767557,24.96326640087796,72.46411583536059
628.3868534725391,240.92709334404788,25.06737504717924,72.74492805403432
629.7002784182775,240.40508001981516,25.110567432084807,71.5060062085422
630.5235087428326,240.52364125466133,25.2091020193713,68.9541850427134
632.0669857297573,241.2188854734666,24.66430045030718,66.3670180858539
633.8868542100354,241.74740589394412,23.99456041891972,64.88182551817616
636.9621781386544,240.99971495527663,23.09496732547573,65.31233071990535
638.6744179014653,241.79031693220625,22.778798976153837,66.23706028922419
640.8124381570636,240.7766978715662,22.772480926657558,66.71684321889205
642.9457198831484,239.50623340164927,22.499760076264323,68.05311031256502
644.1825634559203,239.77021583003517,22.880944442179825,68.77522890229594
646.2618435718458,238.90127599339488,22.831942792634713,69.2023505809247
647.0402744941154,238.63101326884302,23.309241323690593,69.3409360120898
649.2520028587603,239.2280015787711,23.445022074564307,69.1767069975574
650.4995619294203,240.28040364163144,23.813315359788405,68.12384736608422
651.3791892202279,240.45181597111215,24.21913274243738,66.82911984075922
652.1237664785732,240.85865424639195,24.229080699005543,65.44861062857089
653.6834253078036,239.9008580541653,24.37648881912448,64.79470805033196
654.8273995530517,240.35176588899418,24.4472389351195,65.80408408256326
654.5698267846767,239.32036531910416,24.749123851037005,66.53756884470351
656.3362569662866,238.46750109559548,25.063929989816224,68.00328570398185
656.9567875297057,237.17529307664438,25.887803116670398,69.03849059743675
656.9093573229065,238.2485443729846,26.554964083590697,69.29541012198959
656.4944432350858,236.83737026996022,27.606386935607613,68.88744574220765
657.0152677821811,237.58995009556358,28.939877554704353,68.24126537576426
656.3538561980195,237.2935072244918,29.468428419446283,66.81003722439891
655.4011341884956,238.6792668470385,29.92145065409316,66.36906817309219
655.491059581768,238.6043489660266,29.870217750276918,64.91416510359586
656.6026247565153,238.53867974726887,29.702043598521072,64.23728059160649
656.241018585243,237.47732511437943,29.237688826235676,65.46625504464882
655.3340516073335,237.5726942055984,29.03446808845092,66.52562474661792
656.240290208902,237.5058449130574,28.96203464465988,67.3881391852957
655.9936826578369,235.697811651476,28.486610790243503,68.6678557443166
656.1751633557423,236.35417794368414,28.08725283883018,69.52423131228991
655.2757348798428,235.1763115996291,28.433496794527592,70.17136157196369
655.3514102028524,236.23520992072176,28.270378702445008,69.71187164765098
654.7808448490078,236.05423018793977,28.420246080151408,69.0453598817544
654.5247862395983,236.32126181985404,28.337440339165983,67.81411050552198
654.5960375574628,237.1456259599015,27.64787989599165,66.49214844814242
655.6124782102697,238.07446174743814,27.1015353316343,65.45302579083958
655.3902131648811,237.58862120262927,26.446489426012725,65.49909264267197
656.0211813762605,236.32635721080084,25.660691147985297,66.91781451403935
655.9625265550469,235.14025637265274,25.25437386685143,68.04817105941518
655.4872293729908,234.70866329269046,25.14215888285721,69.09132071864738
654.9334558287901,233.88335367575803,24.921061457174712,70.85144129200742
655.2914117704029,234.77329310189597,25.00197414841988,71.36558142357244
655.1057721869012,233.86011081480086,25.059991031621273,70.74919721274378
653.677936067078,235.17635848635285,25.812604456264925,69.34480288473071
653.3431648442123,235.92643568365057,25.670204384239007,67.40093083161555
652.8018764427065,236.7146653814402,25.790522550299194,65.60388698388404
652.6707212134011,236.75402229540862,25.605497080231473,64.8631222531037
653.0423508884303,237.08597209310335,24.99166537180335,65.839457247291
653.1747802370214,235.5301485616398,23.905476186892873,67.03935542410969
653.1829916870581,235.98052945242648,23.029818953781128,67.95356759292238
653.1103322118701,235.34436448576315,22.638830390443523,68.6951190585938
653.5777614938207,234.8454661160033,22.981354915607632,69.74595536379596
652.1926280625146,236.00278065073593,24.003261978834953,69.37559559383783
651.6096461559817,236.446895100085,24.5681914486578,68.55095740053449
651.6888031481291,237.0285098097278,24.571211129614973,67.6679389828834
651.4835598870943,237.96385447187475,24.74762915366899,66.53684298563496
651.6334297529747,237.66418653231992,24.868995969025583,65.39463950565192
650.6794273735521,239.36417323899985,25.846865418174563,63.48240970839617
650.5953009686087,239.32624055682894,25.55160553918612,62.42229065196165
651.6761492140002,238.1217297945314,24.768614430750233,63.5136668652011
651.329418387822,238.49614386522094,24.474681392593098,64.4378320261673
651.8042460312244,238.1291518412056,24.101291500476037,65.7530299657042
652.2718002281589,236.25955721314097,23.404841728514096,67.43050242686579
652.0354370414206,237.59367206399315,23.304469442475572,68.3492137289609
652.4844723283937,238.01550566852336,23.337657487360833,68.86862213387602
652.494035047231,238.9587598073647,23.65092203024073,68.90251793276958
651.6289914021936,238.8390543378093,23.430593113001976,69.12042132557468
651.2582629812167,239.9373386359634,23.475356355731662,68.25065426773388
651.5326988733939,243.00064670882347,23.644990371147777,68.05424680502767
651.836152640301,240.75207361397742,23.099003381302182,68.07237812121517
652.9945658395773,240.09967635436783,22.39539624391902,67.84387498246767
652.922555297191,240.991614301915,22.502858901774864,67.53557942203675
653.0019381549973,241.22163494878876,22.616963279746358,67.38099062410258
653.028430764356,241.30871299978838,22.414140656539416,67.65693062267215
652.7155150163967,241.44440300877062,23.0910032055244,67.39608075520312
652.1593401014779,241.60155830310111,24.114589276821683,67.33507426061826
651.968271886571,242.68319234092536,25.019353775559765,66.99481341096006
651.7397874390897,244.6576467302425,25.51128739962267,66.35449623655862
651.6159664868936,246.1683196765796,25.25466584337871,66.01495595454111
652.4567200512809,247.10742102351068,25.028356048893727,65.38569241721126
653.0754109790959,247.98713524826013,25.13187914435936,64.0463359272079
653.3905373586734,248.91755855516823,24.6161058450263,63.02326001384645
654.465882284513,249.7353658166225,24.019815841331663,62.40805328684396
655.2821632082947,249.17724146847712,23.465675944108426,63.21744058253043
654.1685668931295,248.77309001273218,24.430471761999875,64.9125197028979
654.2287118888485,248.5925624239917,23.808860693215074,66.73384075524157
653.288743865348,248.31855264121498,24.158561568897966,67.52105538450516
652.4551479508092,249.17293887694677,24.39700526717732,68.26615130217127
650.4991980856483,249.54583853497337,24.88755046525709,69.16835127276966
649.6260221229952,251.17039268030652,25.542593558394916,68.07862723274422
649.163402312203,252.65413836006505,25.381625313310646,67.8507265180636
648.9233490224501,254.9069369487691,24.997232502691112,67.47607406950684
648.2760768245711,256.536694011188,24.947324398105764,66.25865965894818
647.4220507874278,257.7074044545781,24.592107334056188,65.8048169019363
645.88194969836,258.9226079928666,24.450998419815008,65.19100394919977
645.7430084562503,259.4729686003165,24.19781788380515,65.06505453195692
644.8811034777092,261.4768885050078,24.043703040968182,64.70771072858622
643.3430750486394,263.36922570587956,24.351094823805703,64.4009163279108
641.41338169959,265.4936416174866,25.106609461128834,64.30489364776318
639.4288572186032,266.73689881412565,25.708226544058867,64.28252467646693
638.2127865771232,268.15214050941046,26.02896412332915,64.39160408344364
637.2743029075859,270.1880151273911,26.675065030213712,63.82955919890754
636.2367903445705,273.74922976485584,27.596313033746934,61.19911715237166
635.8529758684209,274.95654739834094,27.316111404381154,61.912623527018184
635.2438804333946,277.6527458182394,27.16227296992958,61.88923045995689
635.7788716878047,277.8834269470996,26.18009430919721,61.15041877320131
637.0223183696326,278.6077025721114,25.002059817001268,60.98641270635953
636.9189678721474,280.21648632966156,25.115973315225975,62.09917031790717
637.8290155905731,283.4124771791506,25.33024615497058,61.516096604616365
638.4239951680751,284.72265864468426,25.731364804532078,61.56469019172218
638.9076877455611,286.1763734051148,26.32107923032484,61.753128781517816
640.0118722693666,287.5466483659769,27.602087919759146,61.86032952355096
642.1739675607904,288.50378744346165,28.763207414578872,62.75546957002808
641.814113245964,290.4583830704325,28.7259776463473,63.19889176518298
644.1134420874457,294.07124329386727,29.096247823643864,63.20823868586717
646.3609836252297,296.4781485404773,28.43885390937652,62.975105701954945
649.113094526347,300.98481698933966,27.028398319605138,61.07141607824755
650.2161120819941,302.6143306399357,26.52305860378068,62.060818552293526
650.4504440607416,304.16284969505045,26.371499701141218,61.57471827585
651.3905414577748,305.77417451014384,26.023375543824,60.75328992099292
652.3466220545967,307.1161704787704,25.397323559240853,61.63820953616896
651.3389932643944,308.4727672152893,25.586293512425193,62.24844064084408
650.3469853509733,308.38978738807464,26.194147406322116,63.450902060524626
649.0733579184331,308.86206893508927,27.281215074671092,64.460060370571
647.6894243697566,309.955475902428,27.954514396297725,66.03038874126761
646.4638137698184,311.195580583327,29.128623469823708,66.76236404705693
645.9128669063027,313.5931463029603,30.82978324910109,66.78978099722522
644.6984443122216,316.43053591691745,32.68082416985699,67.09168443227476
643.2723427287553,318.21799276797196,34.51707033891818,68.15159071460171
640.537735217158,322.0502818980284,35.60075727449686,70.25501401088538
637.8236682818319,324.07210150244396,35.155521451392914,71.34954027599227
634.444586135054,325.5253682087809,34.66515392655873,72.47166716071217
630.5665564499388,327.2508388254754,34.46794619931586,74.34428759571921
625.5555070186892,328.21605024516174,35.096653452623386,75.19820633006165
621.310856118319,329.789060565747,35.37040769171836,74.95422402469134
618.1051125509061,331.41400795199786,35.814359807623134,75.30866646761314
614.08170056492,331.3457976974073,37.130904333947285,74.06019093683156
612.9235982111801,333.91385054501126,36.83624344847054,73.61282549507214
614.4660970018292,336.0150735773008,35.82881511346426,74.78898193522319
616.2033431794327,338.35423589030654,34.288967695772406,76.31842908731849
616.0766733496167,338.3132261473668,33.29094527006212,74.90541375931707
615.3744900319216,340.2542863510077,32.98741734177753,73.93481311788912
616.9552041070328,341.7048446007381,33.34772915127185,72.57007738625055
618.3088079328152,343.77941394729726,33.29160639960945,71.03300829991328
622.9920611827572,346.92356409292995,33.48766761060196,67.92471522796245
625.7164227595915,347.61472406644833,33.01489755904496,65.76094244631949
630.5107948642052,350.8131270541037,32.17478673452234,64.58693338797045
636.0960366046602,352.8600220379027,30.364593780956127,64.02370701328326
640.6385479845437,354.6751412428871,29.693632567514705,63.531985267819486
648.736000233309,353.63201830842803,28.86282661887321,64.07758136504722
654.4733686226863,357.51802494801956,29.165268604461907,63.257019864276025
659.4772611754005,358.4385370421955,29.6765541243388,63.71342738330633
666.039275219345,360.52290725459505,30.310185948559152,64.78583972187393
672.7595546500525,363.1899933492922,31.18801888707099,65.25252889112224
681.0378712784043,367.2012685339288,33.56418592333606,62.85348935940396
689.6049141531059,370.5294566435543,33.8331401061836,62.79483185582067
697.5093217064456,374.8204809050317,35.0840555292895,61.972506042521665
706.3090686971589,377.28535924724736,35.466230020153034,61.76795954790968
715.8690913387468,381.4696985946992,35.05766964603477,62.25749904606013
732.251171034523,384.47190214256045,33.221044357875805,63.296647686879396
740.8524573207743,387.0674717257459,30.686573096103338,64.79729433288642
748.760670349919,391.3908597460255,29.504279423067814,65.04350745095762
757.2623406100216,393.3590943437406,28.14463378048698,65.50337671835699
764.8494216524871,396.69420209664935,27.86795266021687,65.2513488307951
773.8075689276602,399.6203891711199,27.90083489820057,65.11540677642805
780.9582927311225,403.10737112083683,28.210583809220452,65.71072493189521
784.9405900097181,405.86143125042446,29.53218882173135,64.58176269273955
792.0576562942017,408.6987907259162,29.931028016374956,65.85895805221139
794.889070904296,412.4792373451051,30.05169612971313,65.73869954131155
800.6875775904361,417.6195192311407,30.034433772142215,65.94092099415495
802.4705265214774,421.1460739930396,30.84884501497916,66.00624971422316
804.8150671511536,424.4034499409046,31.075528564281434,66.356535736584
805.4429705972015,428.2311963342774,32.21982071126359,65.44748812882389
807.2162998412784,432.19223028498635,32.0978226673691,66.5031509784436
810.2090330152001,435.05485054390175,32.14784683237367,67.68066953577764
813.4532988148916,437.87766877452486,30.41260254835939,68.98488840213761
816.0442163239672,439.6125356053315,29.055095952754478,70.40974321098325
815.8554006716125,441.48788319860716,27.90610174343353,72.12356752516445
816.8390639876446,444.10657710814047,27.619503070048495,71.77694489622232
815.3673328426465,447.10112264390165,28.13782712495263,71.15454112252101
815.1224774423663,449.7340877038837,28.454620484979362,70.4722825723811
813.5180401157224,453.53752976510174,30.02637107668268,70.20743231301262
810.7328871412346,456.6688123868297,31.822715481621287,70.80620091660265
808.6226842736602,459.4213968121985,33.191339610096094,71.83035182904865
805.4998443953986,463.7334529811971,34.64343215882509,73.01224878365392
801.8704582855041,466.74875681137553,36.29698644495931,73.64977628946534
798.5438507560503,469.2027210008672,37.52447413646563,73.3306740899863
797.0684361472169,472.89681647542864,37.45857185350706,73.85914821807296
794.7876757932056,475.0738711745739,37.620055749700796,73.87981279896938
793.5878429311787,480.1539244193352,38.280889596046336,73.36170650781102
792.4239553044,484.2012433722815,37.911173919046405,72.67872259743234
792.4180508090104,487.06834461437745,36.56724212422682,72.84086382127879
791.0652021594753,490.3156721632288,35.47136113998696,72.93495527127513
789.7096616600003,492.5183233448432,34.209895561483506,73.60546334048041
788.0387044615475,495.4141109432576,33.2490555562285,73.3758302441766
787.2217153682797,497.11279481410963,32.74792860970744,74.03522424411057
786.8676149990945,499.52480286280957,32.66369447688115,74.46044377674622
786.6562926982235,502.17205669602635,32.54077436752921,75.7309066036293
786.433282504207,503.9621482913447,32.9815733812292,74.82835336065484
788.0634135216001,507.30596681216514,33.6016886390761,74.08015466206214
788.550870985616,509.86346049771885,33.57018810113142,74.14837051132207
790.2829751101857,513.7834130243463,33.81319396904226,74.74418017974692
790.7775216345864,515.2045335095596,34.73156423239003,75.1388261874698
792.3784343678253,518.5020331569195,36.64592681522855,73.94693501271436
793.944574075394,522.9145212858294,37.73220142001911,72.8758502229428
796.13661314591,527.0321658204498,37.57810899294573,73.43432240705908
798.7178452434168,531.2845823651624,38.163586768757256,72.75745457718577
802.0801735802239,534.1681054946531,38.37099510521405,72.03916491763063
806.8815977805069,537.1223868877198,37.45667667290971,72.77782035888367
812.9672839296109,539.7076535562172,36.08882934571,72.52843055368814
818.0927085807914,542.9861173827336,34.40985084718213,73.53386890941405
822.3888105288687,545.7625468815921,33.75723549778043,73.31773562351951
826.0475355379368,547.393575962283,33.62655544195486,71.34663884691088
827.1522226095008,549.8885849023468,33.63285546073804,69.60490673719954
829.773924326215,554.1279531375592,33.623693512905135,69.10478507390368
829.4265688384558,557.8626760422766,35.45353870854707,69.12585354288088
830.3041447023332,561.4728903954353,36.90270812680346,68.94102597563199
830.6985247628529,565.1680777982077,37.59836985501483,70.74355564243814
830.2650616437597,567.1239226841881,38.712727237319534,72.89881237697777
828.5762256892543,569.8636834956958,39.411310076963844,74.45287964022327
827.4119575600844,573.5013455426844,40.00397490109202,75.31360672422458
827.2071909126132,576.9730899891783,40.33959790007121,76.18631618023568
827.234342458938,578.5561975975053,39.79690662668879,77.69118679808508
826.8920258448001,581.3452084191696,38.44803584571788,77.64343811541919
826.0408611376204,584.690690967139,37.13712611479842,77.88972887885545
824.0053990263261,586.5561493423652,36.75028046662867,77.90954240451094
821.9850164358425,588.7474788641157,36.60370920274132,77.49742722239898
820.9689612438708,591.7347533331367,36.05687728779539,77.5827041815738
817.9387229614812,592.6926359823974,35.86131184894325,78.2741271078449
813.8061224447056,594.873735394642,35.731970188402606,80.18800841488635
810.1646747888882,597.3207470979943,35.908796888892326,82.063737033786
807.0852702671344,595.9010361342479,36.0071162778589,82.82066899393267
802.9157300361871,594.9436298073057,36.64399728067748,83.07336583551542
799.10575845245,596.724604531952,36.68537008224598,83.07724017963407
794.1931646390486,596.6609664812536,37.46698051483477,83.04589836730783
790.7460016769307,598.3358560191842,37.30949092927452,83.38837121214675
785.8670249572319,599.9460756793225,37.746076151203816,84.32796082634898
781.2156450147767,601.2790350425064,38.411644263653486,85.36939116194696
778.1334109341065,601.6527639866047,38.91731373038317,86.5843517107547
772.8137348232121,601.7239050762158,40.05394607302141,88.60136437520607
768.3232875933891,601.6905600762733,41.484049745924516,89.65254262391606
764.1968746689513,602.5940650200739,42.01791244859031,91.06354793025412
760.922145145264,602.4021451418081,42.14170325637135,91.58627568822767
758.5986959913478,600.9008364971271,41.44774215105697,92.97626106058999
754.8116445585276,602.3531014933917,40.04637638113809,94.93929669992701
750.5275158124779,600.7140023737473,39.26106579615018,95.24410173738787
746.898547159802,599.4161731011218,37.71831817260802,95.87531135380604
743.261016501318,598.325115675029,36.75013627210778,95.94419931542765
739.7914318812982,597.4449433877236,35.907970158295996,93.06570893673032
735.2637533175132,597.966116779309,34.63521372995764,91.20740556099969
731.3657238749032,596.2706468600387,34.1395007264448,91.17949402396032
726.9809101251635,595.6905314730077,33.6652803789393,92.04641910296549
723.0401175871381,595.2474729540683,32.94471167691414,92.89800912962872
718.6304837371478,593.4310142543686,32.823796691042574,93.20609265909388
713.6575222563974,593.1067881373996,33.4762111228802,93.49198950839612
709.2041339471365,593.0120979583701,34.09293818848467,94.32654615792076
704.1251640536934,593.0165032351118,34.43543302908158,94.55810057321409
699.1904912869899,591.3073847487457,35.11190842241302,95.18649708612278
694.6516838695059,590.4051003436689,35.576903857356605,95.6798686153924
689.3471103006234,588.7194234893384,36.06801377130567,94.52167463270825
683.6142170465209,586.5608956164633,35.859108125580065,93.52707438022843
677.8022666282413,584.325986131728,35.269151311382345,91.53569597344787
672.6518852655158,582.3721512482031,34.5940295992722,90.62156932326147
668.5974733019555,579.9656337079984,33.567750300685084,90.07547926634143
660.2740708587412,578.4493109753246,33.120690746195535,88.78318118920868
655.9272834232102,577.0669487507018,33.10008562458181,88.74812550806799
648.6636768624547,575.9386999831072,32.788937005980486,89.97052715988778
642.2718547545595,575.1321961707349,32.88016503066982,91.9279805496509
636.5869651052601,572.7170764228813,32.83559763432234,93.59731778362408
628.9522771914342,569.0854937311575,32.60330357824609,95.23927926768809
624.818291564204,566.2712507913026,32.314079169254455,95.61262198180953
617.8500528057142,563.5057599006618,31.576186874222145,97.71016498516741
613.3328651300835,560.9179465511842,32.20281591048113,98.59084549042763
608.5624493984956,558.1395462366712,32.96902827117904,98.68688838706217
598.3545509339523,556.2542033745931,32.811430424874885,99.98185155987261
594.4626194271061,552.869219410831,33.01394311202923,100.11668860513367
589.8395159028634,552.9775848142812,33.3777897021407,100.35019200276406
581.766344778573,551.2566927519306,32.8035585254283,99.65710988982485
576.8143864064533,548.7046811808648,32.912344539992446,97.17404683124222
570.7063479065682,547.340705005032,33.09376692245308,94.38839644929598
563.4927512956192,546.5540105759655,34.24117594177556,91.64311646511317
558.2487037931552,542.849768486933,33.640613567553096,91.92195958711729
551.0527168734541,538.3398855064993,33.59847199710424,92.72926216907855
546.4355120256577,535.7416949837377,33.216486696054076,92.36240602435518
539.2385733619948,531.8528538619544,32.61187559717124,93.1880776363605
534.8141395975164,528.4755875865764,32.57616346761988,94.35332099873162
530.689042639916,524.690648259662,32.767127532051624,93.68890285385415
526.4214143823214,522.9710874268053,33.048767714232916,94.15861433852217
523.0839218263745,519.8869903752991,32.9139913019263,93.68636273230587
516.1771653304307,515.764217827905,33.473933737173226,92.91188829584418
512.7967277114597,514.138359502885,33.832869106188454,92.81434986089272
509.1178988239569,510.7814150598997,34.0313114309069,91.50907466147505
505.4847651612947,506.6930585113613,34.2995051783505,93.40433701010829
501.256199983033,504.37790891444234,34.73951803456868,93.55659407824433
497.53931530778465,500.2206972976214,35.2040376597237,94.88706860430554
493.7062146150063,496.6944081895363,36.196300770896926,95.98678551142423
489.9652122646334,492.5579400288958,37.19184001754108,96.92209203763076
485.9712455316223,489.125891937223,37.51033941297615,96.84762344360219
481.0719748587816,480.95292390415034,36.341993284597436,97.33411489152246
478.6784669952958,478.42897062706857,35.41441512423995,96.77124883597526
475.52025096961927,476.41526518416657,34.36347227858987,95.84210578577458
471.90281177733965,472.45831910583877,33.35864271637176,93.16701440666361
467.9829620410843,467.14778756087924,33.03203855423888,88.75368323236151
464.9458928390627,462.6251664322456,32.66012154598961,87.02770242139152
460.62893156629923,458.25597865814365,32.48656327944373,84.29154012016909
456.4522622169378,455.2617197567967,32.68310456910901,83.82304765369797
453.417744985982,451.6725782163451,32.34458297404432,85.32474982868693
451.5949782210027,447.1364146958854,30.937789347936047,88.34038522303037
448.67752169453115,442.5773337007589,30.592431729034622,89.76034984847611
447.11564683558424,437.56844563729237,29.952151467222567,91.93186828879425
442.95530114757713,429.21182378702736,29.770458657445868,92.00680441791319
441.2229345113787,427.11580421720333,29.34008728315996,91.9946013280995
439.3918991469342,424.4995958719532,29.302381839411083,92.2977663477624
437.782896458186,422.3148596186235,29.207029625278444,92.54073538686202
436.38171506816275,419.07182250518457,29.361428404622966,90.9792336631173
434.46888937737924,414.93772008678525,29.69016158474349,89.25550372360982
433.297273785119,407.40494403483603,29.674699169563052,87.47444480455903
430.87298195519287,403.8186203836577,29.61373645414063,85.93820119199867
429.0526407477596,400.80563914513687,29.138589878070917,84.58464420645484
426.25496052236775,397.4316329277691,28.901580047635058,84.02495219249045
423.99868465936595,394.44777316103784,28.363416327166505,83.77224516650472
421.44660056275654,390.473019855802,27.831568151519413,83.88419350747566
419.1553428448869,387.1388221267431,27.91535054358798,83.11944868773097
414.59994721660667,382.68127580850074,27.513412155373068,82.95940037115169
413.0062859733105,379.12626036589324,27.87456944268562,80.82910914332955
410.685722831183,376.9956170136103,28.01797214753389,79.69489900265009
408.5503068459406,373.42863321948056,28.28503328977164,77.28645764773327
407.51041790358147,370.64842807024417,27.731681816198282,76.06520500522706
405.9101819966841,367.16795645077536,27.466525244449198,73.6562494480831
403.39199885281204,363.0565953159163,27.393678656827134,71.42438664242289
402.0049157712647,359.3911731997678,26.907148885626178,70.99053666085265
400.8943969669449,356.71864755057413,26.04073098317254,72.05132148737724
400.2755494353068,352.6196290393512,24.914397592621896,73.32888255004525
399.17349121704103,349.7463153157177,24.267754284509287,73.53681227773824
397.56670718273364,346.5616432218723,23.9614077260488,73.6890405863702
397.4406853315114,343.35793236346245,23.52395669945122,73.61830764391871
396.34132574878316,340.438315611745,23.10203606388231,72.98115412342784
396.1896021176026,339.1402201885553,23.28654460452705,72.21559698968935
394.40177119563225,336.918192138062,23.901284445675362,71.19944705887667
393.72716517182596,334.2808506497564,24.387379871316824,69.02211225136918
393.2940980729307,331.5170935688679,24.533952253845506,68.64351994113088
392.80029655017466,328.41390530067366,24.48687672098081,68.22758965378887
392.7826814681644,323.1892765753982,24.152496396586592,68.86503947189354
392.90065455139194,320.29430236804853,23.984991203890203,70.08978040520853
392.79483190690956,315.16193263133835,24.06033908808884,71.03695396066016
393.03048447167856,312.01289495185335,24.346521732446146,71.76878137956672
393.8689356244413,308.7180213254698,24.573669181063437,72.82098104398544
394.3639839005439,305.9291477604589,25.381231668355667,73.24002580050258
393.9434355611667,302.88100522577344,26.22693154537381,73.8497142855534
395.11134157433787,301.17650824838955,27.15739921644972,74.35708213024425
395.63132628552734,300.08621169259385,29.426368774173316,73.96395740927039
396.5133050399966,297.8184457169294,30.343042187552218,75.2905378873633
397.7185392363361,295.4161055025989,30.36460471108731,75.67401708692876
399.1601727107343,291.8769994589843,30.567786908561615,76.83535285808742
400.4555342199971,288.61160146320015,30.829983945425433,76.66233481996214
401.6461868416352,284.9260262198049,31.134708613190526,76.60119570638028
404.71244454242617,280.7010013977269,31.266292809539397,75.68623699634927
407.893550362466,276.19559498185737,31.35651094088309,74.08627197316892
410.26145798158774,275.6169618958419,31.42681943616016,71.94834876455417
415.4179748137233,270.8523176345894,32.56404498056824,66.10732459632429
414.82075845937777,269.43075748556754,33.01868981265324,60.81187792354272
421.25108839595663,269.5776532471104,31.436449434124494,57.89598914665761
422.16902521606073,268.151864843135,29.990687955552595,55.27845784990254
423.8664080716169,265.60151099517464,28.79289151514648,53.106067077042795
423.5421418255405,263.5560567846587,31.409915203931575,49.03166082369718
423.02818246744727,260.88236707935306,32.6487330794304,45.65545796654723
425.02668767055167,259.8727778122553,30.946237329288472,44.416623967554884
425.6823338934777,256.81995396429653,29.827486810535643,42.81283286266065
425.559341204108,254.23713001198342,28.05281107362859,42.096939991987796
429.68268731759264,252.18427686004753,26.741947532419875,40.73344330055929
430.7036500999065,250.4113309775291,28.637060389423034,37.215132756941394
432.04508637873295,251.212988218787,27.882413468252395,36.17567934648906
434.3288783610701,250.10330926046962,27.315059339088283,35.445517390458406
437.5022056059971,249.37331524679496,25.996283610525786,34.67242860697091
439.86940054661983,248.42020224750502,24.60982034594903,34.79822810332301
440.98943452053396,247.43620718901272,23.64090012608711,34.84092370183687
441.1023903875488,245.53817565826728,23.719601982298,34.93308332666695
441.3178747588056,243.778382433075,23.261291652315272,34.71828118719253
441.5229064215586,242.17848205735896,23.431525200855603,34.643593012690744
440.8706120198784,241.29217796604343,23.172907212338277,35.689542433820534
440.29236778706655,239.99390359702966,22.97084751359432,37.71528216515705
440.7907830944474,238.41849879579408,21.695859694442994,39.40756181844
439.00485178487435,237.78236971043356,22.238810246175785,40.083290207342685
438.27013010228313,237.03352378959002,22.71094744327883,40.73651470712985
437.7182512240573,236.63053183501285,23.200587577354987,42.902472881382806
437.2875649376992,236.75123461127163,23.830236230560462,44.45448180239886
437.1254612523384,235.26844804051632,21.940132716806303,46.21872094427569
437.63546399030093,234.53556471026928,20.587415395244832,48.61724939313794
439.4946025118624,232.28641994285394,19.36636840506989,48.97925553029411
439.25247507312986,230.86220247316896,20.377611967666077,51.042893039625596
438.53663287517264,228.8185938335656,21.333736652124273,53.53500252502437
437.44017478359115,225.96344005365637,22.116349719442532,54.4086148905984
436.2932724536986,224.76164325304637,23.138093031266216,54.788487988965
436.0469037222122,223.17445740374546,24.39301928646762,55.41710930800444
436.1272490551496,221.6480563902852,25.433933940569712,55.12399053376228
435.55793045900487,221.65437269004562,25.841951225480038,55.476617909436364
437.32520564500595,220.27466071915137,25.37691250547066,54.147562809171646
438.86425138048367,220.3974725397941,24.090581359947038,53.13069172134912
441.5183990761268,218.69664037173703,23.119241515993508,52.47905043154773
444.1315650012697,216.68756655635633,21.992175241116655,52.462571101554744
445.79225173210597,215.41689605882763,22.359760901148242,52.875293379418565
450.34593548288353,213.51973942331466,22.59571519982503,52.38590093907979
451.9276677804525,211.66075436499526,23.261707410869946,52.6230310879909
453.5703768873401,210.0398214629706,25.11817352402959,52.15447509142682
460.41657041353307,207.91412492986618,25.56588885811818,52.60685287405107
465.14531761874673,206.99810302209684,26.393613640195824,51.79109815138175
468.8054305699614,205.7687268173912,27.348676319614604,51.410115052827926
474.27316445080476,204.95387391460176,26.217284752691015,51.337138482498915
480.23070090570803,204.4912828600821,24.997459493030973,51.476363910763524
487.6961480460903,202.1538661517679,22.884469684617585,51.24537838818296
494.15860512837605,199.5318369760681,21.89514721773887,51.875794523853806
500.58356682733773,198.49781484963773,21.934023487173917,51.40185040391178
506.213482147835,196.1684013987666,21.73894637858906,50.88024307866432
511.03613524132464,193.41772366942251,21.94252572780367,51.03386265554705
516.2612887695238,191.8245447541336,23.27657764967676,50.78226892133607
522.4295072888106,190.1216735554408,24.429199105671128,50.59235993055337
527.9321153458843,189.3635879773755,25.425119771308804,49.740769236326905
533.335226926737,188.5329192297452,25.062037593184954,49.17696210687742
537.3043839463594,188.06845355298896,24.980461644455293,47.871487227556
545.0628049255209,187.41598227760036,23.972458339696637,47.06621864437632
551.6025703561422,186.37656940326067,22.29023392071489,46.567574328892476
555.0812784432109,185.47204302780415,20.902025414881997,46.876140229066976
557.5783991318915,184.34304463895012,20.222398810317422,47.259938570037974
558.8251167094234,182.42732693060333,20.31486300828112,47.95094639731505
560.5509278314323,180.20141443701573,20.603408858897993,48.54069057203603
560.4973036194042,178.79297881199201,21.795465394145072,48.88270210757543
559.9514180758136,177.91125363740014,22.870620533617743,49.16440590238446
559.5679395565758,176.8128355035456,24.052469381318573,49.44986867403791
558.9801751218286,175.8653770160194,24.620695227474627,49.47321518114143
560.0048780752263,175.61214437431767,24.871405144424916,48.84422294882833
560.6623396576565,175.48853109243674,23.72739753849877,48.00923932944657
561.7398305701032,175.80617380086758,22.14193666392267,47.315937217502736
562.3153779943217,175.95651523029366,21.083838882162368,46.88281712949408
564.2846418613274,175.31594313776756,20.152298719867268,46.56776287494819
564.8037786226071,173.31606757757405,19.40424760369531,47.50420885579361
564.2275430485406,171.90327818479213,19.613521263043346,48.103693633865376
564.2276364233397,171.02377432390594,20.265461362142766,47.22695583027765
563.9271058776435,170.01599084890333,21.078609280098114,47.10683519063748
563.0702236837541,169.81557658302157,22.286441098373285,47.40530791438137
563.1974414153685,169.65195483269642,23.077517953755333,47.6839450602884
564.4561814191637,168.7833107858491,23.029742335737083,47.54073343340963
566.4291292600723,168.59127485853386,22.8290551557359,46.69277263137049
568.5718048120682,169.0678348132036,22.08013822532793,45.45054235950126
570.6970899798227,168.7014443797308,20.999360065111965,45.023906670088564
574.1634304319317,167.58933987056002,20.128093402684804,44.88864961253283
579.1100124116764,165.70057654800675,19.643955589130464,45.88190120270773
583.9632522245448,164.6245430740847,19.8529260595239,45.989727199013785
588.7847019920613,163.90710592087834,19.972041867203362,46.26089782538803
594.2568849099941,162.70562104687403,20.174942419277166,46.74104676689336
600.7937544590102,161.84084661589503,21.60870683076657,46.60192874156802
607.3118533011422,161.39180698617415,23.138194418719507,46.83276505676922
614.1120660668838,161.19037849665722,24.54018740530246,47.29321366036105
621.4093920175648,160.99317329122346,24.40482600839622,47.23181626616726
629.7521462730956,160.9477233221442,24.70933061989297,46.44917866388991
642.3140126286174,160.68038829079373,23.102882302160058,45.81553820355778
653.8028689416869,160.00471848420668,21.526611250117583,45.347331117207936
661.8103555967425,160.29045135159876,20.923632874088618,44.757448973974384
671.7168456419964,158.97346307576402,19.90665231055824,45.14983550260311
682.1797714067825,158.14922422103388,19.503877792094386,44.764172863628914
693.4950031943522,157.33789659294985,19.75207632633013,44.25931757215902
703.0336313641405,157.18233102936188,19.74063495867718,45.06386336956396
712.5889625662381,157.05258357117216,20.01733408097132,45.69563831738601
721.2206036337104,157.17235849767968,20.431015752179135,46.299199860206826
730.9221659954916,157.47218801591436,21.36841188738132,46.93394109610687
741.8034722148433,157.03673045185997,21.355883372017864,46.89515481725991
752.6565264996382,158.49920184993022,21.09302927325315,45.768028893716156
760.2853782060072,158.82014900367687,21.395995759502014,44.79877416480374
770.7723173353129,158.0253901230327,20.933544426549773,45.00322172135728
777.9736231143438,158.48950657933696,20.518743957049885,44.33183663737539
788.8376993312652,157.4763328746235,20.486028000868266,44.33572430139522
798.7637217113387,157.3329869221438,19.14026795446639,45.7703232250161
805.6080771303825,157.57617221441615,18.74183936582949,46.84200518029684
814.4968528114056,157.8154321046808,18.000519998412265,47.58101112036384
819.9917084292695,157.8258676256032,18.289156731739673,47.91700310036964
826.7469590536725,158.46233133085784,18.85946412245991,48.072296796389615
833.1817961805755,159.17654761084094,19.330760861696035,48.16291578824224
839.4877789338572,159.37021524359835,19.18836742239349,48.002022636246124
843.716070511546,159.40696614733935,18.990536136217372,47.533294260780536
847.6808487159403,159.64324543687025,18.6311730181392,46.761224338478
853.0479911778506,159.7459714797794,18.430981951130285,45.72194356499182
854.8401413721307,160.28768178561305,18.425394025948915,44.44565537624857
857.287320510183,160.5111222285847,18.2606895851409,44.27687015289912
859.9241071997567,159.90349716462208,18.134517062011525,44.74791605766835
861.2688632713778,159.8614404553658,18.11856029291502,45.598402037635715
863.2150166607574,158.41023178226882,17.624682431086825,46.95305949327333
863.0792742463507,158.66022957754012,17.988456953553957,47.54024272906282
863.001643147151,158.2171155139214,18.50136782262659,47.42828194343175
864.2635345041383,158.26000231544234,19.0930025891206,47.07593798092141
865.0018019549121,158.11316830672706,19.561873647656007,46.07114599163813
864.9407561725965,157.96962170089012,19.642786549957467,44.591152697422075
865.0525822621928,157.8785321564582,19.661749146660895,43.484919572960436
864.9632847237098,156.9937561222657,19.297858688482144,42.97273884372276
865.1114513852655,156.82226621421836,19.279463880318538,42.027998694836356
865.050957070596,156.07133874018305,19.134228959814777,42.56241631599885
864.3384554769381,154.69287989310396,18.426942022237448,43.71143732455678
864.8274857279406,154.02376613218476,17.998358203372142,45.227419382666234
864.7604736973831,153.0199051551718,17.69656356250475,46.20912188268978
863.4927093656893,152.4394244786659,17.759081924302368,47.19913604160216
863.8873025246718,151.53952651649422,17.60664338379929,47.64339061748819
862.6916339386802,151.57196671651405,18.069422086963822,47.17263325311788
862.9589510179402,151.06660992471421,18.25101420817949,46.035213558824466
862.875920722822,151.01689122362058,18.55848018712867,45.31816180095088
864.3745721344758,150.04676495593566,18.35288321060756,44.601144143220694
865.733230891211,150.10354098466155,18.22827261585379,44.02049855845186
870.5963896333568,149.54419008079813,17.899905303986248,43.71099225346207
873.2069809365615,150.53672759527637,17.954646426519815,44.08913815460507
878.6713729359012,150.12094712559846,17.43194362748647,45.541675840043204
884.5274512897416,149.5783232465985,17.709766663763006,46.109222329847015
890.1008942851703,149.78896447467852,17.982937969658597,46.92642759417647
896.6288890013986,151.14689754637106,18.393218030305043,46.65312283880709
903.280581529249,151.74241092977002,18.864448262384876,45.77567661481204
909.9044995659289,151.8166150014791,18.762403242797284,45.02313689199476
919.2849258341764,152.98987454344353,18.757404359256306,44.94295424910591
925.4491891070892,153.18337539439497,18.560935957046457,43.744462130676276
935.323719967269,153.2941664351226,18.487352218254316,42.88253584670251
943.6700881680606,153.30129214679442,18.39399249513791,42.293427546031914
951.7330306234456,153.83734184323083,17.903989008317996,43.86342586472223
957.9227810887829,154.29034396154663,17.874836550238648,43.91668602571177
966.0215955978628,154.74839631783868,18.15599400058474,44.477659870142126
974.4548127200729,155.11068102189205,18.480685625915385,45.02967854434893
979.9186130396066,155.8086752209644,18.906961100739718,46.00325348734498
986.6611479908873,156.93724335073725,19.49472998144231,44.949012392289035
992.112152221153,158.38331710079223,19.73900562430454,45.54039279096754
997.6993777406695,158.01406224066682,19.84660567169732,45.29007987222984
1003.6023099618776,159.17534449505524,19.647611880526306,44.96570850825131
1007.6553057283904,158.6035216498286,19.619733903408772,44.537371457348684
1009.5400562054687,159.14193316271664,19.971707692141813,45.393070132431674
1010.7706876232386,158.94367226943933,20.43017909618021,46.17005021433159
1011.3583361371394,159.055697986894,20.58853086922831,48.37848841298245
1009.869994557116,158.50949893414085,20.54001843067291,49.57052377356131
1006.7031426756145,157.91698043470134,21.028534052806823,49.56690956833114
1003.3841906296396,158.28011776617944,21.79338459403639,49.87029167322009
999.3632091208522,159.03791039099568,22.55523534507067,49.059291498966054
992.1484079257934,159.01964780672412,22.24674245167981,49.12128165302882
984.9298974594309,158.69588417396363,22.115237116399538,48.26465554769254
977.799549349118,158.20913148586473,21.92060344200592,46.924281433991666
972.0522948965486,157.92265148727643,21.099772305030562,46.21143262951725
964.9926732174474,157.1240950435199,21.193642204370548,45.053616451325965
958.1581433715783,155.98900010197298,20.470353606619085,44.825160551949125
951.1280071163144,155.05586334541448,20.203456698811706,45.38193039055895
944.3719170408432,153.65217802320316,19.734143853538313,45.726795932824004
937.1201454155868,152.58167704213028,19.612526886766148,45.15319947768768
930.0403232845421,153.06890910965177,19.79206098039851,44.357278701685914
923.4603149884836,153.32429308813857,19.796465580633075,44.3985764152026
915.2705497860205,153.24847265897643,20.35294262557383,43.09872353344508
907.9914892843099,153.67403145204815,20.856515365445322,42.65307470922252
900.8360557108709,153.822730826876,20.787830624811082,42.31272628677846
894.7401727647475,153.6044555980541,20.250351331205913,42.01501064210827
888.0009188522214,152.76942569084196,20.27741643775225,41.944930256871345
880.9925108936162,152.7772227732189,20.254429803693085,43.09416510784921
875.5906105581696,152.13467206958364,19.576269224280963,45.542175903661956
872.3315003492339,152.50734968496127,20.075620242128096,46.081073554910475
869.0389950934963,152.23432584400754,20.43624406155618,45.93542578508148
867.2594366706547,152.51800488827948,20.253789004010557,46.08936680838069
867.226099435699,153.01380208931994,20.322292992509425,47.28690891142673
867.7767867160076,154.2029429636051,20.371719375266732,46.978482614440296
869.1554738133023,155.24451879124496,20.095626461195053,46.04339712222361
871.2903447910834,156.37139218645777,20.03837268007122,45.11626804954093
876.0053024944674,157.54158829464822,19.847370809375004,44.62491538775596
881.0511045898623,158.662825178356,19.68182443413682,44.048858384599754
886.50853891157,159.99307659412545,19.531869349681443,44.21521145096423
891.676214689107,160.65849565656947,19.191055148122985,44.212550658954356
897.1402388728069,160.76015453270716,19.402854536155488,44.91278418717748
902.1950857338909,162.6824489071807,19.550369638145128,45.40941724761759
908.8795377541342,165.14479781527282,20.322555990725014,45.104118502173094
915.2671055399006,166.60796933571154,20.503065980410398,45.25106676302295
921.2017469851622,168.46626304864958,21.36006139494078,45.721825795581935
927.7175889109503,170.15722470039236,21.21914654818654,44.621485086014246
933.567612636017,172.32817095853517,21.21252904495264,44.098036821742795
940.6849695760164,174.9467106986003,21.684402002722166,43.301268296660105
947.3342423801987,175.69907223419895,21.838387255258638,43.61981864579665
953.2587397379203,176.72770435093366,21.86659171278899,45.229820781193226
959.2444134547709,178.31972643828524,21.721975960911657,46.90246844380084
963.536927874527,179.3544998585413,21.901002373474526,48.42506609257707
967.5114440072244,180.44213589979992,22.75855923466653,48.41268062962769
968.4907408899603,181.84013593435333,23.670749513460557,48.1192721704757
970.0307956005738,184.30549290833636,23.442477965692394,48.089715601660025
971.0586735164634,186.90573630958676,23.86651449040429,47.315809705073534
971.9720659798572,187.83279406957678,24.369092909716464,47.239835326031326
971.4849087082353,189.568527555497,24.890871615071685,46.368446221698754
971.5186830431112,190.5505693777707,25.008357637607297,46.010378736209034
970.2929204200284,190.77014608236846,25.157633213744155,46.65235392427306
969.5518837035785,192.05783070424923,25.094416295730106,46.377222574569686
967.6378353210935,192.24785041783215,24.99297814859071,46.12029135558333
965.9470271035616,193.53192117236117,24.937429800176606,46.16714604136477
963.8581848804533,193.9666174149486,25.09691003420452,46.00106231730979
960.6559738632444,194.92358691955943,25.389598155200765,45.80657437791996
957.5966209126613,196.23672100151526,25.50548976345923,45.64498593202588
954.8244466066884,197.6399906387576,25.14897568161839,45.68477372396268
951.243648535246,199.1755360426949,25.810811673593562,44.691977670116444
947.4879234941659,200.34460718945428,26.004592364121805,44.17982259640815
944.0036980601449,201.19316119639456,26.1145870973677,44.2134277115712
940.6325030629703,201.99034702709562,26.38576613514358,44.41611177145201
937.4848993190857,202.69523982820448,26.138727758044567,45.25645753787134
934.9487772105742,202.75196388389077,25.999515199402126,47.11285257568396
932.791889124413,203.9984386526483,25.883678258321247,49.11687846007441
929.9932807704326,203.9039940738362,25.946278972782295,50.218722424980086
927.7105884642315,204.76518625802862,26.065078883646507,50.98969142344709
925.6437039699424,206.06647599970995,26.337075334993102,51.50473979920003
923.3224477750146,207.23681904592064,26.07683484856713,52.051815538062186
921.5804734103955,208.25435653645434,25.781103564148758,52.068650957385415
918.7804911774273,209.67358089398863,25.951956549372177,51.08972363132446
915.5002683534584,211.3662269789401,26.144517084547463,50.00979297074464
912.2063415675499,212.5406350879418,25.959951680534505,48.85187910507426
908.5564466480507,214.06991997317112,25.922028277955583,48.21536934743301
904.0427951387225,213.47140652064311,25.028869641949075,48.371665418481754
901.7894994387597,214.9813323860468,24.798186395115692,48.52813972412764
899.3402283805434,215.57717530025764,24.23132400105008,48.893755417007256
896.637069297066,217.12059089544218,23.972974561651156,49.20719898020873
893.3444319420249,218.94076674692053,23.873695648533804,49.80277676638772
891.283181218873,221.0143302814401,23.34460388652468,50.75544980721191
889.7374466677722,221.73549254772595,23.33122126600884,49.97797449634656
887.7464237696032,223.07028583426842,23.287839720885813,49.27374701502036
886.7781366472451,224.65366471522483,23.70619616355438,48.05768679434442
884.7407832643156,227.3858202093705,23.92222315798989,47.37197554512776
883.3807735689375,228.81553015973296,23.489716408533255,46.82472233522932
883.0997712249994,230.74836955841153,22.91165256537295,47.703658615844574
882.7874639085077,231.35873168360342,22.70913485411053,49.056333909223
881.5402947249088,233.19753453086025,22.75670565272005,49.70958024641709
880.4062051325536,234.74122766845798,23.15230681256609,51.176113286559776
879.6500927866355,236.86165389898608,23.669038151989387,52.55032496963811
878.7823224883273,237.77352411782167,24.184166971109242,53.58266148776222
878.0971857625044,238.99413161941436,24.16080360005467,53.815199746143
876.3813432227055,242.3202559117308,24.90828934646163,52.76607673371468
875.1392145934603,244.02169561548635,25.051232050737237,52.358323812028154
874.5517378579862,246.20582284458453,24.835287293994107,51.74124237324098
874.3842792420651,247.45755983616607,24.347013300307424,50.68623039950785
874.0829603492361,249.2653043711276,24.023044669262976,50.06551328698226
872.7473854589828,250.3373776971001,24.149413241731565,49.764197889042705
872.1524949849188,251.97765302348623,24.26686502630813,50.11555016939117
871.4164379775968,253.6187166688204,24.191361247868826,50.57934949729885
870.1609057709002,255.36615365411527,24.412487926658258,50.72116328229386
869.1881654937162,256.7662294167943,24.536101491890605,51.413256715813304
867.9954522353717,258.63026579658265,24.76846328079627,51.82874150475959
866.6290086116252,260.52855186349996,24.96502388148454,51.826204328810725
863.7726867096059,263.0782839443449,25.626249381079745,51.45999793765918
861.5985787095088,265.4136594966856,25.77458430446117,50.7167923804631
859.3991238321413,267.27401580160625,26.134164530387594,50.013189641532485
857.5657338164251,268.78786211515603,26.21455454335674,49.48044707050896
855.5711174855802,271.2535273573766,26.51702630264188,49.162735436775876
853.4403699355922,273.39318656508954,26.929531915923466,49.54922093065175
850.4318688608391,273.64409996556043,27.422503856841956,50.55353948779556
847.9669085807463,275.47810787927494,27.252758298405773,51.453144891445575
844.6116839123799,276.65618574108004,27.56735316202449,52.16523934712619
840.8093261542631,279.1141189028473,27.932446562169503,53.5500832248551
837.0281042355845,281.68220817747334,28.506783671926538,54.57459116852291
833.0971859771837,282.2362053099805,28.842726023689025,53.43535211891502
829.044949935345,284.832080043444,28.986668779973694,52.445404428873935
825.3399759095939,286.7512756914949,28.96666945522482,51.75102486868826
821.4572843455371,288.8536248778682,28.647599000574772,50.34976325207583
817.7795628760771,290.4414103042107,27.87927980875754,49.13922664583548
812.3838442252777,292.07175397699217,27.420961250981307,48.00231668979896
809.2290920916965,293.2758695648361,26.409673796799595,47.083803593677956
805.8704253011581,295.2828014710363,26.146633518470964,46.31295292481707
799.631471053133,296.34996652565593,25.78563095800235,46.79999789950112
795.7118256305545,297.42501218135993,25.671495918912854,46.70527811099654
791.708716005458,299.53445540522074,25.844990597877704,46.88586103888526
785.2371052984658,301.78468200795794,26.272166441488565,49.917821316076946
779.2638433407109,304.88613692061216,27.388434848575645,54.05097296842963
772.073951274345,307.62604946179937,27.93051050810184,59.262218442695854
767.5431788768512,310.3773913990842,28.784192449085367,63.11421749048942
763.1624957708974,311.5187792748043,29.637557714948137,66.33890376373797
758.5972941813277,312.39643320551204,30.32185207603342,67.71652022063607
753.9289853713123,314.55826997114343,31.301810760517313,68.1817871190608
749.1153882857318,315.48104896010545,32.256063723792636,69.26244979657807
742.8919097247913,316.7117956015628,34.188343797944086,68.86192133643254
739.4495994067804,317.08108218285975,34.8235175650693,68.59950694177721
733.4568569919956,320.52668339693383,37.082671637497825,67.04478370064078
728.4047019280424,322.3381647053314,38.951503364220116,66.0455529354234
722.99428348342,325.08597935324383,41.6425833259748,65.15490363151142
719.3772737418021,326.99012136883425,42.72280852057519,65.5246887150156
717.3175663546267,329.9116988741745,45.04108286733667,63.97969854884815
714.5756837500666,333.2029274272372,47.676728817576205,62.098238318485514
720.284118924922,340.8331408110912,46.59508166580241,60.84988316027463
724.2887864453326,345.2875826687631,43.95231519034992,59.954869684188736
728.3082036095087,346.20399123597474,38.8129225810528,59.225801944182244
731.3132391093632,347.86597989767205,34.75836899257586,58.36541071278285
732.5323932582445,349.88490166999463,32.08835857570128,56.556267329117844
733.9808807410144,351.5770728242862,30.271111259850237,54.577667188961335
734.5340151706475,353.56325603749065,29.247180562350465,52.49516842593579
734.5014519314178,355.39191782917146,28.362764518379418,50.762928479811805
735.6991159242532,355.97462183175435,26.80855695459519,50.6895903389191
735.9133477685625,357.746519080433,26.143363182153273,52.0222110942473
736.392401367837,358.2506861035726,25.944691637290838,53.044087066126096
736.5351690097824,360.9972668202179,25.7095308054248,53.871709724784985
736.9004393449043,362.1563815626013,26.125107464778367,54.73375472655978
735.7072668720768,363.777005691782,27.1097842194772,54.213803970716185
735.0679298677942,365.5443741821191,27.953921383550515,52.64006838622113
733.6942498882335,368.1180191961688,28.607117686437356,52.14076906170453
733.7938988772,368.4939148704833,29.699392994560682,50.99304271408646
732.481795220297,369.63853252325384,29.971259610124502,50.279840166304396
731.8392957291408,370.7212120621319,30.285039529631852,50.22937905493323
732.0141594633706,372.1578145793278,30.556639401775058,50.29309847809151
730.555796766342,374.2589118075945,30.677448715357293,51.37182405024468
729.9352699346944,375.5312930186377,30.55385761279871,53.764262651259976
728.577377193276,376.35237428420754,30.694067743920513,55.593892102771086
727.7863160860713,378.12325376647334,31.104574238534568,56.71964650875336
725.8257948149123,378.5701694970768,31.705655233000904,56.98528608255019
724.1773847130795,378.9800036947087,32.153987344244086,56.467943144620776
720.1965838523884,380.0739042001062,33.108368797377,54.39256091206654
718.2748743592798,381.5728320852285,33.143967463464605,52.65229615096193
715.8698700258287,383.14051123750477,33.04380652892635,51.44633650230081
715.4626135903725,384.2488056499257,34.41549855280429,49.83599355281748
713.2819095085717,385.9932725281835,35.84440516191678,49.39906294151975
710.5337802920172,388.98729509069165,33.26668040258181,52.705826204259914
710.2848258094368,389.955151183865,32.955689190263875,54.85760171551454
708.8874658749978,391.3708817730949,33.24896996459846,57.04858573892853
707.0362404275314,392.6178784807312,33.887600735858726,58.086312246675334
704.4658781721238,391.81608404864994,34.40760724435482,58.21576297015936
702.05577231116,392.77688564384107,36.484090090168436,56.00752703331905
700.1216570770748,393.7242645173786,38.04516089609194,53.79513589581748
697.3222643509125,394.6013354621668,39.34188669799555,51.92727797761027
694.3220890180296,396.3041828108954,40.66525114626252,49.55533846337299
692.004618947727,397.40205867611223,41.38456261522172,47.817163246229754
690.2758741873224,398.84169321742354,42.11340633448668,47.45555168199399
688.5004754776611,399.85533149919866,42.06087433371948,49.45686579761246
686.5273213141093,400.6261208037804,42.036294999843065,51.21772210971355
683.9598459654859,402.1704505005304,42.293985012122775,53.09804159804947
682.4381228779391,402.0942421490825,42.70332645851738,55.05798775040823
679.546641323321,404.0242795132739,43.85100037555412,55.619976849540095
