616.5,211.5,28.0,100.0
612.238217064938,209.74939850395867,28.72667799552073,102.05858730423552
608.823241917292,209.28625233405808,29.73503119150861,102.31924280655426
605.6635542808165,210.12618148070854,30.183530629040938,103.99139380967056
603.4930301990483,209.96484633642277,31.108283979420925,105.21102972114404
599.7400652464848,209.6613684828505,32.76102870769875,105.71899685056508
596.3822964457214,212.0503822946222,34.561451429617264,104.20196223086685
593.7305534942802,211.69724794503122,35.553346660960344,102.15980806894959
591.8602191920239,214.40709138142174,35.49519143200747,102.18383343066563
589.9316943632546,216.25734652738603,35.697292378150934,102.26927928306992
587.1491902088644,217.25394775053132,36.60919685850098,102.53156380195878
584.7440196244562,214.86395887738882,37.19324780133486,104.83501671837928
583.9834511606116,215.88031402801582,36.46377652322879,105.24083686222417
581.9683420824216,216.5112767744238,36.070667233624874,105.609848468865
579.9809918325068,216.49490330274463,35.15841676375842,105.5964204352486
578.6118846126146,218.21196744000517,34.58806654060937,106.38698736641601
576.7239573138368,218.14819194051688,34.04972884309073,106.756887125759
574.3574123692599,218.04091773473925,34.11186069009963,105.07598089215739
572.5458798672518,219.5175122918468,33.65421480620688,104.8186535943486
570.7671665752691,219.55604249963906,34.10149367555725,105.49217718507357
567.956913372183,220.00353713630153,34.489534814548264,105.61990753340697
565.9053843524216,219.94810659393727,34.22803797202142,106.99764424279212
562.883853642331,221.21469130414803,34.509169880178675,106.67138114103517
560.6677698504295,224.0235953154612,34.940301296836786,107.42513750668397
558.2889987206253,224.1282322925237,35.72883344177564,108.69963308857731
556.0226027209678,225.074794686074,36.58460584499065,109.17661833641937
553.0185837009172,226.20899068832742,37.52895322270784,109.99747260495332
550.4891849331832,227.98317179457493,37.63909610653401,110.63133132827983
548.1478505667634,227.6486555251645,37.6085533029661,108.99285730582139
545.6630132849082,227.7053983375787,37.19475923874682,107.73503521897209
542.5753364852671,226.2341626335815,37.24294465947061,106.28428334129151
540.2889439845011,227.63012018743106,36.52587561132013,106.329258692653
537.226484335112,231.45912875965365,37.093958305026185,105.53784206166608
534.8950195727368,230.04596848714792,36.572431958194514,104.93442718454315
532.1792313969502,232.38071207334107,35.69485713712986,104.76112817591417
531.4830915161418,233.06407811490453,34.57763234209069,103.07451784242677
529.9580180414271,234.89066758488846,34.00673560942185,102.15669571016764
527.9896070995217,235.91270405927156,33.5521280689468,101.08268299070288
526.275783591785,235.84512856064234,34.10396779911139,100.3645378272634
523.0938788185814,236.50562936157309,35.31034002099457,100.35752395733553
521.6033177172535,237.98259093348315,36.003150503756046,100.13971603072423
519.7472427684993,239.20611698847895,35.64960940700172,100.71937323889362
517.9871318450537,240.46194864776533,35.95248935402109,101.2016679166893
515.7915963445439,241.35968088986624,35.73092188152981,102.12408010523222
513.7285156927453,244.2724210888715,36.49520908158084,99.94908641490905
513.3536709306619,245.56269545908253,36.86585353653001,102.33877683693211
511.90653779150733,246.6958785679637,37.47496284958345,102.87525967350633
510.1419841159271,247.04388686709848,37.56052485925227,103.59378062425557
509.05009849271414,248.69367122647458,37.42260936098815,104.28451041510118
506.97224187541116,248.77868963501788,37.743740266797786,103.50197865248843
506.0599419860959,250.16646096873336,37.765025121188145,102.93331536242258
507.0246982357701,249.04173670697946,36.6065815524657,102.3163221592458
509.8020782283563,251.11557696982396,35.351155616518156,101.54067213015412
511.865938778986,251.6820417658085,34.85821706797786,101.25618783447263
514.072985149515,251.10104332573468,34.94792424223354,101.38417799979933
515.8682580229394,251.1749550241325,34.7595267421501,102.35602177543569
519.8261241161547,252.88968858034724,34.98895523076806,101.76034782630578
522.9626645755085,250.32308050418956,35.00902902855224,105.53563570255908
526.4824471527371,251.52851013171147,35.360611487620396,106.08135947058656
529.5265620619698,247.99013215883556,35.72727144347746,109.30768540458912
532.7218421711286,248.18025488592335,36.438015756257215,110.98480107635959
536.563345081239,248.9990386579427,36.83025102490366,111.05745100821201
540.4466956081609,249.67804497806392,36.95760247655319,111.63959351647571
543.8069395585698,250.43315804636387,37.43562856041559,111.39166214916294
547.990231950248,250.1491369284073,36.59334006078093,112.94895081308889
551.1516764666978,247.8761090557263,37.616989571582444,113.04906129554202
555.1810707776007,247.09937343921015,37.058087462533095,113.53589823120335
558.9077766748392,247.28340370712505,37.13078345614213,111.83966656137855
562.5749850414827,247.44578082894148,37.09177640226795,110.18831391190764
566.4245006057636,250.15951301974954,36.96499182521988,107.91371231753824
570.5799751889937,251.0178768526392,36.49718898291728,104.84802878208421
572.2733196994449,253.73257281452686,36.934170826120194,104.0340662597066
574.8802654065137,253.8933830013092,36.70736093969256,104.37773916245195
577.9910029846336,254.00968164562693,36.25859229208921,105.06974223659417
581.3348907277599,253.05347246000701,36.333969405171175,106.78177055205833
584.2787091097118,253.1590921750634,35.90159005703879,108.70448064014928
586.7763098578904,252.92126931135064,36.35772303715275,110.53226798630345
589.4638500060591,253.24932660580268,36.36732539614958,111.99915139659066
592.9226889144708,253.51712929887026,36.152469310893885,113.05605384965835
595.9223557161646,253.1715812405139,37.13366406215104,113.8676255789519
599.3811718801873,254.0439478707559,37.43100518381276,113.33955770562153
601.0108238236537,255.65177377067806,37.53877030284586,111.91562963395708
602.9700056156322,259.037013251192,37.659692378679,110.11272622300856
604.8338835096902,260.8276734006103,37.35923823584199,109.42032289347128
605.8047227676177,261.9966726522015,37.20862791628369,109.70576537120019
606.907885697122,266.43016980650077,37.668315774926526,106.30352230619292
608.070585339867,268.3410801237504,37.02118814070457,103.46716505250734
608.8304255263024,270.3838420041989,37.052342185176755,102.2074367036738
609.4700619459664,270.3267069764713,37.07095714797275,101.49425833145186
610.2910966497484,270.1983887648835,37.12961913708381,101.80625650609457
611.8857385926,269.9289139033051,37.598606325675696,103.32198616699547
613.2854099072083,272.077618427366,38.151942710665026,104.15152309131625
613.6927266987359,270.3897805316189,38.96728754595999,105.4844339806956
613.8712431937663,268.90230675318685,39.51831778879786,107.09015651238263
614.8236148458561,267.3111028429059,39.97200367811506,109.25808874891446
615.6889724722103,266.1184106473738,40.418342115363515,111.46308358667011
616.5098892246428,266.6967076576798,41.13289145733047,111.74084947416216
618.2902718311241,264.8634673946648,39.56840631848752,113.26578422763966
617.4400752489267,264.1709971743229,40.68680941969177,113.2835856865043
617.3681475095243,265.53379810410996,41.35003211651434,113.82951469355302
617.1925119247236,263.4070489342346,41.72419560850699,114.60664341393431
617.1464609119595,263.01502928674597,42.45436267414679,113.54550708501783
616.7351239570587,263.4980375664563,42.67434356265092,114.92138682114467
616.1410421524902,264.8839462508415,43.16060293451763,115.78605955895677
615.6848792965487,265.882677347027,43.05449269135294,116.39372970797068
615.7013329750216,268.52963943182453,42.60095380650628,114.78671330662513
613.9095653475686,275.02848402302186,42.7098939915272,112.18112350472367
613.6364041813682,277.6117935980399,42.9362698262492,110.39529411146245
612.4720817319712,278.2094219021939,42.92083427689248,110.35857894411825
612.8083108140526,275.7499517431704,42.243000419643295,111.20014575752654
614.1480008472384,275.8161448110044,40.42177643828582,111.21472774815565
612.7693980834848,272.7482965368402,40.325556463015985,108.95577765189168
611.9352802933273,271.5864254163632,41.15464823067465,108.22552929035237
610.3915835445322,271.05806708239015,40.9775296661921,105.73129662320028
610.128621890839,269.6925942169723,40.33868952295599,104.16827653753818
609.9316846635782,272.08476317552737,40.61410730832586,106.14117939267531
609.0826362510052,274.58288792271145,40.46420181890436,107.03516818337184
608.6986452733288,276.4221358039165,39.41500707461856,107.02912844703908
607.4970818721791,277.32673105803,38.79430036365808,107.97585596478248
607.1010449879484,279.5188555962329,39.07970037885789,108.76303699930807
605.546950256406,282.7799402791928,39.32268050089355,108.01615192370205
604.9456387452152,288.25358673434073,39.37129525396515,105.57999125370151
605.0278345439611,290.20124712456686,37.50579901551265,103.71020796409405
605.6758188494827,291.2170224296206,36.52878707761482,104.12465435372712
605.8142825182957,290.0504642382663,36.570770130127286,105.33178380272761
605.4539593172454,291.3560830146348,36.712526029775134,106.79899120772367
606.1039062946579,282.93277748013105,36.037269917128555,109.20947270672391
606.4960549182817,284.8587959379697,36.26883704213414,109.47550353244063
606.9967238649481,284.9370882364222,35.995165944055366,110.40985368895362
607.9688678146482,285.2483580246929,35.7249042954942,111.54150992177655
608.3285458262645,283.0610359299656,35.38243362678057,110.66970321019959
609.5661034508812,282.1975315162832,34.895332956366445,112.59477773571125
609.985658869003,282.05237214041125,35.95673338492373,110.23646086161588
610.3224535938068,283.8591075054754,36.826105771177595,109.77538681041223
609.2366517099169,287.70427681768047,37.01785769703058,109.3786177508214
610.1218922127563,288.84386494721247,37.30118347312086,107.36613666335202
611.906063456381,288.27816659063774,37.228710145569714,107.55806654243314
613.6118382580416,289.69006583624537,36.61132519984136,107.9402686177004
614.1800804455657,287.5380509001425,36.68888170022806,109.21329215369407
613.8390589274062,287.9817776330258,36.86592676787347,111.74746430209373
614.0343462301634,288.7373844010594,37.47632264518528,114.21245969127366
613.1810395924082,288.3362796977273,38.46439233158041,114.79686192420886
609.6882143307138,295.4618563874455,42.117327343647375,110.94025219253861
609.2853525127748,291.80009310049877,41.90544114485412,111.20205458048854
608.5681814215624,292.8287710984006,45.10717488974093,107.60914882482007
605.6949002217096,301.5169183179889,49.046181137102586,103.7899737551503
606.7050767498033,266.4551718483966,44.093940931104484,108.86106801269418
608.2705279558916,247.1086040955352,39.70470102121687,115.03659487583886
608.3342486643452,242.58329456273907,37.760445658539396,119.04609818062795
605.5108162622823,249.634859914029,38.88730332918101,117.68919569612675
603.4331559154435,244.77408720646713,39.81980254878349,117.26667239329393
599.778495217639,252.3924468071675,41.59541823302759,114.1239654523302
595.7939935882575,260.52861872231506,41.95514710443096,113.79989241976455
589.6385423252663,259.4414682509286,44.83794332243023,111.37408998424155
585.2870497949286,256.40773241471425,46.31986333870234,112.10925670214142
593.3499381887019,248.2014572672082,42.41425371118993,111.98469380745627
584.5010347408199,248.98254172425007,40.89456182765696,113.8878404737406
583.4839259721476,251.80791140827893,39.12819957870103,115.90359738253835
582.8071267065626,249.17388823979883,37.59063285337093,117.50171707612697
581.9288320219962,247.61787642284065,36.14957226675426,117.10762336614076
582.0892171012999,250.750894138408,35.1531198018569,117.94377699903188
581.8535318256684,251.38743067316136,34.46361372138333,119.03681902275642
579.6637896668574,253.1469596868923,34.541134232852926,116.85387790527528
577.3712975425663,255.03985141083672,34.88412791518162,114.9594944369778
575.2304790006439,257.2751153597728,34.981701564425435,112.12275965472145
573.2118062498163,258.3491114530254,35.67620234142551,109.406201086285
574.12097115992,250.88494797181863,36.526263987358774,107.44045265502176
572.7187586278541,252.48067367398107,37.96774254117586,104.20682708276583
565.039025414516,254.81448158038157,40.273307295488706,101.56295513783896
557.4316864665185,257.8353602241128,42.24124389662271,99.39748817172666
557.6139653671167,258.9101642572429,43.09838294906406,97.3312538532324
549.8966984517036,261.2610953471488,44.655939813032326,95.65733695349567
550.0889778716091,262.78750262872074,44.665102076889596,94.50536243437341
541.7222190273684,265.60877447779853,46.000950926870075,92.57931949534253
543.513185143595,266.6046462515395,44.104059883610596,92.96955279074089
542.6363707452613,268.4576555392674,41.28115059434039,94.81762137730294
540.9281103885952,269.0647199681009,38.84884585296068,96.25762536265347
539.748607296345,267.37588520582483,36.7862803058938,97.86791143097543
538.494782901503,272.5527844960807,34.658609862637185,100.10075416210927
537.0753869349057,270.3085371638362,33.01372679277992,101.00157706985384
526.6450161980732,276.45612181503753,34.117845951991754,101.57533190838141
524.3742582079026,275.4726994400606,35.09274706607634,99.43893855256132
523.5099359880315,273.77248281502,35.457734269719225,99.11878454907198
522.8150375422783,272.82109878852737,35.917942366517295,98.09126237988924
514.1977006588875,279.7924634097637,36.548211683836186,98.26822021779988
514.7387507558722,279.9461241530179,36.593458243940916,98.77972993665962
514.8351277855669,278.7475031636813,36.89433301426909,98.59794497784803
507.3684494396297,280.97787445277334,37.66745716219801,100.1013394769954
496.0266798762102,335.3063028725267,39.44226101376849,95.60872061356295
494.8826895381815,340.2296159214833,39.310491953040014,95.01095010647015
484.392054315322,341.6272725172651,42.173125313798096,92.5215709268426
491.42602946964035,341.7794803134975,41.940421091282005,92.28846031131792
490.3901774431387,342.1570036795954,41.22857655076419,94.24731605257189
492.7404247606969,346.6080138183022,38.16926111963498,99.22464929841266
492.7068696572885,345.39077023346925,37.430572259431244,100.75700359931179
491.5680530956133,345.46548717935605,36.73799912210057,101.17188037743718
487.025396530231,346.60130503316844,39.03748747716939,98.31321461667372
477.657473880713,345.04379560050893,38.90245455660087,98.76826343690297
478.6258483238806,344.52225335248295,36.98308428734374,101.64152440561887
479.3942258922202,343.06467139306176,35.69323845611777,104.58877317691821
487.31175813502705,343.38087082040954,36.10102141313111,106.92135206346414
487.46734493397474,339.1589174239411,36.64388313313351,109.24944369374239
488.1178332198187,338.2415235809937,36.56282767350612,110.32390904725494
487.9921117362345,337.38445690379444,37.086416627231515,109.52507028518315
489.56931176307734,336.21747216559515,37.16735907613982,109.51004932121303
496.7702278456865,336.64638031609,37.49248423208852,109.07773108855594
497.0605962121331,337.2324797983282,37.68746386357906,109.31789064649479
499.7905731788237,334.74627074823115,38.24251790291505,110.26960447727973
503.00217838575406,336.7940045194681,37.867180986063616,112.04020958952998
509.516285672101,337.4026771743577,39.00028709971009,112.58387659550088
511.18366537474145,336.84886572124964,38.76693474551561,115.85217216635928
512.9328567127955,333.35846574910585,39.3009812876998,118.41922956838
515.8224919864407,334.3338406667441,37.333874331794256,121.63476858579519
521.9654975023681,334.26473551343156,38.455708797070926,121.4646482373223
523.8255204561295,333.49790835483935,37.587318134375124,122.6693497652001
529.8780586350078,332.9686995614684,39.32325473133059,120.94120419390671
531.7318226731843,332.4233689772203,40.05507201477994,120.59104574131672
534.3777402329536,333.1146417600813,40.968698397316615,117.91235294830742
539.362634773697,332.2747466721249,43.62131532168911,115.77217394697425
540.816350309979,332.29275267962254,45.0314792541604,116.2922964539401
543.590531769674,332.7947623657145,45.44212312111668,118.00824134757954
543.6951816683761,332.27996200741,46.074220132336855,118.08576890735493
547.8019603409787,331.39814440608495,44.92265686290703,119.33616186528451
551.8263434867795,331.61464442993986,43.06088464708036,120.72146730997584
555.4228867439873,332.5741724218425,41.285970968968414,124.22357869982784
558.9348825469414,333.7779459605894,40.33108737239871,125.94040458147091
562.5197189010619,332.3624484450537,39.313059370883735,128.8760302020275
565.6038558548496,332.28790784217745,39.18737655827901,130.5868780322308
572.6733607364475,334.8722107781,40.324459324380044,128.83162989506576
573.8819223699378,335.4414481376415,41.77339607593896,127.65785905995855
576.1430059481692,334.7318920211344,43.1335264353455,127.9001568560602
579.1318097348699,332.62158036296523,44.1384237066095,128.5280205631762
581.493824669039,331.8340471812716,44.81478303275986,129.21766314707577
583.882794829887,332.24662572003933,45.60449827441843,129.25268734157027
584.6453767914567,331.0850505818644,47.088345143057424,129.766923910187
585.8254365722775,330.8042938790844,48.129766337641556,130.2368739270417
595.3011942306549,320.34836194637603,50.74702238319117,126.7182167811059
596.9343569041247,326.20776263305646,49.861807466015506,127.36779690798916
597.4714435058238,328.00417059635754,49.15118945556476,128.9609298301114
600.3877218056407,324.9529303539555,48.84683252862985,129.15240100323948
602.1873614484292,330.00039521263136,48.1797467607377,129.11589337451068
604.9252522711786,329.52203758977197,46.968089508702164,130.4592611792715
607.8987839713027,331.1800746553439,46.95116708059151,128.58428311555616
618.0718442419496,328.5518289308082,44.9880650329499,125.71303847301382
619.2065098517492,327.828311654191,44.39775171477146,122.66882346493847
622.655643083107,328.3284361740466,44.09914660230605,118.71316585207659
631.1293024399697,328.54753969017395,42.381263809295845,113.17058536477424
632.2075169482655,330.3955013365499,42.302608602137326,109.56101979221862
639.0783932481064,331.64446417279413,41.70405973780694,106.75412119478247
640.1626514127197,333.6784196226081,41.919780459590484,104.54230429787825
647.3063149574386,335.73185704172374,41.01140539651996,102.92003119571564
654.3285536766535,337.1685643593877,39.580981684286385,101.49547339098469
653.3487235919249,339.0470557087015,38.33108932726968,101.25726210234541
654.667902147536,338.8054756730104,37.25145411603374,100.99650375484336
661.6546516656271,339.48483960013044,35.72208311635069,100.83686125540831
662.1040410088832,341.49093651392997,33.68625105936261,101.62878081587075
661.9124917926324,342.5918371420204,32.98206969526377,100.57279719713341
661.6790045606322,344.35476620583916,33.38871759793258,98.96453529046603
667.9382499463502,345.1649403884992,32.41402336580303,97.62503554746806
665.5938852593832,345.47407494046365,32.588949734518614,97.58599448709539
663.7104694983942,346.12823662096514,33.923585116207335,98.05526187774038
663.817460705458,347.7850672392735,35.10733829778301,98.13614071261107
663.6705181288554,346.9106085367161,35.191465228884944,97.40293426594975
665.0440294929828,347.7719662046737,36.99761890367586,93.41331457593914
663.7979327219808,347.9814185438936,37.30487520698654,93.06086398767724
662.8546082178453,348.6004886901483,38.450946994340725,92.06716052545002
662.8441700345995,350.33131151997105,40.34851851692969,91.00762258141127
662.541051639893,352.1858767307335,41.43323832760203,90.41136213783744
661.8774304091045,352.33844024554867,41.909582463735994,90.3788743231996
660.5110920877684,354.81853066937134,41.762598500023884,90.83976309759412
653.7532800267827,357.63836244887943,42.3068204537213,90.44657475830451
655.7387989477979,357.1098812482565,40.29252299102431,92.42565618096607
656.3317634267746,356.53685503670835,38.160783178635945,93.86613087292987
656.4953801353441,357.94421404013167,36.49389746161588,93.37189416643713
656.0250017898645,357.9376327991501,35.55229560154974,93.8414980210333
654.715504049452,359.4120054674711,35.53380200194589,92.66256002310598
648.7245296539226,361.811175442778,37.54218950607836,89.61881511376714
649.3391193010133,362.36869102125615,36.026841875028694,90.32298709516226
649.6401692154074,364.5268879544495,35.80011076057299,91.88074398179685
649.0389746667832,365.5979570837168,34.87065366832228,95.52460931289237
648.5464349145057,367.13566980875225,34.53303958652795,96.84263269247225
647.5054969051569,366.6972935680756,35.2344790655756,98.94936337759911
646.6701274581708,369.2352803744034,36.50726245250786,100.44291548363259
639.7337108694443,369.4517421971694,39.871716647416804,98.7112633720666
640.036783519479,372.7322909308221,42.94152783500321,97.6703513753422
638.4941683599346,374.41443116247484,44.58049948996063,96.41508852258667
636.9954658248695,376.8210049967463,45.49680218887505,95.99465535447095
630.3068862325656,378.93012692831593,46.49153606525536,95.40549965470757
631.2999704477447,378.7098441435275,45.561412213449444,95.01852798568655
631.3508677341231,381.58400252936565,43.77510073395443,94.87250136751369
630.1235437858497,382.1165314174822,42.53311648366564,94.4905326091487
622.8137848995223,385.3316615226937,42.36426412387446,92.98042983128173
621.8506969526904,385.90540345742494,41.78544848616593,92.48869641529146
617.2394613642159,388.3510288944752,40.55864560000457,92.64316754894242
618.8488558457971,389.6658333829815,39.7148015621506,92.12407178222647
617.116077394911,390.5174865695045,39.52937369982344,92.11941183538124
615.2395396562372,391.11437389910685,39.40905301895286,91.04279889716773
613.9464271448107,391.94952868285543,39.84047905727813,88.75961368927825
608.9454014030848,394.1578912325299,38.88456468989978,88.17710566146246
607.1656231551935,394.1965508886195,39.87846523895097,88.46582091663934
606.0128622168663,397.06359355576535,40.82720527528093,88.30462967872225
601.1999604270019,400.3969781784444,38.33921738925058,91.2478963296654
600.6901398360937,398.3976063447433,40.76541768075453,89.51789882809186
594.2021220476158,402.1898128053914,41.97442063441947,89.07447521038443
594.1123078146579,401.07499854848936,42.44444385355297,90.77418278855774
594.386348112804,402.38155083936607,42.03820600995595,91.49405717065622
588.9998607595584,403.71814372838463,41.22111285298267,90.66264609469123
589.2546188560143,403.5967137459838,41.00208058183709,90.7550509869708
584.191336128065,405.24254012392043,39.76730074659798,90.96464730603343
584.134824104451,404.21731535633023,37.640654755602796,93.99631583487762
581.9154488032425,405.4174022215649,38.014628460589435,92.86641364409633
578.6760802471728,408.60924696823423,38.19091539267505,92.44576593313687
574.8036098449896,410.02402391713264,38.52331290022752,91.9538594733893
572.4890452721803,411.6408416479772,37.893232412972594,93.32259522752057
570.6065618832677,414.73108450535716,38.03552615612978,95.35869371838803
569.0608185637532,416.74194960131615,38.09701830739634,97.34934794114297
564.0908891946019,417.31818593251523,37.60713613993723,98.0182718680239
563.1440684630445,418.9537256640789,37.5240119704226,98.9128346664018
557.8454684136743,420.05711610354695,37.2913761774393,99.88303809761584
557.2844742065579,422.14790691764927,38.19758509345267,100.24643461119575
551.8957471078297,423.02127598625077,38.82979183149739,101.2423591422209
550.3087435282768,423.47757955044256,41.76193943535894,98.44344441667701
548.6049493480364,427.5592459619601,42.36983540349041,98.18097667161446
546.4670961526368,428.97495775582445,42.73228944062132,97.80390593956801
545.9168737485991,430.1644413960998,40.6044336772551,99.13971612865235
545.4840999338617,430.1827634470346,39.49628221386497,99.61635671001031
541.374136912194,431.9793539142409,38.26945857000556,98.73552852828325
543.5094583675879,432.6237403336585,36.8617430960465,97.65332233614322
544.253512694805,436.9758884777649,36.03840504479222,97.79837411616774
543.3495153023997,436.31245666789744,35.95101682922872,98.14623990932643
542.3745994182382,440.2255543984717,36.09747979071284,97.8473247788359
540.4072478161352,438.69320825824093,37.362412992553885,96.39430112835868
535.8406481061036,439.64596795600664,37.26295688740939,96.65949515750981
537.2230090253108,441.50838704122737,36.7484965941763,98.84822643744677
532.5084161051988,442.6978205313275,36.49640515931499,100.38692814087075
533.5047122954132,440.48222456322924,38.147804010804286,99.37691505234805
533.130353651675,444.16180389405196,40.32255026518433,98.72890083802932
533.980942522878,445.68130804153634,40.53365510887617,100.42148376773095
534.3098558617166,447.4676721483901,41.86373333747188,100.06293697721065
535.0563832475265,448.7956295264871,41.21963288580601,102.22157214395973
534.4260995686776,453.47775456036754,40.455245686084965,106.955087045071
534.1241822383635,447.8974293553855,41.034162537420585,106.82222034230315
535.8774347448829,448.2724768882041,40.033361450468135,107.83289559755823
537.5241014399053,449.46677463173046,39.023487485395805,107.80770843760818
538.6794848161819,449.7546952558708,38.39143441215635,107.94131528846387
538.6725504541042,448.3290802938175,37.72137864013774,104.83955801850911
539.9652977705372,448.8003135590158,36.99202748185084,101.94011543201358
540.9702882198585,449.1440720449759,36.07343838504217,101.05670241571985
541.3180193580658,451.6492505668544,36.043687094287975,99.34489407038822
542.1646381134484,452.7313267560725,35.63063790559028,99.59008612669018
543.2350203638456,455.6225122667675,35.4013720706054,100.70410077500844
543.3693366315036,457.42867569215343,35.579398206191726,101.66257375181226
543.227690745631,458.5815962267469,35.90948893731134,102.9767084879079
542.8981520604857,457.08944513451723,38.14325319248193,100.66764280966586
542.9159593191857,460.95371733772305,37.81759079109445,102.26034836510726
542.6767986382786,462.1365223356295,37.59809941687445,103.58318870575067
542.6255258949751,463.184335968176,36.638882332146565,104.64420745391743
542.0318659351316,463.3694406814446,36.51630614034528,103.72475737863384
542.3103573270932,463.4654748637804,36.204441363485756,101.50922028112838
541.062470092038,462.7175691980139,36.46908904831791,99.35715391948513
539.4897565821205,465.6641332566288,36.66426448886822,98.21576387369689
537.9012018435424,462.27694856849655,37.16562800197419,95.89803119918017
531.58007465521,460.70565053404636,39.25599868112939,91.19939019990434
533.2624472631783,465.7686531322638,38.76860188819676,90.41849017467301
531.606431623766,466.2619998623111,40.27924991010921,87.84214167288383
529.4354003850386,466.34287023872685,42.09881616411417,85.0568149806449
524.882347937257,466.68489275806616,42.51283770091281,84.07755430547454
525.8842509144677,467.66327864880174,42.36633786927132,84.24088564480726
521.9472386868011,468.9120251121593,41.81299702156487,85.54343129421812
522.0606880236815,465.83452773789037,42.00154385437692,85.7800724851694
516.7389494946202,468.6631057599543,41.891292045922285,85.71550629623562
512.6449449121868,465.3683561104438,42.62591204300345,84.92783550934962
513.6854108339882,469.92997780640826,41.94916871315659,87.39002226268438
509.30044918253174,466.4095213021536,41.699242238847646,87.54031742375108
509.59331316603647,468.75503471681225,41.887794223887425,88.10488580164821
504.5957936403909,464.45724578052517,41.938668999055515,87.62348499075065
499.3102390970637,461.62202174409964,42.695202890397496,87.87977901086732
495.2333715853926,463.7638137251194,43.06974117454283,87.46308166458095
494.95666862387577,463.6976736902375,42.64289244746055,87.88015338273269
489.54386990375946,460.20453381673,41.99046826598912,87.29097221895051
489.4099620706823,459.87677775992734,40.87119682543869,86.8321788363401
483.4889872798793,459.12421354578373,40.542609412110494,86.076620151819
478.6585386689725,457.5908584497268,39.498231098340796,86.90669251319866
473.55542101447475,457.84626737103224,39.41793400529763,87.0882106934416
474.4226915958355,459.44209064161953,38.41985102491109,88.56884351017726
467.7496621988761,456.15655972720407,39.05481019419605,89.43626010966855
468.06804345738385,461.79054417805116,37.761138449809295,93.24097072762761
461.1635400631909,457.532172253227,38.77279626205998,92.22545177515201
460.3101477906205,458.3035974965022,39.83599923800604,92.6111934936491
417.9301559672034,492.9977652915353,41.040746068433904,94.10490746412978
415.8882026642093,494.17202279934395,42.00597386620984,94.61069223221924
451.2814996760401,454.1683984662186,41.76025050905214,94.16715812259102
445.3621738284366,451.0153605226508,41.80944392941785,93.84549076555551
446.76608494244965,452.7490936078447,40.22134564128739,94.57193090238812
440.72982012804385,452.9048860358972,39.62090545198373,94.3383898126028
440.96003347019644,449.99493774843404,38.716447767541226,94.11979323109607
440.7560021494834,450.6785888354284,37.475278259843165,93.62036299724338
435.67171297600197,449.6042495429373,36.72244986089536,93.50447921383257
436.56154393182175,451.2691668577563,36.14517325561419,91.27081345988884
435.59121916432787,446.4176298411769,35.90210768554522,88.93943123999587
430.2615541421757,444.7568454245562,37.48838627721273,86.61025038985716
430.9619293512738,443.0265230483588,37.456581457618846,85.291125244791
431.7432311319671,441.74488862545667,37.64634181644411,84.42485178750997
432.25981197698866,439.22771500193653,38.04021378919698,83.81963738141297
434.6173853709044,438.2771153010091,38.649774509452655,84.10563769421759
437.9041943052777,436.97112024443635,39.128057504353514,84.52925710271224
444.1380438950998,436.0056261690423,38.51026524609598,87.75155079549258
445.41627918733826,435.23345258970437,38.857642594434694,89.03659262603767
451.1069065956567,430.9833529184597,39.1543147950097,89.83452289122606
456.35404404433433,425.26484391450435,39.7991237599591,89.0128100107699
457.5578167380108,425.94681726109945,39.57875769961734,90.47942662438821
463.5859385340335,420.7169696508464,39.55486083303569,90.50720942271415
465.2125250935311,418.79975332912494,39.10875320094851,91.5016979419353
471.6872676101844,411.8137461346528,38.557044771340685,91.77043092829166
473.66822381664736,410.59829194099495,38.23384810243327,92.00370247287967
480.14986020323965,405.1560985456823,37.626282497827745,91.51260861164951
482.48872221768266,403.0238006398484,37.143755097512354,91.20421829737128
485.09605162107994,397.90861266417926,36.62531192029541,90.33763131993764
491.7891445937572,397.17282697500076,35.32476211385685,89.31278279167842
493.28648602977046,393.98351773642946,35.04248706920771,89.80475213704614
499.19935998529644,392.7335185780196,33.82934329939107,91.39920957032467
500.5659196600492,390.9212172197669,33.41661274383088,94.45387040851132
506.6128903408096,390.662106186182,32.3442291902324,95.64709463336933
506.16516207792307,388.8410881857065,32.352694036337084,94.99715561295793
506.80317319046145,386.08975395908595,32.72228929630666,95.99560596469757
507.81165720410525,385.7255027254217,32.934499697669054,97.7928442699625
508.335088998375,383.15892701457153,33.027517123953395,98.00432906950097
508.52126461268944,381.3083965905856,32.47794642994964,96.6435627347031
508.24929260255817,378.38914724744245,32.01539759704741,97.14222530038386
508.09452682305107,376.86487142602016,31.70657620644233,95.96692764665866
506.5395504694236,374.68487031338975,32.73263561459454,94.14889413583549
504.63210016597077,373.6872324318414,32.99353727435666,93.62221178621557
502.8151977493779,373.04064303064763,33.21283948684537,92.57650313552384
500.38801207089796,370.05353666252046,33.1695577409305,90.00148434254235
494.21055800468633,370.0856611085823,34.0635274196794,88.15243360963646
492.6787132045214,367.96683189652947,34.4092137469991,86.09997476994822
489.7594111867729,366.78896537123114,34.68663146886688,85.21015313495212
487.3657954772312,368.75620764166445,34.602333308787706,84.27046677752679
485.08918633793184,366.24412170241806,34.65164199952632,85.53588702523642
482.8048549721767,364.86932480421825,34.86830115666517,87.44246419718539
476.8820082761203,363.63801748486406,35.54408411786983,87.83528894941914
476.68576199101756,361.8708244915083,35.971049164766384,87.51463486273592
475.4487561816196,361.61770346772784,36.05615454309894,87.60048254927764
475.2139020238584,361.2064995665022,35.31698207649404,89.75410251470048
474.2148058342102,360.17263985729073,34.111238117365694,93.94486928496048
473.5839436739399,357.2651575803255,33.64764388684269,96.67938664193062
474.2344952713694,355.02525475944896,33.87491488708268,98.45199557118971
474.29109638581554,349.75185649896525,34.665565001749606,97.83561746294572
475.32551603211124,347.4129628753551,34.974807746130296,97.31855855690668
481.4235387475479,343.1740839132152,34.32641169880184,96.14512095506345
482.2988498632866,342.663857486374,34.058482305039604,92.76708385665845
484.8210796591072,340.863825692358,34.2802814299817,91.406741618122
491.34395761965845,336.61876000080844,33.678021259306476,90.9807238618167
494.05203876402743,335.1666310757417,33.17607978050502,91.7111972175502
501.07724335900735,334.50041744840064,31.876493611480186,93.84056730231805
507.14560521619046,333.44613220012434,31.002554854999726,96.74822669419152
510.5085600037194,329.2499109277561,31.119870282230682,99.08468474185766
517.4565833290922,325.33583001847455,30.422861183365022,100.79862880224215
524.4629737297005,325.2798348751508,30.715937086860247,100.36319644141341
527.719483020313,318.75101186392,31.930807089772387,99.93184309711478
535.1323776576537,318.8247155084033,31.14704528854063,101.1554468269012
541.948748672402,314.75648230473763,30.69446854987652,101.21340676450596
545.4393180839576,314.1037756683461,30.765266353199586,99.40181302015347
552.2356790773604,309.31915209372494,31.629487878356972,97.27165831392705
554.941812501232,307.35083106242996,32.80185438098593,95.28799607811607
562.1889030241517,304.5060835899352,32.15364539630377,95.22802365021136
564.7050056932964,302.53087762372945,32.465301161072375,93.8883173651545
571.5045002660657,298.0109359392692,32.43151663589496,92.38413335126256
574.8994283236357,298.0964732086123,32.40657598706355,91.13902805562597
578.3091981206987,295.2522787692491,32.87230183864665,90.56374696670105
582.1138832832545,292.3079174001316,32.96710698579476,90.05266129810613
589.0316538688671,290.0153487771604,32.04407954747974,91.00761723148756
592.4449006059361,288.52633369032225,31.667907747688567,93.48649897672378
598.3611955235637,287.679734203719,31.277172389362185,95.27046043102361
602.8249482028814,284.6013259594094,31.11700578347339,96.97985393838069
608.0367139956267,284.6506366049529,31.142913246749824,99.04848494946341
608.8362885735687,281.3676567974977,31.60927197965983,100.25349123338017
615.8571376122608,280.6735068431254,31.209335682060786,102.49996743311371
617.006059018985,277.6188752090148,31.333994432638367,104.76058501423165
618.8297362763599,275.736144802936,32.13372815946555,105.30724575848767
625.9661130576184,272.4265395383425,32.33720712563522,102.46701987104862
627.7149802699425,271.0183768660513,33.434070517454074,99.60892295153195
633.2497037057228,270.5386677550865,34.445484737507314,96.99805919103966
635.5638581047882,267.77623400480684,34.02372415333525,96.48537767273913
638.2428433081415,266.1924872666219,34.2471069341898,95.25099708370982
643.6465647147107,266.3563984984734,33.55251431026021,93.58315300974672
645.811338701626,262.33847466867553,33.18513765257654,93.15373444162032
650.6107790351838,262.53856031071166,32.943184857165136,92.27459468625946
655.4328729641118,261.0472062273288,32.58551795725589,91.72404131547329
657.1258726537832,260.13606748103757,32.35082425341967,94.25413892552933
662.9126186310202,258.80317174186496,32.22005557317656,95.4578116590244
665.5006125143303,257.1509650670555,31.82355780060531,98.96682294372388
672.1439020908238,254.86661216599606,31.87016956558731,100.83311184902267
677.7645181425414,258.0002628126657,32.26351712066037,101.47280394481294
679.6998861920194,254.30828377793276,32.20267606030893,101.08057125652743
686.6998944281731,256.7630115543027,32.47346494688826,102.99258787175629
689.3535726577891,254.70169947794562,32.63736140589972,102.36374193551168
693.1557512278757,253.67311916287093,32.54148767560817,101.92842562550607
700.6520993574794,252.2239546156389,32.79288531135931,100.30548158383124
702.5405478705546,251.07730055571943,32.76818340506656,99.57652784568373
705.3899962030329,248.8098490637413,32.40737096099633,99.48179406511358
707.2195905162044,248.63204226945467,32.93877939199568,98.27879339968905
713.0227670625306,248.52266824544296,32.296242942104485,95.51704384906444
714.5290750319988,247.72696493666706,31.431940525507173,94.99702888153323
715.6977853658973,246.64912920125263,30.99064183646979,94.91875879733885
717.0431989432905,244.71089202503617,30.83576081243599,95.51690067792426
717.8493443799737,245.18887956728543,30.704015221433618,95.82439862733074
717.793083195267,244.26882528346536,30.275492699966485,98.20091180465106
716.6892746240256,244.79618206161427,29.866266618877205,100.27624795385861
715.1495746814654,245.89128145267813,30.765889120193336,100.06948861722648
712.2362025039716,243.89636359698105,30.84424137007833,101.49830443115974
709.1348761712458,243.69972114328223,31.91717716236125,102.20425611235345
705.6753027284492,243.80569215554098,32.35272152415064,102.27758305021922
703.3887625883411,243.4590477068835,32.05576901704384,102.21648826432957
700.142346711154,242.78721043366954,32.597307302942646,102.50805476136473
697.5127751233056,243.93339800707653,33.73720781048759,100.78920104981152
690.6758931299828,241.55934077389483,33.15172592463574,102.14223566502443
689.1780602959972,239.8924808904065,32.73528579388555,102.0327391081486
686.3241079038615,240.81012890852017,33.19160509460595,102.35205775888714
679.8339548826171,241.14593482055648,32.72417535065673,102.15883510856062
678.0535621322574,241.3918726438767,33.397361144726375,101.0950714323449
671.9864191666954,238.30786628802554,32.98410259648011,100.4500024027142
670.5153235178715,238.4650461340804,32.275896116570635,99.4720190199993
664.5556259956471,239.7223717679957,32.39237844892221,99.49052152452285
663.536262776876,239.69675731501718,32.607465612821,100.53991359414181
660.9924166945599,241.75467339702965,33.29871154942597,98.76694189039824
654.8164757438464,240.77355365889773,32.51906078178564,100.7419514056915
652.242026951434,242.4212263782521,33.592226135470156,100.22947745173923
649.0179125505022,244.82023621325587,35.30886943470932,99.50467994207104
642.7889344812186,241.78684834288882,33.79818524582299,101.37913485913572
641.4814081106441,244.90365141484452,34.281684098650885,101.49078218278414
636.4028524542588,244.06493763298005,34.475525224043665,101.27467401329014
631.5338069232808,243.75224826408783,34.571626578052765,100.97827478743628
628.7378522411482,244.21664824546505,35.0859678881189,99.8586972099691
623.648661088102,244.19446261170086,34.2829935734225,100.63886480985678
622.5104794859403,246.29678147115357,34.175386755544395,99.44152961361064
617.3419179884652,245.1339910830335,33.859565185675464,98.78088192381686
617.3017418002955,247.61540945575285,32.99919140101166,97.85697893234543
616.5770878341023,245.9227089249435,32.42792881681176,96.83397564368337
615.3901927976959,249.18684730798572,32.06647938385674,95.48120213153575
614.4592571123954,249.96592502818572,31.886326380449365,94.91896377296857
614.0914112898951,252.64275392722416,32.21490104608968,95.23856570999914
613.1780128601852,253.25842060352736,32.378270314185556,96.5849680198531
613.6546108717333,255.69187022288355,31.826591801503433,98.00410145783749
613.6185568459688,255.5026524957102,32.21101254543613,98.92610999367753
613.553355594983,257.2316767331929,32.12138879275388,100.11431653503907
612.9873035543067,259.0880554564801,32.260388595065265,101.39011738085358
613.2137230485753,259.98822888158134,32.70035256024822,101.98205158610155
613.8493867373581,263.01851505752074,32.7959944104732,102.86849308920314
615.1595404206821,263.5531781373986,32.48383590475669,102.55761803361153
615.658528473907,263.81185930515005,32.42343001257841,101.94103888674972
615.730887826223,265.407782705681,32.463464129868804,102.17378100437386
615.031475365766,267.61437570431536,33.39496059175823,101.2673370076849
614.4238852274079,268.9147575874754,34.240452536393676,100.54677017034287
614.9384820973711,268.67558170794774,34.74895611168344,100.28367227529581
615.3644270311607,269.6953348321947,35.47549665830397,100.47566331455212
615.5841477591806,270.60032935309596,35.45110651351865,99.26880687830226
615.1147686518093,274.40714064919547,35.519043431092456,96.43912603186132
616.4687375321889,274.9748100347917,35.46305984437501,94.91539624275501
616.9778633079578,278.81988349519105,34.89406760379792,94.0617399530598
617.1480218025105,282.0099352903441,34.76917726831624,95.18380168028908
617.8593092959621,282.6945270639011,34.584571083865136,97.11650302277785
617.7431628538212,283.22399754132834,34.71079245127545,98.54469795506927
617.6394270585874,287.3520963374702,34.892194471410214,99.07621532097657
618.1473410435133,287.6754285281973,35.40810525964567,99.24841373535206
618.5781877902399,290.7559012578288,35.74838746943193,99.47237742907373
619.2340576799107,292.3671808447075,36.57901409939209,98.78642528237009
618.4807198372874,294.2568366629726,36.84345722352707,99.93270463781379
616.8799264375754,296.73213931765764,37.13108308926596,99.87297133009169
615.0948463796553,297.7471598084537,37.890578789746584,100.32329920111489
613.1677338864014,299.3404780176658,37.93844734620069,99.78310114290488
611.7095114208539,300.17136781510686,38.826236509854986,98.29976624647581
610.8424987718489,303.4344280320822,39.44530638260253,97.22421687270565
609.2638973791032,303.01040743463545,39.51848688453971,96.35893161343662
607.7770018473556,306.4653731071606,39.119500724447946,95.07169905226087
606.3072765501516,305.19168498652715,39.75163883030005,93.94279670237174
605.4473896808998,306.0952656511164,40.10320261072701,93.55489599426411
605.562033024011,307.04320054694614,39.34905417151765,93.68267494146578
606.2366393673251,310.8776052989635,38.739217076167826,95.58047005168885
605.5995806106619,317.8670313795935,38.096113162530386,99.83555610759181
606.3596167817857,318.63583160101234,37.6473326245963,102.89818397438557
605.844546512454,318.0993015353706,37.238209581030105,105.68041099009137
605.9969107582278,320.0552560999801,37.08302072406789,105.87612543799028
605.0653015568312,320.48178461748927,35.8987168204189,107.86921570178484
604.7318022509763,319.7117728997993,36.22153669591871,109.91212847232018
604.1812688159856,319.5143915002643,37.361664389519596,108.42278296641285
603.6250042146827,323.2752033517337,38.36108041232259,107.72088430009507
602.3977777579024,322.56533961780536,39.2605607964717,108.39781731385403
602.6095644447951,322.56911212078626,39.58152346489981,108.02166201521908
602.1641222100184,323.5881570276606,40.7669932220241,108.0922970340053
601.4424367052355,324.31980832969094,41.325541147712244,107.99808570229865
600.9073033236796,324.09089330730956,41.840512562656784,107.50994133748124
600.1005768631799,324.3375293428276,42.4057595119385,107.90521466038888
599.9227080680786,325.3911718691346,42.722606714278115,106.31544806852544
599.5957468019998,327.17197930767963,42.130299836264115,104.5106351542879
599.5425866678804,329.3488100894003,41.89520586151992,103.6915404701191
599.5363552074526,332.4733524203078,40.999044908188054,105.02847103276085
599.9397582103468,332.8103792239556,39.981595521519566,106.27399657375776
600.4284473385853,333.35001599400414,40.20380711356064,108.88350262617467
598.6849079617376,335.3251176048072,40.51608570970913,108.60983811039446
600.0461848922636,337.1393971353005,40.28329439328913,110.43108907748395
600.509141056332,338.71977806154956,39.659082806204836,112.68452514673875
601.2857453782796,341.1902782491772,39.34104893743353,113.37997172430332
601.0776801194737,338.3547453877109,38.79516990590419,112.44887413241659
601.1491058687632,340.8477729794763,38.67129261280424,112.79855760779088
600.795149217465,338.1673746385238,38.85529432005615,111.6060109936447
600.2884591900812,338.9945712690344,39.13953409314644,111.86507083473545
599.2694046252977,340.9839483641909,39.628702206516195,110.8201724164409
598.4545020032123,343.0113261433738,39.42488714085747,110.6901903127411
597.4430778900268,340.33919242311146,39.63968640368179,108.06615693386891
597.2870692839151,343.85193396667637,39.37006527972326,106.92624628021082
597.6204739722507,340.07880623021913,39.45308799676796,105.4329185469485
597.7855612979236,343.29582452417776,38.97542476626819,104.23977770716964
598.0069271734206,345.32044861806133,38.478977231171356,104.93141573079777
597.9208244854234,342.2332376858288,37.95359118317738,105.00503469685584
598.9632693850696,346.67399686830873,36.757935867127195,108.37749029277244
598.2418032120476,344.4517192599023,36.3963812231961,110.54581493593112
598.0078873285066,342.8638160824208,37.08595885383488,110.28964425727905
598.6831404639556,347.75186290551505,36.32261293182904,112.20439323956958
598.4608606334708,346.7183794868717,37.02015097729348,111.97712198634106
598.4741325829747,346.24284258347615,36.557067040892164,111.75243015954916
598.2963754572239,345.73180225073264,36.36516156554518,111.53781088626205
599.650265371743,346.0666502102516,35.76474782155937,110.4002809118003
598.2977737633125,344.22675572021956,35.50264400800967,109.61622702305951
597.1689273494582,344.679955229985,35.45898123536136,109.30802027809904
596.0211634496217,345.24650244223324,36.15103811351792,109.22296266733863
595.4712933299888,344.8033503851126,37.36871322797377,108.17322971798126
594.7692869118251,344.5861017639024,37.800342088318445,107.96877911589637
594.3205427659755,343.1110028968424,38.354093910272354,106.15723568866989
593.3151038061983,340.5877181750412,38.260963870460785,103.47748105085145
592.2683920082663,340.2002251945997,38.34544867695692,100.51165590219156
590.8044918593283,339.61891059936437,38.57872111037681,97.49337927372305
589.4312562295692,340.5582939132643,38.46528450437085,97.1250522802462
589.605361610067,340.10755606072246,38.29942500475248,97.1932861053899
589.095763117639,339.32577481568626,38.36125653636539,99.03535710962814
587.6073519959267,340.71036576136066,39.597162527653595,100.75125450676204
587.6947974302893,341.6433316518652,38.546075036079905,103.95633903739852
588.116100134894,341.47770835493253,37.114574246373394,107.92910899246985
586.8443278732914,341.6574898908199,38.31090025608999,108.77987664541143
586.677373665766,341.3827040401774,38.60422195371395,109.16247012158439
585.6858357580469,341.9139775816526,38.97034701880128,109.53103699699268
584.3448890116385,341.8750320916311,39.173369642935164,109.41503120655838
583.8811966712259,342.0676785257983,38.96990639285208,109.28241881870419
583.4398802897913,341.3088574270565,38.30339906001064,111.01191988478674
582.414157092584,339.31817939721765,38.21301715585652,110.51227361368447
581.3490472819994,338.6555998183791,37.73089561148306,108.9226445252068
580.1487743936626,336.81506328430913,38.92432144644529,107.73584297100172
579.5319294691645,336.19373056718433,39.654995240811076,106.71668355898362
579.1043730192076,336.8055747870202,39.6452002799691,105.8848927380825
578.7362954429647,335.8317430688371,39.78355875391193,106.04278163736222
579.0584251868268,335.43200699102056,39.47924157246773,106.41473363708863
579.5729679008209,333.72503577743606,39.2468407076395,105.94057925487039
579.7012049094188,331.7062059096729,39.526251189993545,104.48938172110955
579.3073409179286,330.44342304755423,39.967940861254064,102.54167750592431
580.2726406366116,329.45435843200346,40.09659201707334,102.686103219112
580.6709603237346,328.76237497965144,39.62544693222583,102.85165438666394
581.381730560389,328.8502979031808,39.71273164183168,103.20408450624961
582.5778176237496,328.2801610348594,39.27250460812023,103.80116818084625
584.6857435875366,328.2141096503116,38.91992510905881,105.39126970253588
586.2845891293854,328.8931569267038,38.13342215097161,106.74241868574703
588.06521171959,327.14095176819524,37.84823016079373,107.9180376228355
589.8229404048101,326.060207703128,38.105285703103895,108.17276720614078
591.783380691585,327.3248285009563,37.47058038056106,109.28093291334065
593.5467670254245,327.117919402099,37.37269245752631,109.35390284397684
595.6707626381068,326.4684226771822,37.29070875092989,110.21606404464578
597.931194929667,320.1184083912278,37.294994466881946,109.13502095365182
599.9078510200573,321.3704057840553,37.26841601832475,109.91237034333554
601.7892881529693,322.29523727994797,37.48280162684454,110.5978700388518
604.6106213697419,320.11297288861255,37.36094245953478,110.11381035487844
607.4853416170243,317.0322710142433,36.38220671121619,111.3603734053747
609.206901410241,313.35096487492973,35.822134943920545,110.3795561185722
611.3275424402656,312.5167509641132,36.596171754415835,108.62327342804392
613.9086217083793,312.57744760239984,36.6515654032469,108.31523634239053
616.2679074136349,313.00871192287065,36.27592955486935,109.46741264415223
619.3490556636689,314.06151541117083,35.151028532096404,112.89103101697816
621.6984723095081,314.55773645800156,34.374313904205785,116.11240032086914
623.4124716756712,310.5868024400351,34.59489619986432,114.21617173814965
625.1803773689641,309.2399166068179,34.951414744537786,112.03825503864775
626.850577683894,309.41032062762815,34.87140821105237,110.63398497806065
629.1420085433983,308.22200890306544,34.976080824318956,109.65449308599958
631.6212138343412,309.20058233166844,34.7474027558611,109.30900587482779
633.9609555325392,309.4643571834098,34.16264210726777,107.849829493832
636.6723623788388,309.8771438953782,33.7375429341693,107.33968376063953
638.1547549137188,308.7721746696662,33.380869245940126,107.27082196296384
641.120625253471,310.9372998919414,33.774154124907426,105.83736345338042
643.020221637843,309.6527350307856,34.048019484520296,104.93085526294175
645.0308815068717,312.02831675030444,33.65369054159848,105.57419112581458
648.0354344557368,314.50708259126577,33.321141707924625,107.76525954536277
651.4413516650887,318.2332068648961,33.39749231348213,109.34830362352942
653.1985767354151,311.7062033955393,33.71299727384263,109.31437988292166
655.782302137427,313.9867041711706,34.08626121057205,109.5561737418154
658.3871515528941,311.5405652860098,34.837738775054,108.28419493941367
659.8299744783155,309.51312296970184,35.65652994165194,107.1287786496357
661.0891818640105,308.84147459914425,36.150837900898736,106.03619306081013
663.3026720144464,314.64775960842303,35.84400053673333,105.96210761561682
664.8012983130152,311.2937605228493,36.134808843144924,106.26179012819489
667.5069955634092,309.84303373062187,36.915546338511874,104.90513652728603
669.5838820711623,315.05419101250305,36.669939731544474,105.41448356935864
671.6665762811001,312.10042212442283,36.70020045870257,104.96783814849752
673.4874448118629,310.744595765341,36.94862181201762,104.63121730327626
676.3344214231446,310.5577269966701,36.77507769666245,103.67886438556272
679.2085366976905,312.12656665800273,37.009699606524514,103.29229633189476
682.1862227539286,310.95893406875706,36.87677384033111,103.13654202300505
684.4578532491763,310.01760520723576,37.18236977580018,103.56515003958857
687.4434031208222,310.4623214811097,37.01031178055544,103.45029987785757
691.5034864245794,310.1783689931107,36.0868328714053,104.36461393626826
693.2989668358296,313.39171407646097,35.61902144389392,104.39028344592882
695.7921904796036,314.7181558996764,34.849251345218974,105.90126918044888
698.9843934635072,314.1591753616786,33.772102552857454,107.84774215019374
702.5785643631243,315.49673280214984,32.8706011924661,111.08253651760327
705.3458077259577,318.56796024446334,32.27711826623776,113.35168269956569
708.0292842301727,311.81736380749845,32.46424574410534,110.46864972815855
710.3219170328267,310.0253549999954,32.90399167825656,107.23121520235657
711.8214643482108,314.6417824696983,32.57083065649708,105.24106417759307
713.6626276704336,316.3287587624463,32.25791428846448,103.56443980197415
715.9987507663809,316.91863712131635,32.2842054462708,103.53817625020386
719.1784220566753,315.31203696894767,33.11770487236527,101.90316097495463
721.2393667954808,314.4146254415146,34.213685153360274,101.39707164960222
722.8411555536196,315.5271316471154,35.00620377126846,100.27736049934882
723.5733911698377,318.8427395442624,35.290388215674156,100.77950842880978
726.8703394312291,316.4669856742084,35.16314885460389,99.90342074426565
730.2909296963398,316.1330925400965,34.72791600962403,99.41880127365874
730.2231239607806,318.4668020727196,35.074806679269784,99.62731442505698
730.8860371487044,319.52821269429796,35.14392222942483,99.05208379526545
732.6529738845971,320.5967337269383,34.818452583399136,99.4381292315106
734.7353430413253,320.56511809415787,33.4653430884548,101.91256984193535
736.598223720224,322.3399681036862,32.789550211721235,104.4706817506741
737.4824314096359,316.38979305047496,33.17225621084256,103.48695573862736
736.956908453535,317.713105502643,33.25772624919243,102.64833414068018
736.865033683103,319.70530981756735,33.48173155641841,102.92763028759533
736.2049480900114,321.6110659801476,33.186133117891565,105.50621128900346
735.1229240078959,316.98287830787314,34.15509444530763,105.4753885668409
734.4153994925083,314.53711554415065,35.297533199145306,104.77219039280888
732.6590300569482,317.53154320351234,35.094407888747185,108.00873695244246
731.461105588284,315.93236964022685,35.61787442365551,108.28566064380219
730.5112091721403,314.87394763158545,35.903650723044734,108.56423292398634
730.4577353961639,313.8868968660328,37.02143368416212,108.71071764429296
729.4999956203831,311.6347325809486,37.66388855749345,107.89289503037935
728.1055577831818,311.1198584286687,38.19601054880592,106.50681725270954
728.1932334755267,310.37262395258705,38.46956132404539,105.11489718776777
728.4664681003414,309.38489469047323,38.22184122326146,104.85304720979806
727.6113153744668,313.76589352108937,37.169525272270135,106.17262208121963
728.5838133113784,312.0085730827785,36.33225251532177,106.87022346809522
728.8568734026287,309.6783380547371,35.45634084655781,106.85546921997883
728.8126921513679,308.559337205529,35.40320780834143,107.04716025517172
728.9371061840601,307.5611277191289,36.4049624379643,107.13146353487971
729.44231482079,307.7871218634479,37.11473366300159,108.08831220703418
729.9666716885133,307.5576660858486,37.25335613399103,108.41429218705368
729.8235340068898,307.39747612331024,37.76702758309651,108.20446727957649
729.2761894559305,307.67742817354895,37.92809951038944,109.37842665203766
729.6478381058876,308.4057274720826,37.87675223364977,111.43975212532864
727.8507478604215,302.4393330332539,38.801861288653626,110.33143668627459
727.7281649076914,303.2226924507722,38.96490097901342,109.58852801139815
723.6066459801812,298.86447476443385,38.47648017009351,108.35632065336188
725.3885276293469,300.5613921972734,38.53287721302482,107.62193369608428
723.9663617358566,300.8838783177879,38.4629862827204,106.37721534700017
723.4328524696543,301.1749120631708,38.011327818893676,104.94057389116178
722.8962604562007,301.2602845026839,37.765759556982644,103.72632238982109
721.9859154671874,300.9590568344014,37.40225497019003,103.60960304329205
720.9621426748804,299.771240423151,37.17141610770609,103.64235180207211
720.0282175080811,299.1678591532485,37.169580076177226,103.54724268450565
719.9018642251617,298.0031275014414,36.81734861177294,103.34224282092934
720.636060099453,297.26551273753967,36.740837971474576,104.22102392725452
720.9981326166737,294.9429558385243,36.6051409250663,105.78284786360604
721.2455255730011,293.70050362753193,37.00702523469383,105.23262989102912
720.8821716734691,291.9188644368432,37.40494007430621,106.66464716210075
720.6796750333933,291.3389515073032,37.59597024818321,107.25135415569078
720.361277422141,292.384543993973,38.18150238046471,106.86876195483504
720.3717532408044,293.50836653019684,38.301025539433084,107.10648751837367
720.070011265456,286.59591826115775,38.56699032127638,109.00008961522876
719.2464696786998,293.233831164942,39.25539721619745,110.88419785154456
718.4340535993996,292.86523823327065,39.55638148489771,111.9346403660503
717.9556435765702,300.43951149385634,38.492980058769994,113.37141336392193
716.8349259711391,290.02637414026844,38.938010431070154,112.5087918918985
715.9208309794344,296.14487308871253,38.29632364827472,111.02078977595508
714.7213399838328,295.01058337663346,38.12297373411297,110.64533171499059
713.9477673262647,293.86978093917486,38.04729640692278,111.09294482393177
713.470694041185,292.59792084240325,37.607320734154605,111.50501886116402
712.1737033132689,292.7702113366887,38.22495677010314,110.94223601180755
711.2915171673001,293.1514602868664,38.709438405569536,111.14973730559745
710.2053914457715,294.3812770403922,38.86071473571148,110.70923617426297
709.8095454600958,294.11101253324046,39.226075157180105,110.03602519737842
709.1909013047866,293.41182304511153,39.10180622254404,110.72411046340451
708.1422473049568,292.9989503375174,39.09344043222569,110.24624913001185
707.0358399563532,293.60580140397866,39.00071027622222,110.61664628984445
707.4802992478049,291.777246311076,38.75839569484112,111.00880620022863
706.7251911420304,286.0753233264511,39.23342239699808,112.33184257627768
707.2257212973841,288.1936272030326,39.57108181189961,112.80123610485307
706.2853344141023,284.91662214095516,39.7933301115443,113.83076588614294
706.3487521445718,286.9198636875729,39.42335693335818,113.78516426454136
706.9063333819787,289.78259582717743,39.108215749323605,113.99036881620381
708.0391182377697,290.05632936842306,38.559145723982695,113.71114129145566
709.556967112737,289.2699917482037,38.067337258182015,113.73467882036938
709.4794619315597,291.03477629926186,37.781360420991724,114.93409550469111
709.4302286855964,287.8285377575772,38.20046491388341,114.80990047273454
709.122808642334,289.26213341905805,38.62827173457913,114.21745461409773
709.4460767479608,290.0479879018867,37.72622397123016,113.46659470945269
709.060749419392,289.8889099000442,37.87795627557699,114.2430855167189
709.4217260755305,289.43295798503095,37.187665978784786,114.10236345219889
709.0959181567548,288.69695278285707,37.10821469530709,113.27782072162847
707.9069254762641,288.51580443344136,37.072758398268604,113.88984186818712
708.5324496776356,293.3264512650463,36.60173583533134,115.11437244661548
708.3511207373269,291.54509328165267,36.41918782481605,115.21612564103332
707.2878604696439,291.5825691436885,36.6159659046998,114.90340163102337
706.2949870310875,292.57912750838096,36.40647371473489,113.70238038398784
705.7117401089633,292.353925514136,36.136528402450885,114.08254873266718
704.1454533644228,292.25224915695753,35.880914244666286,113.59179772922013
702.7991454481954,287.7734008105576,36.132112859866325,113.38922849947365
703.9262020381927,293.0420393721717,34.95854808551888,115.38941837911409
703.8745013338388,291.0623819470576,35.161737198873496,114.86123923749048
702.6796601968334,290.57945541124576,34.99813435096651,115.3258279753892
701.5963593141229,292.656896650453,35.00787838742936,115.59476789992884
701.3111870809117,294.0768799100097,35.069837553215336,115.5278748156451
700.3714698752864,295.2236971334581,35.00446324292378,114.91819329633775
700.016873910936,293.2286051191095,35.10428869508861,114.97199407765942
699.1883390074228,293.3964299902096,35.269741299356404,114.52234804578883
698.7654433561681,294.30148146005143,35.041563833745904,114.99814259946753
697.663877714368,291.6608387219845,35.32153814064627,116.8663910139102
696.525394585428,292.3933929101596,34.96358046358968,115.06130725070189
695.5632185746201,288.9976754189691,35.62794679985701,114.84465126018253
695.1528593522385,291.18337481441597,35.48073421243956,112.62057583926868
694.7872636372829,291.7197605089125,35.25146635041578,111.22365427541946
693.8563752403522,292.8637482508795,34.49966196370442,110.23052818723737
693.4291622254111,292.7403388224013,33.90399353214559,110.60909978851078
692.9518812575382,291.97109395590286,34.44227951960548,110.40720243940777
691.8611131587654,292.18486464941157,35.06277626936671,111.31598812834865
691.3010723385104,293.0341617897767,35.7474651724882,112.02926385036494
691.0893156984587,294.0824720208584,36.09180216076817,113.27310058920558
690.9716838309083,293.9430282243634,35.849109749866926,111.80643075478932
691.1970048719679,295.46053168162507,35.69508809630992,112.93385126565039
691.1823519970976,294.30548723237894,35.81633871193288,113.76889770179379
691.5816833707933,295.05875700066025,35.503443895287816,113.70799574896374
692.2787563355981,297.490788178822,36.13369676938886,112.23609929191694
692.5644744749741,298.0378154070493,36.344501537065796,112.97658579863526
693.0202568815756,299.03778080957954,36.34906208101371,111.35783575681947
693.8302731094111,297.02532519643546,36.13801452486351,110.67543726020725
693.6527235631464,300.71891447698823,36.81484634706645,109.55599513403823
694.1514038034502,300.04923013640433,36.4315996145324,108.34088063992833
694.1105872495765,302.50592554585324,36.87419982194642,108.2636452356118
693.6929023586521,301.6393979972384,36.692345291966674,108.54044740029288
692.2766188231363,300.9158155565622,37.856715804045656,107.70467952331394
692.7268986688924,302.0876459738032,37.885887660365945,109.04272917047564
693.3957076582043,302.12972196728816,38.285058193018656,108.9133656709104
694.891495485604,303.1241217870306,38.224757429118924,109.74205923172758
695.4061275922224,302.50069543409296,37.97186970170657,111.08026035470616
696.5897530168608,301.54012553492873,38.25361782818376,113.00729353807236
697.4567704675119,302.4589290146904,38.81225699151754,112.90717532519217
698.5903355507123,300.69238290108035,39.42928829743727,113.77211998847791
699.6126938519499,298.6194419331921,40.37284960710201,114.69222572872837
700.7820015752324,298.9723582855397,40.9770816508479,115.7548876300512
701.2347454104602,298.7070192041806,41.58925102194196,116.51809611842056
698.9070244454895,271.4620708800858,43.50087896033671,112.2325792534266
696.9656005768018,272.3201794194628,44.739039998798496,110.85890830985964
704.1761700370788,281.54987327341246,45.09108108617902,110.38064738723865
702.7732804573691,273.3527813685262,45.24003637207861,109.57580318187445
701.3787667766774,284.27847893492816,46.02704242074843,110.86282243200515
699.609584153086,278.08469723673994,46.81051031189782,110.62941700971705
697.3810845563315,281.81665604040023,47.658389851704804,109.91797800194476
705.5092048290522,283.6286363837445,46.60457717033823,110.50335454975331
703.5715380822874,286.0497429236708,46.94198756625758,112.346634939139
701.5590111498867,279.30746125617424,47.95594328462006,110.3613458266224
708.8274745206197,280.6096059646838,46.34139889789053,112.10294502425776
706.4737004595428,282.2607689456726,45.812870665063926,114.84792273888539
706.4250871232631,281.5641830648841,44.41608700837676,120.89596882526098
706.1483539399003,283.4112322980584,43.26514782891407,122.81861440035527
705.9489869185944,286.4602909190869,42.57757124644944,124.26079800439817
706.6981862507614,279.6291637578511,42.25947377153817,126.89305926961885
706.7511496639886,282.60067226634067,41.67580957793063,127.52259254942308
706.7576874377961,286.3310827324583,42.31744623048024,128.0083629944461
706.7968682486259,280.7430025849751,42.58235312250041,129.25828522941487
706.968497200174,285.10696291498107,42.41462683025034,131.617709692694
707.2852963161745,279.97404478174985,42.318110614717696,130.53733071104853
707.4098081147935,284.6461405495269,42.45127462238386,132.09953413399063
707.0656200633663,279.73272626883903,41.93810965906849,131.6965824982227
706.3173629170486,283.6793177653105,42.25320279100575,131.39165300335716
706.5831925803449,280.19952710483085,42.89122715925282,131.8313902691407
706.0285909816532,283.9820448679359,42.818664085044816,132.40319842426607
706.0693219872553,277.77226687999075,43.263839091567604,130.2919173411354
707.1054869406273,282.40309631623876,43.013097820268236,130.95611029053873
706.6115949430447,284.9443540262048,42.91749444055569,133.1262727880872
706.5272567891732,278.88081984615485,42.57696075779713,132.49693150310645
705.8589078479225,283.2599147261145,43.74707383564438,133.75333486757674
706.0661003230641,287.00356609104267,43.77078707757627,135.59275428280105
706.4770012696601,281.1259157072169,44.19516416902617,137.2595187879404
707.0430175731586,283.780501552611,44.84035479143741,139.49382653974857
706.8630909273865,278.2422412605988,44.5915418418129,140.97244291845078
705.5968936594434,282.58905116612755,45.2100467311688,142.10634157052795
706.7122607670765,277.92068131598955,45.28871951167598,143.12701357518625
707.8151978130061,281.43193327552456,44.31899449246383,143.76758224217593
708.0487973397966,277.02675431822627,45.253756407854205,143.18563668997564
707.9884820649564,281.61679776770984,45.59217787409642,143.02442109838154
708.6526715149002,278.529523782277,45.42066123311996,141.8649880321072
709.2905700311634,282.5186021163621,45.526140092851364,144.29468830516015
708.4314751696456,278.1388266482508,46.071326142333334,142.65822884251807
709.4828644150334,282.4191390054715,45.74710876682275,143.98828062648977
710.4046179940882,278.8646046047355,45.55986150308422,142.87550094010774
710.5335842289336,276.9960062108585,45.92579773723552,141.6746374442008
711.7507395046448,283.14165651607215,45.11449817881709,142.31802635556312
712.3651407140004,280.59687981057687,45.40856582388757,141.05612121705423
711.6185401917813,277.07416598321197,45.8125817496505,139.66085978486987
712.4846506079582,282.0384081035129,46.176706580367295,139.50806466932912
712.9362059203237,285.1622424696412,46.236075845029255,140.97665780078094
713.629462582334,280.90611929696826,46.23141943934364,140.94849982636364
715.2081967592458,286.7286125795733,45.5691474279883,141.02117321140994
716.6078458917916,282.8396546880743,45.39903030951842,142.34995559825927
717.1075681342119,286.1574352501892,45.608519178101815,142.27931871414177
717.6476509075683,290.2516269647044,45.88484293211688,140.4359064650734
718.0605643643657,283.5204453101294,46.181671171796495,140.6672498004687
718.789162465751,284.3390021821658,46.08327728759902,142.0259291605676
719.252216145918,285.92763639187194,45.99419163575337,141.68134883434067
720.1324507501338,278.5496945993442,46.088233807517554,141.79027692928383
721.3265592758082,282.65353661573124,45.710712452045804,140.97380106835436
721.781143756417,278.07598182329326,45.77020712369783,138.966517083284
722.9934117435779,281.7612856159746,45.21395668614218,138.56844081658585
723.4656518222623,284.8301266332938,45.18006103814599,136.8041303830522
723.914522669364,279.47464001119454,45.23618826951417,134.53070287804417
724.6320725939222,281.3544296259262,45.55366548681924,134.56267547696532
726.1075433261417,283.84411477421446,45.00086826752803,136.63697606356746
727.6208840459572,286.3588820311527,44.427778174637716,137.4371286682212
728.337125138806,287.7372502198444,44.420614587687396,138.72553112674484
728.2153881963337,287.80516543320175,44.71525853863091,138.87331333874204
728.526309233809,289.0816215634329,45.387510191745825,139.0344401655752
729.1285533334456,286.64281743801,45.55306252839944,140.80886395482744
729.1843982123903,281.051737249017,46.26660074635534,138.88533814506937
731.1202959682618,283.9071878263628,45.51400379532719,140.29653972780443
731.7693281878891,286.4156529805807,45.455938292725676,139.31673500683206
732.5595965526194,287.08440743535596,45.66523463211265,139.89724026602087
732.8024098384055,283.42387895773675,46.42908139389911,140.6655475874702
732.950140593615,285.7802970351374,46.33679507059119,139.9048589164946
733.3324392382032,287.0330501781546,46.247561441273604,140.33359940894834
733.7537523455121,287.93978936648904,46.67372201464241,140.01157146124214
733.9965298297321,287.37354423613874,46.99412805904271,139.69026545443327
734.6433454874477,287.85419503909685,46.923465202740715,138.28444602744355
735.1277921168236,287.53709597371073,46.28871012877483,138.38179841455957
736.6769759635413,288.71399849894,46.180786141852025,137.94381908870292
736.977565526873,289.7539153510654,46.441260343130395,137.1185991415855
736.9423504754992,287.73118679792833,46.17668826196372,137.96867436805314
736.4946991186057,287.2021995905593,46.86040235461131,138.55819874316603
736.4666803376035,287.3684217298087,46.567350323920394,138.72523813943184
736.9166953189448,287.5643635221758,46.80858599195985,138.25128605179466
737.2974120502523,287.98171427133633,46.73997903882065,138.27113831257165
737.5528183508197,286.36644468496615,47.660003234446286,140.50729909738408
737.1075920987063,287.3425832618925,47.97153382457249,140.76859396883032
736.5430836098228,287.1544557904858,48.59999475060837,140.87718152868814
736.2963368199448,286.62126289015555,48.754529947757824,141.33610796302722
736.3109671246301,287.2275233722008,48.89536744942074,140.9891984329196
735.1183095695511,281.8145462226251,51.079482730000365,136.19589480513002
735.2373545183535,284.6084746089175,50.486495839950464,133.40204676438728
734.9834377052105,283.69880187549796,48.23738790930604,133.50472529435194
