382.5,299.5,48.0,113.0
452.95502795903536,300.81125678932483,46.3538906151324,109.6336859898604
458.27941200135615,296.3462834636036,49.1031690240211,107.88469949768714
471.668625719078,296.7253203791745,52.857622371658444,107.07563746549346
480.3086069370746,302.56299302273186,51.684158653926985,108.56148793338352
491.2182461540861,305.9795208435715,47.78236831804848,109.70713769789327
502.097686924464,305.6403955022307,46.22236792658468,109.78515393166501
516.6743116728029,301.9022727091296,51.12176125217247,106.56089998326033
522.0112156414528,299.5989222316973,55.08841428289027,105.58424884919665
526.3007431689837,300.2495358367868,56.13807569663963,104.87825102630114
535.688004128364,306.3461040807273,50.16928936595272,108.46583334182579
543.2544243354199,305.8715748821801,45.413870330930266,111.29375614645954
546.7670648277702,306.3265220621687,45.34002014380653,111.33129102623226
550.1136666348887,302.8393237002287,50.359971322355364,108.2540424711816
551.5928882006737,300.5725498874123,55.36366684358677,107.38225419364662
552.3284650814045,300.48172088604673,57.82040385971298,106.6937516763011
556.1818491564195,304.07139467393034,56.843921831051404,106.43575982486861
562.8248845387968,307.43754864553887,56.21377967805207,105.49047781014883
565.9789495997303,309.1637729611959,55.640897168184566,105.25612209723081
572.5257875045913,306.6721937015665,54.33874052350162,108.53899363204587
578.1443099389297,304.1085324043528,55.40726911826475,108.99302358960205
580.8112795860063,301.84755466988906,58.20104684223918,108.36306303146034
579.0691036267292,301.0581926684931,60.664762202260576,107.6618337929039
583.3997691842469,299.85219553097687,59.84883952686134,106.56393608108957
588.1123862770066,303.0284300695203,55.0981725639371,108.23893950003541
595.8660373923747,305.31162834516834,48.81216187525432,110.19782914640163
600.0580051149083,304.9793790000518,46.07460685468659,109.54668345320428
603.687753877739,302.64979018892194,48.59570224742113,107.45763204866951
604.9667362699635,302.52347830307343,50.26752052113876,107.57564063748994
603.3233478612192,300.532566988128,55.41057087054105,106.48082218461713
605.2719717098065,298.7861638140452,58.200902328334706,105.26572276343461
608.8574267906046,300.5012844714357,57.681534353475726,105.71368436384529
613.2465708672651,305.6271760538948,57.77925804860428,105.5384326091444
618.271495321494,308.08418096099274,56.422223013437545,105.22056461013399
621.895896756657,305.48093258347666,48.62334187029198,109.1093285541921
628.0480604680305,306.5195865468708,46.19046105704207,110.08129769458823
632.6807535480363,302.4800680162939,48.78475984118337,110.44806688007066
632.0165465870665,300.7475701493981,54.9398696821597,108.09855179156611
634.9319481627538,298.4254515721395,57.82283453615617,106.4443050975116
633.3607579167141,298.1628048122446,61.04522251428094,105.95199891541994
634.9431795629451,298.4434584489682,60.23222186364938,106.893085841344
640.181982291953,304.51185859624684,53.73658743110053,109.25628650046104
647.4866531915061,305.93125288326735,48.45527621823692,111.05786734170327
651.8589318407905,305.6207533951976,47.69691639128682,112.47325353917918
652.4468572630193,305.5372127063807,47.591446711380016,113.08852280448146
655.4331547952836,302.87549422695275,51.594180092285924,110.60064518051271
656.4588927103753,300.04876045475646,56.99768797334546,108.41318750823052
657.0036275092784,298.48885138685193,60.54316376814768,107.89596002216769
658.1899324961668,301.07318934847103,59.67591451691274,108.2413369668188
658.5479836334027,300.4548840527733,58.78821702664356,108.00644716148582
659.6951992819538,304.3948556187234,59.421776642932514,107.90305003101989
659.0898307460532,304.8720999142852,59.52776463121477,107.35899336137842
668.3868873208722,304.6843418061773,57.334444557138056,108.3422085545877
675.0329570977332,301.91474175043504,58.05027009130684,108.62482116073173
678.2647787014365,298.66440704229655,60.06440531865357,107.69920626380676
677.9130562321658,297.7283563084949,61.69084135416853,107.51165373398887
680.2017087068642,296.31028631486424,62.62710814396844,106.9697143068824
682.1096806491541,299.08932938609775,60.45728576131107,107.45285979664814
690.10014401979,302.0865015144158,54.02575553493189,110.06447447861066
696.3537585864893,303.9439077178222,48.815769042982396,110.93576741847761
697.2905005024118,303.0871062840603,45.76938739543316,111.09684166623506
702.7086368443531,304.07350411587635,45.2019898336207,110.44442669031659
706.7073311276398,303.29887035714546,50.09261510676899,108.15279021035718
708.3889945165135,302.1992943422997,54.81900810136043,106.95515316610457
708.9865211815427,300.16775881552365,59.17170286013872,106.15681884703699
706.8536262719701,300.4855181738291,62.11844844691537,105.73111376994765
709.635147254593,302.55479988622267,61.8289631909592,106.21120507309634
714.7184552453351,306.5679938464438,59.911299121401264,105.61522324625147
716.8068223325566,307.4566659540257,58.437199996778105,105.87468108453928
722.8812959430264,308.62872880505046,58.76454157130975,105.17614783358532
721.220426162491,307.9748698552257,58.758770298640556,104.26632523068672
730.5842364881024,305.87748967160513,57.1621539809137,105.67624429887076
734.277546394913,303.78572646812796,59.5655903959302,104.91514151347283
735.5256561922364,301.3039879650718,62.35557227833416,104.22633342055552
738.8973629019978,304.2023422966761,60.92751606706348,103.9403540702437
738.8802944180227,303.7792549505133,60.7191032579827,103.960199888935
744.3122674554986,307.4613308802017,55.35218934855803,106.10224691261489
752.1961261204274,308.04584410982477,51.04978402279,106.65447563658857
757.5877022056098,307.9810583503719,50.207311402595806,108.10939910900082
761.4191860513408,306.10423864384313,53.872410537000704,107.27929638033467
762.1576786528461,306.16831218824575,56.889795317663086,107.10652498526795
761.3335270172497,303.7536787816849,62.049207940967776,106.51863081053558
762.4447308581166,301.7988653915475,64.09823790419242,106.24046576646961
767.604776030759,303.33116459361776,64.64551244233056,106.12512855083621
772.777308571212,308.17463902688314,61.72944583173104,106.58132143082636
776.6479878159396,311.56508766374054,59.24866120625883,106.64561658951519
777.823673454412,311.55551226226254,56.875328258945316,105.94478768904476
783.35548425252,311.8086766457308,56.57301533277304,104.30394184847692
790.7277877810527,309.29984884508144,55.71436599360324,108.26656030892946
793.4462652870117,305.96246165315,58.11983203652539,108.59669968302676
795.9060758375476,303.05655246680953,60.54957664666557,107.06825659635712
795.9698343539352,301.0218349662832,62.55620940370076,106.34566746182007
798.2884476715475,300.47353746458293,63.285728717267595,106.62605082438586
803.6869788814892,308.1010310976984,62.5278441919765,108.19529565959536
811.4770595313677,311.90811951091104,55.620233093635605,112.98770738755242
816.7141257422023,313.30163658156573,49.53971973248248,115.02848830209012
818.7745559160371,311.55196897503237,46.412961982049694,116.65703124545016
823.1783450500592,313.0274680881814,46.46911986665435,117.51232412251512
826.2497090528273,308.95833110038615,51.213307068027575,113.3346763146584
827.0131922129606,306.9173285250594,56.16453021614453,109.7889763681134
828.3450456192503,307.28911627214546,59.34166326638874,108.64002357534777
826.4768028543831,307.2792541313405,62.378170742553294,107.9475229562351
831.5807550346731,310.12479025115925,62.89191650556947,108.8067503610679
836.8383808542052,313.9003413455103,60.505537737904106,108.74705556677493
842.7799451965767,317.62962934685015,58.23055762799036,107.39708161106178
846.4565947327703,320.20433620221417,58.6311233207703,108.16044341684383
846.403499638019,318.95406183744245,59.10761568078803,108.3686523445989
854.0129138779666,316.2850327355858,59.83609764858552,109.59853813162528
854.9714894853953,315.8592912082958,60.10154931611352,110.6819354978526
856.5687933539044,312.8423894502267,62.2812382442868,111.42568993791056
858.3311472798049,310.5917467833201,63.846739876586255,110.8251133179883
861.8894120904433,311.2553644547369,63.27406687609804,111.29099943225464
861.5914022703988,312.108369111524,62.752758110806866,111.04161915653756
866.8437668484402,317.8522795426842,61.43481083796375,112.08095989242275
871.660445552248,318.9994646042187,60.387639839344686,111.92180004500366
873.2759650810666,320.8243643193057,60.64518339279151,110.8841808478314
879.4983235974024,319.4921093694062,59.27551957514672,111.96320898474431
880.182861596473,319.3415272230256,59.88661859531621,113.2037458170258
883.9331404638643,315.5127882438013,61.31263747491325,112.92977102431479
883.5948894569119,314.2307100262966,64.5340952192564,112.0782656474955
884.98642796511,314.64780415382626,64.47791138942934,113.65175766549224
888.2128675568299,319.3568831254417,63.02044407885339,114.8073292373371
890.7854019555884,319.2139554806479,57.13562978363268,117.3147585949942
895.4919514940538,322.76757128826654,58.74229846793274,116.11289435417696
902.3077738397797,322.44120983617194,54.080124754263984,118.43438614111764
906.5815801517932,320.3653212017649,55.726657332873714,119.05194867490059
909.6237489772607,316.6461331033465,60.2646322277152,117.91646851797773
907.8492668564019,314.378394521552,64.00788894024556,115.64628066539231
906.4661462002931,314.14129009197467,67.10907575235998,114.96797613972801
908.0192207723538,313.628528698238,66.38764383426704,115.12760967596917
913.3530909223527,319.36628995426736,63.081694191312636,118.02402873037778
919.8045537406077,323.0665002743704,58.545519271965716,121.89704272914867
924.1521658439405,322.4226931753375,54.07049560393558,122.19510234318824
926.0935903151035,321.7994479649002,51.408196245044536,122.17968363682732
928.8375612750839,321.4016601713499,52.39899692457103,122.24232319926213
929.5226316052157,319.66146653547054,57.64423702831495,120.25637946592437
929.0849030769399,319.32329118312373,62.17406868432346,118.55104348314856
929.6441102050396,317.76493766381685,64.12457003366903,118.84766523466818
929.3397085773391,317.28064908285904,66.25175536151879,119.56514653538727
931.0175633493575,323.2264341898059,63.647299303161695,120.2766332291474
936.4890570806537,330.0016519326441,62.95317219976129,119.82299664026053
940.2480097181607,333.1214942850946,61.846631480106076,118.81400384514944
943.9465731501339,333.4201357412869,60.08023286094122,121.69760333899967
945.0636595693127,332.9543807773059,59.1163641064076,122.62100614399648
947.3190371476356,330.93843504011704,61.941352377038285,121.84114672954982
947.596425439786,329.09970606574933,65.68345174641186,119.89794341958768
946.2043546815388,327.012851235497,68.69709880184683,119.67370338450516
946.4618412317113,329.2321043527387,67.9055965979841,120.7457276218236
948.180321472097,328.34759307472234,67.24071677707917,120.55368297814928
950.936882854955,333.91939501604577,62.23701398902803,123.03596315159372
952.6226026959862,336.5889683514796,63.04145044756032,122.24763349351298
953.106872453704,337.007204681199,59.492168811381845,122.86307276034357
954.9513512523931,336.0023128048175,61.65304470246801,122.04840554341055
954.6804175898915,334.64761176172095,63.09439654266145,121.78123058607035
951.6236059354893,333.3173510691786,68.24340021493,121.72260333529087
948.5428709206094,332.1343123128658,71.85512301606738,121.53398190382458
947.193771978393,333.02849428872383,71.48808409363062,123.3241811654569
946.67184726118,339.9351302415058,69.9641072569996,124.15304201898718
949.1287142801704,340.75955048435173,66.95643915987583,124.42532634923626
950.9787010395355,341.6782622450156,66.17526504147509,124.92099885528279
948.8571814346994,342.0139720314822,65.33285121769984,124.11090678150083
951.5646102661073,340.0016494583548,65.5344338510574,128.00906915790873
949.9204481486432,335.99120381035175,68.61630139495887,127.73158532421513
945.4288985984699,332.9820705268503,71.66265151382953,125.89900178593231
944.6711088558479,332.18817499525204,73.34682854827352,124.9674814210588
941.7372443566239,331.8637030516042,73.86179532443168,123.44474605000794
938.913910597926,339.0003044739731,73.71256964953623,124.11962422181068
939.809654442021,342.45661129052564,71.56871757025752,125.11499770647283
936.5004570664285,343.5026025272796,69.50020073849603,127.60052368251942
939.6006686100588,343.473263552262,62.44122036735693,130.10826660257112
938.3412274491681,344.8901407037903,59.76149905907259,130.67520357034272
939.3657002121054,342.19608309380476,62.73081687319416,128.9815745962831
933.4928792756848,341.3885663357181,68.84640045746127,127.21916146099765
929.5590745188134,341.0056867657553,72.3411328502323,126.25787518409133
927.9971013188174,341.6735695146591,74.13345414627395,125.62041958466013
924.3077194609017,343.50311422430923,73.90084729859808,125.86254095027198
924.433697127198,348.98893574880816,72.03730324949848,126.5477992608322
924.9186443066899,351.2044938475261,68.50147494771994,126.65669685352691
921.6417512824002,352.1458944552586,67.32717261739319,126.54658867604869
922.2483608471789,353.80262615324256,66.69208838220675,126.87849910133934
922.9729719430659,352.4827242356607,67.63798251962591,127.61684109682707
919.8179236006318,349.757364021894,70.9269474505725,125.33688773438257
914.7389911095586,348.35249814074064,76.60481861252853,125.49284809623754
910.124629488013,348.44695564999506,77.28496645431339,124.50469147530795
909.1462477555121,348.49817777697996,76.15706843555064,124.47971980379756
906.4705487733839,353.8087715333436,75.15597311367432,124.267677646295
905.1998845075478,357.32090006844226,72.15115954405852,124.79841229820448
897.7471633910301,358.30611957173124,68.62276579381778,126.09996788238588
895.3029608439308,360.85490203071924,66.12045052058471,126.4302760990229
891.5114223899402,358.99968735227225,69.08792398160541,126.90913378156998
890.657731051245,359.0105944909139,70.18232724691691,127.74154484179203
881.1125695156792,359.1482471303814,77.78927476873226,125.3141647490143
873.4573791001136,358.9968024808659,84.01583621052005,126.72569054649645
864.8211591967832,361.97899517285856,82.95639735507137,127.70688039978526
859.7209303327184,365.1917249742331,77.32405898639944,130.08802422873788
859.8569995315165,365.55983352439245,74.77698772747488,129.79485536717343
852.9812843569011,367.67013940743317,68.7962212688443,129.4200506765925
846.7931565235745,369.2823021571535,68.58785455238008,128.1825316890308
840.9518003851963,369.6688161828015,73.25657356589187,126.77736478943004
832.1336797916947,367.77540716585065,80.17130672677186,123.89646441283982
829.5503850179838,365.857873444013,82.96171109543712,123.64644026563374
820.568846246666,367.704655119034,89.48990838141992,120.81040441002236
812.6295768631861,372.42860974959626,91.2265385027496,120.22473880124147
805.2337886176388,377.9787614986364,85.89354986933256,121.94678771252404
800.655620083252,379.42311737720297,74.64933991051848,126.73829989719383
799.8209746275339,377.2583704482859,71.47054160381475,126.03505316207143
791.1698156550353,378.3710950700514,69.5002784483481,125.29211639260055
786.5524821543883,379.0953137101624,68.34042278271116,124.49780426639701
781.0261332503131,380.7393562844113,70.69570047062213,126.02113574387565
767.4149816746956,379.3172075894784,72.09496361331226,126.86602822651489
766.4449627802165,379.1617406141062,73.44796878613184,127.63671536277002
759.5856924625105,383.3729248003409,80.25510481186384,127.48244677515157
750.3066562035075,385.3384623429294,78.08631537613452,129.6343218051785
744.010278676773,390.1177725547139,73.17282004813359,131.2634455222345
738.763975306141,390.51128302189534,69.43104511367744,131.22714938035216
739.4579767234634,392.50184517288267,68.20006262436311,129.73253154047458
736.1199904168598,393.57750608817076,67.52530672576003,128.48312704826972
734.3200359168785,391.12020176054403,71.20606567871828,127.01230059915302
726.0727099899881,389.76959226345065,79.1430822251871,124.42843153105339
719.5976802465855,391.28431699205817,86.18475405101216,122.7079481144497
716.2327659101619,392.4018344383387,89.048269981626,123.67351122336869
711.6327302993496,393.30346967960463,85.76630175165131,128.1027527380598
709.0172900492337,398.04153772141416,78.64469850249355,128.7891332483738
710.9321939003988,400.90399765773884,73.92138260428621,128.58165369478576
708.1177940697182,399.2153986455802,71.46401111543996,127.28234329243679
711.8184860899951,400.172438132097,69.19912886397918,126.9137668628525
712.1999731040748,399.8074106807218,68.56336110174607,126.4799863592996
710.0681366144885,399.43418512324183,72.00392791121817,127.6820919761744
703.7262005384389,398.92341669326015,78.42860950393009,129.71272617386063
699.0449531020399,398.9189918385923,79.53910261433786,133.03087702112038
695.37658720264,402.3465525816687,74.81505198058144,138.25757793029248
696.7628276558843,403.93160133484673,69.39258552225897,140.3655837755294
702.4361013127549,405.4709821413228,61.87045055440407,142.8487432822671
704.0011088011453,404.3973748913095,57.14794263958156,143.21943669560096
706.1289141165254,405.16084935447566,54.28877179954701,141.03725593581066
705.6873684648255,404.4231899679182,58.38282921317631,137.02277044104235
705.061277610983,406.376290158295,60.53173729071919,135.88865763429388
704.460700756353,401.7241397372842,66.21683017081645,134.29126417852484
697.0249747283078,399.4068862702365,75.49552595554452,132.90775763529481
695.2319781798317,397.6147132295479,77.31257419299209,134.69648446732828
692.9113075480994,399.2265253886304,76.2724574600881,138.73960237862485
695.8462789087429,402.25839431419706,68.30764059520094,143.71384079244507
698.6596556669331,403.15712460405757,63.615555262147176,144.75485758584733
699.4345255038963,405.33247411930193,60.60598363517188,140.36288960316767
697.5958889597491,405.56107291669684,60.47886915403889,135.1468414338845
697.8623108718457,404.83677009700153,62.347032743709875,132.6713349917474
693.6095676248959,404.2324627979542,67.47591277322346,132.5550778113539
691.4155330253357,403.17891937145276,71.26183427394164,134.19957107910398
685.1831600932302,403.0031536146082,77.01429557318053,135.5184650562674
681.6141342967917,403.3682141117635,78.34208162498096,137.8157207137207
680.638608010727,407.11926412167077,70.72397373568441,140.93862164758048
684.4159812808721,408.63363099548405,62.17976744235789,142.1415229936428
687.5920682180015,410.2546299169653,56.928762439024936,141.9949972480772
685.1711151601168,408.0705434490028,57.131380606185985,138.38941816221273
682.6419643749839,406.78522803242663,63.38339870248327,134.2894719461097
676.3542012833026,406.75759250671604,73.10552727804242,130.7974116643705
669.4532702041688,404.9306412920822,80.84882334286513,130.9092220087534
667.5745198545962,404.36726460345284,83.57479807250513,131.91152023952066
664.2172032620833,405.4064419311977,85.86998383550322,133.96502297920296
661.8528926652464,407.65367305402316,79.35074030597164,139.44383496450914
661.2243122911319,408.35898404609406,73.33336396771378,139.64435323152708
658.8371817168963,407.69044247013494,71.8147512567794,135.87887967797036
659.6349953292766,407.5279477818784,71.0098951587659,133.72192187087438
658.7482603289837,406.7857187211333,71.42153802426564,133.24602065741897
655.5422725091927,409.0474254271062,74.89843027456546,134.23563682082113
648.046809895577,409.4772291317623,82.96382649865356,135.92199174518817
639.0558703147514,409.60154612067674,84.71154237600317,139.8226678793588
634.8485155560693,414.0942997091561,78.45482798131881,144.3745351988601
636.4985762916091,414.3943647108349,72.00223949783393,146.11357708194652
639.9942240972724,417.49325495002927,65.78406780647114,145.13176950394836
639.2404652111836,418.57108158258933,66.30971975537966,140.76586180805737
634.7689913794363,417.6252518455198,70.89205836430892,137.63293460464513
626.393122965902,417.62808217312636,79.64732617053423,135.96316960697146
624.9020213369631,415.1869301771041,81.71844912760386,136.8543320413224
617.1510237760904,416.6071233525538,87.89783625526968,136.16080152156934
611.0568003521674,417.7573243633252,92.16176737893355,138.42173601736044
606.1914669160064,421.27421585036785,86.4752732634015,141.2210094931653
603.4475947630322,424.18306995909603,77.72918616371042,143.66113952491548
604.9960535084056,424.99123626084355,71.78482390024317,144.86725398295914
601.9798303167631,426.0575639336603,70.39885569078527,139.85524153779266
596.8779564818942,425.1343411160816,70.50750772606267,137.20943053156202
590.9390238179101,426.4059664772508,76.50513356733654,137.17429152454037
576.9739570011292,426.15794284047735,78.48457979245116,141.20625894121474
577.0702672262373,424.4657635728758,80.65061956333471,143.30648642630797
571.7413390701213,427.43975658761053,82.51637592286895,146.00977603160413
563.1300446485529,432.1598116040972,81.38746520851055,146.91316613595998
560.5514331890076,437.83150928463624,75.3981598835826,147.39967437748192
559.1473517347808,438.52683834539755,71.574968460066,143.05145810089948
560.2047734757244,441.7839258246604,68.99445057784925,140.91982813672797
555.34942030161,442.09852660753523,70.76646578685686,134.57026819924374
545.3903756507266,441.5665794881159,79.21567824993963,131.2273240210292
532.8892510332606,440.0914283264698,80.33737137830423,134.27573075419485
526.6979913865886,440.71132495840135,88.1874748047964,134.36406392084325
524.5528484173459,441.6206678427442,92.42927781485675,136.60379404189763
516.7199494295286,444.80275117582926,89.38562411507638,140.86328269494132
513.4623312636389,445.33402386045157,82.94233478920188,143.4686817570016
506.3662281576339,442.2334545661805,79.77074476708106,141.50409940590754
497.6432588846555,439.1861121016474,78.36502926030349,140.02852381022402
492.2321200037763,435.40870412109376,80.9134680251747,140.9590702858576
488.81753911740753,433.3684604813249,82.76149061486778,141.76259933823766
481.83425658778367,432.71995062345127,87.59375544218184,143.35908938923015
473.46816168265167,429.95197994715414,91.56193196204063,147.3696172286408
464.5208518192376,428.29970035309384,89.8694201886247,150.95462327397536
463.5376859081807,434.48100469625615,81.79676103631209,153.30556992364922
464.00210520667713,433.3157916087043,75.65459312413367,154.17681276344877
464.72492689345773,435.01780230005505,70.91160530439028,151.85746025548784
465.4894758533928,436.78413994821904,68.93270450900138,147.4492272384987
461.70229140487095,433.0703661119163,71.52367973691659,141.81260407370183
453.9802219427452,430.9589211360393,79.98410741849241,138.0210830528606
452.7838166698205,429.05016920386714,81.53020841491471,138.03598104981907
443.6504931942929,428.2692427618633,86.73731557104801,138.2790567302668
440.35414974787005,429.04530706572916,88.95000187261564,143.35713089276823
437.4126063864229,428.5591717696383,85.48814459526582,148.04396914623544
438.04220756354084,431.24136751372214,78.19451888974206,151.0819919799672
439.3139628808409,431.67242459241663,72.33384454931618,151.10954879063388
438.7490893227084,431.61632480774955,70.34407052452892,147.963308819105
436.0796317832919,429.8686798293577,70.69020777896,141.9113699627174
434.6756135144881,428.424698068438,72.87329027174877,137.12161722936878
429.6688634201188,428.361239691547,80.68631119145971,139.74437930099137
427.60275851393953,426.5062065897864,82.67101095209088,143.06896378931012
423.2600643405557,423.38003985659424,87.33676648254396,147.80300101393425
419.17660098312535,421.21335259127704,88.97544202629255,152.78729283620984
414.11931405498547,421.81476237424476,84.69370316894927,158.173477786876
415.83390308998804,423.5495957799359,77.16014973654788,160.00499372238102
419.15202265252725,422.6335207051824,72.9050467904398,158.58275697003253
420.47632040582744,422.51321790005835,70.39150102927982,153.65333675478007
420.94261490690894,419.7736940812005,72.77964843535057,147.88825616526185
420.44140198450793,415.5459522519772,77.51741177595635,143.2134660047387
411.94963550904293,412.41426898417694,77.66590558809244,143.70933833867917
413.3008341840151,412.2455802520818,78.86947261269034,144.5993674466224
414.1966803306584,411.8920584090296,84.3072639238349,146.2291129087546
413.07638292536024,413.18094711437607,85.39018978625774,149.5327394210962
413.01578832480294,416.43864295075764,78.18122742944993,156.56856482749578
417.457169972432,416.8094131886785,72.42867477223814,153.5182236543274
420.16410254688867,416.8868361230619,72.06207276877151,144.08738634574115
419.3488184776248,418.6429788843148,71.92060399724224,139.39662627775655
417.3526434183732,416.26153207309335,71.25800731169875,135.17217420470388
416.7589864894918,415.4486307230637,74.94836577471668,135.41609173382668
413.38372541053917,415.07286082505266,79.33258687289904,140.08515491394286
410.2648562903531,411.52558822918644,80.86582825276695,145.68628844548098
409.4781723956824,410.8881231688288,82.37711419476851,147.74012538840074
405.95652682758737,413.139259116361,79.74884885818031,153.93128153288723
409.24021321594137,413.93275092619257,75.03637131558023,154.38876726976093
415.0421492127709,413.9766037268247,72.41423836611068,149.2697081948333
414.76597306740143,411.98206582324104,74.84816087684317,141.71051186912712
414.3003284672576,413.0051751508127,75.85528245897538,136.32811634173038
412.8860881338734,409.5032680571488,78.84488823434347,134.1675495018366
406.72301212302807,406.8650730164222,85.57955713988413,135.64372004746212
404.64157079745115,404.8100074988507,87.41967277176619,140.38001867799156
404.73197422776377,402.04986627846415,86.23509222187096,146.5745845040414
405.5289185710529,400.9444077604047,86.96674717733674,151.23606091783057
406.24338211007654,403.6313981384117,81.9147436603856,155.9402156522341
408.45717245086814,402.5242204298345,77.01821339264944,151.80554963460463
410.51429848164474,402.9185358289699,76.46444121047541,144.57108419964558
407.56362664183155,401.6871480940773,77.67765451137876,140.23834413216878
408.52453283986904,402.41240752891656,77.40563240232156,138.30440179103948
409.0713696348742,402.845303845226,79.9275307880192,139.2061401957512
405.315040968779,403.6891757599215,83.26553697427462,144.31286190819984
404.4388228816085,402.1060975622931,85.32905592897679,148.41699561745202
399.72704071755663,400.61719225938,84.46119073742722,152.83553584135072
401.70865308618346,405.30925695623654,81.55286760005758,156.93081280444915
402.55628096053806,402.5610603968551,78.83054621662086,158.6641808778171
408.3603517468648,407.1231959407777,75.48693387217776,157.83956570427853
412.5786105922622,407.13397620193916,73.1658408144092,151.94398079078132
414.5952711729962,404.0546576506813,75.13257735023733,146.1273743248767
412.38228635080986,401.3902837965228,82.09596750585567,142.05973016460229
409.28868572337853,400.4974016073759,86.72114071029571,140.11979917126843
403.184023156854,399.04991450853095,90.67521300520997,143.1043447033798
401.5439613962389,399.58427056624186,92.70561392645698,150.22491691260402
401.10346306821805,402.1359226421989,90.5664072305242,156.6965954038174
403.58197883377863,405.12151293027534,84.12798367345543,161.06448991616554
406.59601529075434,404.1419669674234,78.8381197090699,163.90400175182344
406.93256172166633,406.9182446228066,77.96759879958893,157.25407712781708
406.45073093180565,408.2617165596954,78.49043327784126,148.4422591390491
404.8934541189189,409.06272139612236,80.10721111053918,144.83578245569714
400.2962421431646,415.1379196625876,85.96784714395697,146.8818619054328
396.8624398807561,417.9358311957968,87.1740127268184,151.65967603841614
397.4996044187027,415.1304131967006,86.64396273751503,154.53006022386447
394.43705468501844,419.30863663692446,86.9858271317939,159.70995596426633
397.2636813806183,424.5205489908476,82.53375026475649,161.6782106097525
402.34919269099527,428.87056680717143,76.70565128520745,160.9780290649345
405.1800427857418,431.6575158369566,75.1437316552541,155.6068008046921
406.1172794667478,433.6390679602595,75.03603366288633,152.8031005974691
405.18128216461287,432.9880757950855,80.54835333658363,145.00525048567846
401.73192244607395,432.4724084444424,86.0081199700497,141.05651173496875
397.83908095536486,434.43427609328194,88.53135034908146,142.26872652579067
396.00432791917143,435.00698232357206,88.48726579952006,148.1267072384283
396.0603977357839,433.88415456206064,89.78758291716485,151.66287723059776
399.91292648150534,436.35516432547445,87.72998254852479,155.2685900569806
402.9403671661352,438.9328122688159,81.55353471972839,157.64177231589713
409.06389987720326,438.8792709039535,79.148925161545,154.26933281738093
411.698463029858,437.93314666923607,78.8010348944436,147.86228872242367
411.775062834865,440.56972973320904,78.00815120335182,142.5376359495839
414.3486481189743,438.09141959102874,81.08581698462064,139.691303467526
412.4414617361199,441.34571983037915,84.9614148740329,142.29261681481395
410.83016488421356,441.02374256053304,87.29703132250121,147.90434097730895
411.7150565292625,439.8863708709295,85.90398357064765,154.45986038038075
