952.5,245.5,130.0,282.0
946.5139958263753,243.61357118971318,131.1283079383138,278.7221874736315
944.7726665246685,244.43698786062686,130.45793471570823,277.0867355185834
942.2023913952833,244.19813932693796,130.77878950176148,277.0297727830475
938.6834781663554,247.97677917152157,131.57701100966585,277.3001116928183
935.0060671768739,250.51051591449198,131.76160450733624,278.1185820964954
933.4455488881188,250.72487350287042,132.26141072100063,280.1388527347867
929.2553946594865,252.03024931896957,134.1546786585509,282.96898140120294
926.8715336809153,253.98816541243923,136.02129211235152,284.6101698784787
924.7328498421402,256.1910960134581,137.20947812829587,287.71978204222467
922.1426318649103,256.8026497355916,137.08485369609792,290.86233288119126
920.7972915989789,256.090057129439,137.21185429441283,292.9116435145437
920.1698111145884,256.2848955743135,137.82240673915746,295.813994336663
918.9406934497681,256.1723112234547,138.73545423787294,298.39625065053264
918.6485364592137,256.49456356533955,138.76342144488052,300.5857277191586
918.6872486987706,255.24313749281413,138.72566129759025,299.9948763558324
917.2559046318238,256.35181468720884,140.0388844904592,299.1811557999745
917.2803972469914,255.26777627857174,140.3082940998877,297.37043303572096
916.2327955734897,252.08438762172244,140.83687662016973,297.85590036330507
913.5285340348803,251.33796728221728,141.24292109784034,294.38982771605197
912.4060295586892,247.48404891271338,140.52881526025988,288.84938488352657
912.084256305204,248.76734150579807,139.23877362006675,282.9241513971863
913.2514229268169,250.41281929166885,138.42218456038125,281.713913865911
914.5533793138649,250.6395411952273,137.62810948522173,281.1663613431407
914.340195294342,252.2140089232954,136.71895534943218,281.1278563660542
913.9220440680774,254.40234211217995,136.30850887770623,281.5582106525002
910.7692510283093,254.81522892190856,136.86491320980582,283.9549278205491
908.617015886839,257.1503785216044,137.56149741677285,284.4722573671901
907.2990291510644,255.91544495356254,138.63528965396245,286.7204753780554
904.2400488284251,260.3859749885706,139.37978952958775,287.9813529835154
903.5496532410576,261.74125878615325,138.44567649137093,292.3939457505938
902.0121158164404,261.5502898570896,138.13767920277274,295.9980956849082
901.0620077981037,261.10674239424424,137.71889094218977,298.13471436948714
900.3422393459904,261.07609119012824,137.07046712635406,300.49784849997866
899.544391572993,260.05315760252813,136.64541358024667,302.9684382274784
897.0231224643313,258.3964161951262,135.33122801216967,304.26734222300723
896.4522256067803,256.76422102384913,134.54885004109934,303.6339623991644
893.0520111849579,253.22779624900258,134.83011193833295,304.08988957031744
892.7003430566751,252.92894901103526,134.6853680366649,303.4505324400738
892.2007197014842,253.62703180302208,134.5209407501214,301.39524015712936
889.9580282940368,254.3417224158802,135.1206345448592,294.937722201219
888.4693533640301,256.6234488614442,135.31197843105681,291.2443721328716
886.0742788808748,257.3962515952514,135.62847408086952,289.3798929319752
883.26858153803,257.1167597306146,136.98418296028467,288.5459879960494
881.4313165132131,260.77298207837356,137.1753601103672,288.6036848067266
879.7578535623719,262.4414255535706,137.06240089165766,289.93713410282305
878.0280030839291,265.6715512394143,137.51316544336146,292.67524126690216
877.6407511471072,263.6007405500584,138.82742364811722,297.5952224163888
874.6776609645389,266.58972941757884,140.0762453859344,299.0696200933353
873.633523329475,267.44008994664006,141.01881507535086,302.5583492991899
871.811104165219,270.5983285772288,142.79088094864727,306.5513164655027
871.5521046308334,270.37164742443395,144.8908132773828,309.05277375896156
871.7427494289452,271.9543106506108,146.28402059411508,310.0793418378579
870.8851985244025,275.4828209561213,148.2229334186872,312.6616158511655
871.2787671670964,272.80494341954835,149.42667805316051,312.7131559699352
872.5008798394867,274.410072534254,150.25323064912976,314.2248563777614
875.9129062287589,274.08732104860826,150.26555167658526,312.3293112991262
875.8383034579241,271.73462381524985,150.17110083629012,310.1624738055464
879.3682465746633,272.0229079677629,149.2265610345438,305.7301356278549
883.046289301439,272.7186051491798,147.76214533120617,300.14164444037516
884.7809666043227,274.18684560001816,145.53849489948055,289.9467578532736
887.7160218082315,275.7332902718354,144.12611001656526,285.24988725315404
889.9473755625172,280.4953365681014,142.3709084493849,284.04001699643754
890.3073818163447,283.3513582258,141.26830588626427,282.0921579175667
894.8787017305881,286.70893004064374,139.83253709049228,283.23715651886687
896.0774201064478,289.1050735990169,137.97030850441848,285.78975951976577
896.5534932538732,290.73252586555816,137.49453144150695,288.02744922877923
898.528569341805,292.10234554300945,136.5970375851166,292.61350491171845
898.3502290781502,296.39988340373674,136.78624883444826,294.2903579774953
897.5730959073683,297.65641075569374,137.0801940357228,296.6761417936313
898.1187962968058,298.7407325951372,136.7137672334597,301.8690546447432
899.1332763535613,297.8101712800182,136.11453443585145,305.8324736273677
898.7077282216485,297.59666572726127,135.80827348379586,308.637224400774
898.9438964673014,295.0768949725626,134.37239918025702,313.0261984381903
899.4678919312623,292.28571862580833,134.1837682319648,314.36996995112634
900.8343827515117,288.9987233250015,133.44431889146128,314.3355797582148
899.2496532158277,289.79581678883164,134.4187863742368,312.3955575918594
900.4030076378612,290.22821725700646,134.9270873625521,308.39624709206373
899.9875006010399,292.1714706730372,136.08809352189,299.4657858875962
899.7909181444527,295.6795900189231,135.72629026871303,291.5826722625817
899.4668307907532,299.41773165211583,135.39126472405582,290.4044169884447
899.98159829745,300.1537852883461,136.2005455189586,285.7885785987356
898.7060562180393,303.65465024674245,136.85488757229587,287.25948013641073
898.8232223456748,304.2798801404804,137.74162391386471,288.4937451089905
899.5253417644556,305.31970267888664,137.35367049576723,289.6965533307466
899.5232595408344,308.51113290864106,138.00988752432,292.26771241774657
900.4278298262145,310.97777475836824,139.1132454276809,296.19635193606564
900.7103606306378,310.2443382113748,140.11889733888427,299.5689842454075
900.5500705908493,312.7884044695019,141.4493489013105,302.3648129298673
901.4912877986337,317.24956830274596,142.59211151485545,304.97216933015176
904.7872000396379,318.34581364117685,142.1779207952065,308.32258350711066
906.7098262361328,318.4516044469053,142.98923931362424,310.71183197377877
909.3318893036674,318.0057274033558,143.34258203155196,311.6982870678863
910.4130488321408,318.53338230112,145.0864729202837,310.01421615966797
912.0828249488201,316.37539037676396,145.95382319089254,307.72745256804194
913.4948335582059,319.6671399098159,145.9574112196185,303.2229239342196
915.8592896045933,316.95952116598306,145.81891031306188,298.02785182105515
917.5778004028182,318.0624487568241,145.69093403140084,291.8111948472283
920.5088392507828,320.7048791298125,144.881401882957,285.95918666749367
922.9818289754808,325.3552213670871,145.10540772790313,282.23862704798603
924.4987647615135,330.2158680440954,144.65625939001444,282.2560870127561
927.3962984670048,331.08998582145716,143.762216320615,280.8473685149745
928.9854006969167,333.1532967227818,143.38705355733964,283.6091391607505
930.1855927245276,335.1796405508107,143.27146454797042,286.75095290468664
929.1900323855351,340.0387495228,145.63904702986852,289.1756888333886
928.0508923742477,341.6872547274129,148.10649365791602,293.3503748009635
925.7538368849977,343.713806930307,149.8876974174829,295.4766689318574
924.9269762637816,343.4391434659348,151.4574122609988,299.54393495133047
925.3572318323079,341.85602373956135,150.5233226544911,305.3342016562747
925.568906834742,341.18598843948587,151.7018068275936,309.31904192500474
926.3191887665425,339.52676244647483,150.94029484244487,312.2693735089291
926.4707521887601,336.1519237700091,149.4786227423487,314.78350236561425
927.0865194534807,333.1159642178679,149.668659944475,313.95894758531415
926.7801702730438,331.6146563310688,148.2451530136007,315.675382624278
926.7519602935397,328.6932924052311,147.56283455498348,311.8303224663098
927.1874310514926,329.17434643546324,145.92668711933524,305.3189623726118
926.7856879438636,332.320462198145,144.85858331632056,297.1123749731868
927.6685497225644,334.70703305331193,142.91505513984532,290.37545750887796
926.1601416348642,332.9989630982374,141.5953206026603,289.0983167221581
925.9637589354631,334.66613075591863,140.82816948134362,287.9816528011438
924.4597740268207,338.8318352675316,140.31868729705673,286.09494783370405
922.3693328233996,338.5192070443495,141.43292241271553,287.056799398114
920.8519488501875,339.6994817901535,142.1350218162778,288.10691804119523
921.4680643648633,339.77389101504906,142.45275962561806,290.6154794570506
919.4713292486558,341.74864562586123,143.66205470048595,293.190127282698
917.5003809604941,341.9957306405737,144.4834609642331,295.88595015793607
917.5110756769086,341.23550109815966,144.6337394052635,298.5561519652755
918.244211205916,340.23562358137474,144.59671870678375,302.84348295900463
917.1769726536462,341.1928528121918,145.200008992247,306.6086056626842
917.6858663546712,339.5355230293452,144.83715158573364,310.0156506843434
917.7640394878969,336.8313747028745,145.33702927205263,312.708011391774
918.0369617318348,333.8733694987887,145.7630482327965,313.17946699418997
918.5065303575789,330.8230900423914,145.85307016957896,312.22457928222866
916.8127105939072,329.0851416111245,145.99611559978484,311.6807298412041
915.6448124880241,327.01755205313077,146.20438409777555,307.7425637728654
915.0717777080453,320.9962813262448,144.41222457371822,300.2766613942399
915.0333281673716,322.7779039245307,143.48812706540514,293.6647726086484
915.5518657622401,324.10501108563847,142.1383052018455,288.24064175200897
915.1471489045443,324.8135910772568,140.4239962414557,286.240018457577
912.2829488299903,326.955643626412,141.1666938759154,285.7274125162185
910.1222574365436,324.86167690798555,140.95871493795534,287.3080499630811
907.9970190096514,323.363274560895,141.34772323819675,288.6530261298117
907.3899695952701,324.44164964755873,141.83102358406435,292.3364525388206
903.9054330452777,326.0471857843402,143.50761621529915,295.0768706674794
900.6962085725063,324.7502082720371,143.73260183534154,299.7846133431475
897.7437580711717,325.5775323241528,144.5339056738567,302.53292744671035
894.9411289746962,324.61518739294456,144.19431103782821,306.9665732646322
893.1690807740883,320.80863846262037,143.25984603767654,311.28749344812604
891.1080186409946,315.01895721842584,141.0306052144476,313.66140015648574
890.2468572863179,309.96468482338764,138.37579073965793,317.35975722530975
889.3123845287882,302.9682027111369,135.68202406218194,316.6730930776189
886.4258244715103,302.94966573829174,134.60079647089674,314.9026251760802
885.8060248852527,300.47509991215907,135.6426882287849,308.57248284152917
884.464891294205,298.2032244531258,133.1714114617531,302.0930556590096
882.0817973309237,299.0782070883992,132.6002037202859,297.71720776288305
880.8029531651098,297.97017474300196,131.97295958159202,290.4069605792879
878.6867833081786,297.68047961084835,131.29414168742215,286.46385652749404
877.2405078814984,299.30178434141374,130.8958433319507,284.87764881978893
874.8690764661138,299.44071146341724,131.45372481658956,284.9055166336012
871.9833382627259,298.15822723762403,131.92112264441653,286.19530033463064
869.4308102501977,297.00977803819194,131.8031566853723,287.82977142731966
867.2296169857575,295.51682475700574,131.43331068175172,289.49011908885893
867.7647909811933,292.856642285932,130.7562727609179,293.2724818976369
864.7773261384921,293.6934505785871,131.46879371295245,295.2208195149788
865.5492998554955,291.3706458427578,130.43935738734393,298.59949244603365
864.0118727289139,290.87998153889276,130.47596405521062,301.0081213877405
865.4558674366265,290.0171648255333,130.40408334339878,302.1801829345957
863.4836662537772,290.53704114110946,131.15065455522776,302.0268973430285
864.3853196288377,286.42939516420677,130.5424041243434,302.1054333535355
863.9501622652913,285.0845085651773,130.93950002299653,301.59819269661403
865.4320022243153,280.0988769669234,130.0189907954849,300.1443879915105
863.1697387659642,279.68404617307334,131.0174354348892,298.22171474606546
861.5432407354607,275.8007990162604,130.4688005220804,293.6921322850942
861.2698086691346,272.72718589991626,129.39730711555566,287.0017683001921
861.6184792672016,271.1669755521084,128.37033485905977,281.0014929279978
862.2895201018272,271.26950785238813,127.25732410658046,276.8105200575561
861.3247435683876,273.97541379254926,126.50724427131414,274.2593761211883
859.3051793533498,273.66434030148275,125.45770530865909,272.6430265613444
858.1886479562165,273.3097433785569,124.8709095519003,271.5745474011384
857.6079369297203,271.5244811572267,123.72112812512583,273.91187081688224
855.9409536933609,270.4556690357643,122.50675332358318,276.90288974698285
854.671441837949,268.26881884282864,120.40601892436052,280.2664942981221
853.4252766743265,267.60910640031324,119.98224207387115,283.8050477918565
851.9064282241594,265.86445477607157,119.32473209363584,285.5711682429079
850.8080226463354,264.33669059391383,118.20175336280928,288.5404384640368
848.2287236129408,260.88428804243534,117.27115236343639,291.4629938302079
847.6901799596968,256.0285868694067,116.6765989161783,293.6284142922625
845.7395305226773,252.56780181739208,116.34570241286752,292.711232603384
844.535916859996,247.46386022389444,116.38277702636191,292.37491870785976
842.0670896880345,242.03633104309228,115.63099588825986,292.9873060565857
841.189297070146,234.82435048593308,114.84114068862718,291.74315250873366
839.4033750988714,232.73887715137442,114.67613436948812,289.71577735854555
837.722740423038,228.34164578780587,114.72630562240013,282.9970173912857
837.2676225486963,224.84984209494212,113.53974080536378,278.07919178598536
835.1647697140594,225.3204104320419,113.21458652743308,273.2300513047179
833.8224531800101,222.99664097000007,111.86093720112234,270.56202035117707
833.414067826141,223.25565992129907,111.70303678344874,268.6598826074612
833.7304933950217,220.18486243925702,111.34882636295536,267.23135056119986
830.6020783860606,221.0125236621488,111.11383080028043,265.21998236265256
832.1555980770643,219.4419906823245,110.29950124569638,267.9936716073563
831.9496752777396,218.1077873140503,110.38891069045687,268.62301965860195
829.7945855761336,217.96054776408073,110.60280761152177,270.54234187911607
830.0665928259963,216.25670187147438,111.11830906486026,271.7744002338478
830.2348634962784,213.96770454687515,111.26479512288235,273.8413170021869
829.8394935562029,211.75158848867738,110.90272359499055,274.9328537374179
830.2852706233622,209.0784167155453,110.79773059214932,274.81252677052896
830.864901528316,208.82305795456261,110.68955365830217,273.05379148220686
831.3615143669231,206.97020591551188,110.31783020171858,271.28532725967966
831.8910063395276,206.07055360313308,110.96005329825002,268.8323359135205
832.4152349010346,201.4849982567276,110.39478987078115,266.30727389209807
833.0334928740706,196.5356743290758,109.54665951860036,262.74235401363705
832.9759012899893,193.67584004754644,108.36919794761194,258.3831756452382
833.3534140969375,191.7575998887932,107.79281871938521,254.81861159400077
833.3994402356607,193.1994919226138,107.43328758847467,251.99871074154862
833.5088920891212,192.98343764663656,106.8672572784271,249.84094025755334
835.3102133548686,191.55819979119363,105.61673085487305,249.0272626309606
834.6010609378933,189.40152161644178,104.1074884724082,249.80153263860637
832.6098919224078,188.93405456383877,103.35743848381745,251.23589215503677
832.6556885650554,189.95673144449316,103.33984606374338,252.18524836229489
832.5761333439423,187.8826765313985,103.69336617441515,255.01496948799897
830.3506971190344,187.35000096193335,103.50597682918699,257.79904452009487
829.8702115123168,187.65908720872343,102.68188572954233,261.5612521801707
828.9336164877831,184.88121769022604,102.23966158831733,262.7341968369775
829.4328017179807,182.46115780277512,101.28015969675977,263.1423660427265
827.270018075226,180.1501103913435,100.74856307617179,261.6911714712111
826.1238356560889,177.0908863003861,101.14549782640267,261.14132379283535
823.8907059733538,173.46302832490414,100.90527859613937,258.54040751113325
824.359228498737,173.5956862304035,101.29973109538349,256.79218619304686
821.1633834106837,171.5626122193063,100.75214982144766,253.46784272964555
820.2482592028812,168.87753899081844,101.97758096581998,248.55557188925798
818.9188471517839,167.5972866696843,101.35693915424193,244.89469295990148
818.9238542605583,167.15718515572834,100.791290914934,243.84870239288085
817.1250204135101,167.29889088908388,101.07242313616061,242.53992223567906
815.4150372572157,167.62180712918757,101.19157553540418,240.42874103492113
814.8450625172753,167.56081691815132,101.67324833815314,238.81656389473778
814.9454909256501,166.58615886553378,101.16885254330379,238.06307495770605
812.8963995327532,165.60008194566055,100.89730294918418,239.56471041704896
814.2768237723103,164.76376320785005,100.27564228287511,243.0274707593005
813.6781633035009,163.74403000392033,99.78998709382313,244.78422220420066
813.6242601636496,161.7878318012578,100.4039101809864,246.23403959760861
813.7275271725252,161.59215830086845,100.95236602567724,247.37657600907383
812.6682369065604,160.8220556252261,101.25221167334485,247.71108775779652
813.7745601532391,158.9304431599291,101.499479864283,247.37641088632756
814.5559569975798,156.79266797226802,101.37197388960631,246.10031169118463
814.9636275171536,152.99283968909086,101.49010292082093,245.82847730218617
816.0487911689304,149.6857161274651,101.72072414174231,245.67692633354926
817.9270144777518,144.92639051850898,100.8729922953702,244.17772381458406
816.4979717426182,141.61270241800713,99.88639936369026,241.98181205172057
817.0615588633685,137.9765507436545,99.16141062185791,238.5045693494004
816.4111793233001,137.71848718440327,98.30839091056703,236.80684692337775
816.2299430583425,138.17601243151364,97.8595968393966,235.56617226123785
817.3418395231934,135.9866166281229,97.10450932542062,235.909197743294
817.0034633169521,135.3238704431048,96.51119345005375,236.95637066509755
817.0021848191775,133.862975285771,95.65888578867768,238.31090238334485
815.9313536569206,131.64642935442868,94.81420401414678,239.62305522968734
815.1217664023296,130.7118216378107,94.80075604293621,240.11613018765019
814.6284865423476,130.16359157716397,94.02328769054321,241.79753241137587
813.1116873934545,128.1187560678963,94.25997260293803,242.02604148266084
812.9238413059579,126.27238414978967,93.81195374029528,243.55256370022175
811.4881914151392,124.00577650911404,93.04099201680589,243.6678903402156
810.1845926698436,121.51608441231565,92.53545900431479,244.13297752529797
809.0333140227847,119.0442440286626,92.10318520369087,244.18456415731964
806.9217433152656,117.88259802735608,91.83567310386675,243.17541554523237
805.2406782691777,115.32667675728007,91.7886187401711,242.8584660855675
803.9220916308202,111.40632303880503,91.77653149595096,241.6466031795
802.372871863263,107.49762522408774,91.55415284525925,238.29781915195215
799.5622420957512,106.32671224912484,91.05628653723457,234.69313717112234
798.6193923398808,104.82622369780188,90.75945040062945,232.6912446677502
798.0907012248155,102.60022184676473,90.70206507933821,232.09663181556425
797.1805527252136,102.04452848551941,90.18348130118272,230.8666503396601
795.7037459017217,101.40559592680628,89.97173998104934,230.74175328248003
793.9543396040671,101.01111357503495,89.1603652365758,230.6451127699964
793.2299378939866,100.32921657080962,88.92332828846585,230.88316172038736
791.3410533844808,103.329053546029,88.48461037663031,231.41349370180285
789.5552900132808,105.73320844719129,88.67449215481227,233.31584435708936
789.2861286611795,111.37531557605581,87.95885341511362,235.7060847883862
787.6609566850991,118.43876189814374,88.26322039469451,236.03217981510878
786.4182402132615,124.35188125804021,88.63079778951118,237.54304780002775
784.6313782167291,130.1482019649258,88.62966550129538,238.06754906356372
784.0525474346928,138.31342671579225,88.57416345109493,237.15767947210912
784.1224639259726,146.34663161760986,87.61816680943969,235.96100633992165
783.6084666756168,153.77917313657304,87.16778694815937,233.92355906707098
782.7961572839156,159.93019154797582,86.56384552228741,232.64932661896023
782.6304849542479,163.38871442196873,86.09454095591113,231.70101895004547
782.4334577588075,167.71750479477208,86.03969190536256,230.6913740717483
781.9220010155823,172.3135281789804,85.3692556727656,228.11261952058632
780.8669382370736,180.4641492567663,84.7028576396952,225.90400965871572
781.2223026062682,185.6967953308826,84.14544626337599,224.76649441935766
781.211113603579,192.3524921349175,83.27144616883614,222.84158400373167
781.1738715043826,198.28904923396396,82.1628947551224,221.49813956729645
780.6838826101782,206.07826832569745,80.77292367954817,220.7935350401405
779.9196161534189,210.4852167885643,79.74981036046158,221.0873718409083
778.7643723851438,215.35767374296006,79.05967753186903,221.6795245825074
779.3161005837783,219.54450228675273,78.91376975291666,222.02004939494643
777.1049181225725,224.1002232520231,78.36105132419321,222.18551347789446
776.5276758028283,230.3476722199675,78.05831719746902,222.6606692147962
776.2359250682151,234.44678103643636,77.79497286105038,223.86447203626523
775.0805599854011,239.73082003656936,78.05112782182911,223.59354750889963
773.8487306960892,242.3029822647856,77.68455783332962,223.76617432733894
773.3950203599898,245.75488438468184,77.46351929036419,222.9748559731666
771.8341499289941,249.90358920581272,77.30360937072419,224.01035686862457
771.4764055288583,252.8362112331299,76.48969388842573,224.91898709682715
769.2905326877233,256.8939767680415,76.73898635795778,223.91874523827704
769.2023758443083,258.969097912903,76.1850189302096,221.4706569888907
767.4385119610376,263.95405689264453,76.51352913884372,217.9371074948313
766.4857669019319,270.8655650466071,75.77728918694098,217.51213577308772
766.5207391373641,274.1350331067408,75.83416577208506,217.18107204356744
766.7403499877017,279.13351695616416,75.0305671390272,217.15728225457184
766.1834057552087,284.17898876151827,74.81875579779985,215.7897826288489
766.3565770179462,288.9914971900139,73.9454031891263,214.6494659747995
765.1690756265797,297.53034010920635,73.578345548962,214.388501098939
766.1837628951032,302.81237645447425,73.2794179466151,214.60228332783686
766.0875827161815,308.9038111778376,73.15203878390875,214.08577092151546
765.805233557265,313.02678660112224,73.13922370500174,215.9304486989085
766.8379974701393,318.627799801451,73.4656343272053,216.1284657857999
766.850975165106,324.13709587728465,73.75710102923287,216.31697831705492
766.7735181726607,327.77399165261596,74.58858334345763,216.07333288837103
766.8748796685779,332.01426011773515,75.14030024200784,215.7125183244657
767.9319115177196,334.785893812261,75.8406052685475,214.23092648396744
768.3788647570448,337.7891267506984,75.2604881873753,214.0820460372379
768.5213908634404,343.2712759253847,75.0911670499901,213.49921836810213
769.4969253997622,346.65267935579334,75.36613261861248,211.38708728090543
769.8883387803272,352.180865721803,75.75501277238423,207.25322994118966
769.8874536144876,356.83343266303484,75.71114808929087,204.95318057334384
770.7540652070984,361.69336302272905,75.45501943512869,203.3350320808231
771.956373132482,370.7198058955409,75.21688031089334,202.21486842687418
771.0687080457313,375.3620253421784,74.70104489410853,202.16888816702198
772.9898074554742,379.5150640792709,72.78154433397631,202.35615499978286
773.4774035695095,384.68737748117087,71.87916547523946,202.52396410906886
773.947617113014,390.37986783356394,71.07201939563963,203.0046145077983
773.5938272194462,398.3449353366593,70.0576584269312,203.07311956203245
773.5114127784782,404.212312732882,68.75563154447816,204.43843667663046
773.7220147564966,410.2496124076168,68.19783035741077,206.23900612751493
773.9809138424109,414.73219744340406,68.00338607218646,207.29904739016882
773.8714313189736,418.9177969405861,67.51073448373867,208.1318793864055
773.3606100962545,424.7015588486153,67.29476039017536,207.2725035729715
773.6805037825554,430.76736464632336,66.95655994355695,207.41605181337079
773.285480760055,435.024070956497,66.96580695730029,208.4579046196593
773.671854112593,437.423333072857,66.91128084376919,209.5295590864326
773.2148232493215,443.35184720559926,66.83266208029514,209.01315563021336
772.9995948205957,449.4891591399882,66.92641855789837,207.4168993761815
772.9523399950365,454.7445046970586,67.52113384504132,204.21720431764382
772.8799605743502,461.1612563393868,68.22592749791056,202.80764932095127
773.0085792182806,466.14858869382294,68.78750627583807,202.23966185817264
772.6960152737482,471.117440361457,69.51733199587775,202.1838612176067
772.9423699106065,474.65229574899996,69.94897626210494,200.9555634636084
773.6881025316972,475.78094609159035,69.87499029658072,200.47876927008875
772.8069790133059,477.28505554765843,70.28035297304999,199.45918649400755
774.333996386606,476.17558083025267,69.53879605352176,200.04313176603063
773.0017803186408,476.49172461061124,69.15165038297933,200.85753238051495
774.2957449220987,476.84772130786223,68.88458370772571,201.46659177570115
775.4814527871898,475.2875222063947,68.43369209787417,201.18011222251735
775.5309120910529,475.39364272162857,68.05681649776038,201.833441439223
776.0035574992731,474.90609148176145,67.89813097983892,200.84768867336692
776.7823325147051,473.7301152762934,67.99071336665384,200.4694415088789
778.0993135636916,473.2878805071281,67.67199594336344,200.92159528039812
778.9055515561314,472.16017559641716,68.02431113718717,200.2238653198681
778.8707614959101,470.8428918510736,68.26710278748078,198.71358017231057
779.5147657068944,469.3160420202484,67.9081501754868,196.18011352460428
780.2082056719615,469.1332201028823,67.50670894984316,193.48161107904778
780.9079815987611,467.2583601124568,67.16155396399617,192.11486453768208
781.5525157808161,467.3504910398787,67.27465792692786,190.31025530220006
779.7619442859196,467.96590065799,67.85142402844548,189.976271214312
780.980036406738,466.2484017595518,67.74471375912947,189.61709529368954
782.176797247687,465.6272616444373,67.51678498609066,189.94245587527132
781.1496599905066,466.5023998772159,67.83433929609808,189.35234924957314
779.9260115747101,466.12843896156187,67.67813957617744,189.0151825894414
780.4577776142793,464.70085151636874,67.09163044292,189.94848462559474
780.6421107959308,464.34452933286195,66.35174825930459,190.41414072590192
780.7016062620498,464.6265399437391,65.94203984449953,190.82159194629773
780.0469744709964,463.3116639345463,66.25215785918931,190.37708539878062
779.3382265972724,462.0043322079423,65.87762935183834,191.47750143453862
779.0418000115486,460.2068421958405,65.65183829768851,191.77125031288352
778.8950447770264,460.0291601583517,65.29332735865174,192.0238974725517
779.1791789425937,459.2474060938518,64.66608098402071,191.03576222996944
778.7687531365955,458.1666718294944,64.32702895050173,189.7884067917042
779.3696183854082,456.39092034117283,63.978014600775786,187.76161072278467
778.9049510983481,454.79278423422033,63.75627714959699,186.8134265501235
779.0886017186388,454.5438828174225,63.58423740234099,184.80285922266262
779.6682795953213,454.76412727009733,63.1493494629444,184.4470931566089
780.1336435667879,454.88180310160493,62.810694662539774,184.8506201371064
781.2693317284015,453.870000783681,62.35887910553258,184.12114130547067
781.8327097356173,454.4164074654067,61.99103708493669,184.35632848752107
781.8385926830609,453.92289159100307,62.17648044395649,183.90784817044084
782.4182214188163,454.006218928683,62.25071892314461,183.82559060244375
782.9127190502392,454.05631489535745,62.31530322916182,184.07383991226646
783.5996685214835,453.6026249722835,62.4292214549089,185.52910762014307
784.7262358152091,453.6683626453374,62.56295105279116,186.07279953658934
784.9966451247992,453.85853771182985,62.27481762285795,187.0472654827442
786.4843405392294,453.63832632217697,62.42028307909273,186.5382828303026
788.5742749719426,453.35424279247684,62.16497833681993,186.62534307198047
789.3678971675799,452.82774889373303,62.63560981720367,186.9962713430247
790.2994514818125,451.61414440766293,62.82976933143875,187.80201844687866
791.555452202397,450.77010132758573,62.69294956522714,187.5458686861271
793.1162438464171,450.5402771683232,62.303547587840555,187.29391378037468
793.5763553233967,449.8113192119757,62.71660722379374,187.0935190412905
794.4962179569159,449.3788471460874,63.50747048824961,186.62265203491393
795.1787798218804,448.4415208884431,64.3997076935317,185.3694113407452
795.4765172984743,448.78162943298264,64.85514905446901,185.9717730776167
795.6924475140764,447.57584458110694,65.28947232144193,185.20749906570038
796.7382300855883,446.87737930801796,65.57165667297099,185.42491293879027
797.7157295461484,446.10729983008184,65.30379940872633,185.9414671440293
798.405384090326,446.2507711299986,65.3450164672598,186.2166312131448
799.3501475274062,445.98156512657226,65.38388283784282,186.44228462524615
800.0922197020435,446.35297577070355,65.40579443968669,186.2782362394723
801.3107240805548,446.62747289541346,64.94763890837213,185.49262016316533
802.3366645108283,445.62507844386477,64.75026632857904,186.43847831160124
803.163694328793,446.5997066039947,64.00399145264797,186.26897627238526
803.9417729706717,445.95303539050667,63.81976989410283,186.23631479025045
804.1200362012053,445.54757047878036,63.27212553540589,185.05291969114137
804.6098353632636,444.6937075272205,62.726547462324746,184.53284164871965
805.9285444010172,444.2806434507385,61.958858428870876,185.02792125346207
806.5159230439336,444.4992708154006,62.0394210960027,184.86365532037203
806.6532698565272,444.3986425741524,61.92227641993793,184.73957057819808
806.8653295341461,443.92870665438124,61.72296972134136,182.734856855988
807.9342272026531,442.584171837953,61.539501252384575,178.79526724049236
808.3838038679443,442.1887897300053,61.25335242743647,178.01749183694216
808.4856227679818,442.16371550337703,60.76557240138064,176.50376187318355
809.8945079487752,442.0010336069959,60.19829914253147,175.5644741290042
810.4590901981423,442.26943280589694,59.84050338578618,175.67617116691693
810.8493967694601,441.3736780471869,59.683225425817355,175.950513473758
811.7716662327617,442.52887406768156,59.41237047634124,175.91136929653828
812.4713807022423,441.94738494571874,59.205273566722845,175.43154649409246
811.9201949177456,442.69117327025407,59.51611458618996,175.44447231217723
813.1805114532078,442.7576901290882,59.34047176871395,176.18612888877476
814.180494994723,443.1030454453278,60.20324138764914,177.74671048499425
815.1479021933029,442.6867060470257,60.67402563093114,178.74751924726144
815.1520363899929,443.38964592490646,61.38503825533142,178.27698567766095
816.5238579786687,442.6109727969063,61.21958397415881,178.27253085772588
816.421137981842,443.78917530907415,61.660374248812516,177.41626387774744
818.1183037250706,442.6240753153003,61.53821664388594,178.49253842259964
818.9495206149776,443.17523460418613,61.96258367774709,179.0993773117163
821.3467887327587,442.4251015041275,61.86592055772433,180.17710970169486
821.4382856503689,441.7932738648549,62.29220009658457,178.9325719641879
823.0259339609412,441.40443020313876,62.38175838342947,176.17345556523858
824.6458277234303,441.79671926904234,63.17749618041171,175.1617620854499
824.9899416931628,442.00340019486805,63.333872077483306,174.42946191888387
826.0648943828511,441.5317928270021,63.56285435145749,174.04860643939048
827.6735749463203,442.027780835563,63.46591511096307,173.93339048782425
828.0937870315647,442.26568225416065,63.53009507741814,174.8903631480655
829.3256527866149,440.94783557304265,63.45545124431971,175.2381014646014
829.5645035709407,441.5810755913896,63.12481784836136,176.3912033180137
831.4781786750095,440.9895188551229,62.705932787242205,177.77297647878146
831.1791765617113,441.61859306500514,62.223944242689896,177.454460057556
832.3527448515154,442.14681733021956,61.84949347698553,177.9503000593842
833.1364627390569,442.6416545744235,61.21420592005727,178.1229414164658
833.6064258683704,443.76968383035756,60.99978137756747,177.5626844011034
833.2916760690634,443.1826920706986,60.75094287765515,176.57986168987637
834.4846579780334,442.3244014752291,60.19799557449344,175.79809345263845
833.9002757316925,443.11106534931054,59.886292270849566,176.13828973611464
834.2215852594719,442.49219755313385,60.061397502800745,175.83052683813446
834.6145814857706,441.78588438581147,60.18016678182791,175.99497552518855
834.9201093174157,441.761467632264,59.653886171502364,176.40737268909047
834.125561573229,440.3007560643006,60.32066457222541,175.01724425412493
834.8783638147406,439.5400397999136,59.680898259253894,174.5481777632762
835.2843922292504,439.49055925115215,59.746571263360224,173.4884020358097
834.6779482924428,439.2108894153427,60.111345123303614,172.3962181173407
834.5737306158139,440.47423935099255,60.3083415107639,172.88087889133527
835.622124590541,439.69815352810406,60.04337524137864,173.35046579838087
835.2773344785753,440.2577125337955,60.23305876015958,173.22753350696487
836.2819541670448,439.89949391663237,60.51746452672947,173.57039338495258
835.6780446229059,440.6895446376512,61.00448857964517,174.30512606080435
836.4653619114356,440.2590926634269,61.043516841521495,175.24866104589216
837.4108609535454,442.0341808450337,61.17031575055752,175.83266999685696
837.1527549639364,442.02001173539117,62.0660764582414,176.78259061694087
837.1482583036492,441.28641841847514,62.76682847108061,177.5430133276047
837.4382564132843,441.8458284492141,63.27023703124462,177.14091855594847
838.6697532882085,442.6295013146952,63.53960316756548,177.15676135876924
839.266444894518,440.69714927970625,63.810069618680934,178.5316552003993
840.4387926898455,441.8285390644197,64.03646281891955,178.18832507955796
841.8903019444643,441.2266454098247,64.1825916771593,177.9092780496061
842.9622954493444,440.12040210838256,64.70976894161478,176.84680437302558
843.406969591733,440.83353898617986,64.28597331468032,174.79861921091396
844.2373786129069,442.0610186930883,64.41161519512308,172.99415824689964
845.2160375160764,441.58946887126694,64.52109488367218,171.85387242301297
846.7310180303605,442.3260189291783,64.36463086438158,171.11076833275257
847.8053453227204,443.2792207140278,64.11576144068007,170.7290593250118
848.5000612673168,441.78230498547515,64.43094419076934,171.17121283984113
849.1276538028595,443.4715273548717,63.911502523118735,171.1626335185286
849.6796668871457,442.45021456065103,63.56243140787585,171.44405152640348
851.1957477526747,444.45024950154436,63.13494616187954,172.03492784212654
850.7555084505645,444.8219638045981,62.73352328733249,173.59844742098608
851.8594612002506,443.7677836725058,62.43758184683628,174.55523688820415
851.254554057706,443.70190580442704,62.36717776911756,174.3906792193247
852.2640189211471,445.7597035133145,61.494532622465826,173.32383682469742
851.6390001421532,444.74862554728537,61.30945090917528,173.606421781452
851.8874767972992,444.42416334028894,60.73762657290387,174.6900655791614
852.1865809339236,443.29521552725225,60.77335857913894,175.34837746023214
851.0483334647948,444.05913103833916,61.23888130365118,175.69515876944865
850.7816136729291,443.7912420171259,61.41791998439604,174.12858729214554
850.7528772052689,443.5347226081912,61.64560192519157,172.29741572373874
850.0922345221329,443.07863475439206,61.92105108121277,171.3460263440186
849.5601395634435,442.90387019815296,61.880740704859825,170.84160400233424
848.5780508228978,442.9909592178356,62.11215656447598,170.56142501799684
848.6300771743571,443.63044459642066,62.13291404311549,171.41745139026705
848.1023846174901,443.9181988123546,62.14835903805985,171.83189474777822
847.548120350082,444.45741793884645,62.34349049913054,172.26193501709525
847.8120209983063,444.96123268917427,62.42286246670835,173.1275557624876
846.5510903891462,445.7000791058121,62.942505200149974,173.54423586927544
846.7390751786223,446.4519734480731,63.18124219706837,175.01856918067935
847.8496434020293,446.7762333687265,63.47270688741563,176.3279995737857
847.7292533189429,446.99463833673656,63.7618544384096,177.40396291314102
847.8799135033078,447.19031493404844,63.893094841383586,176.8735933435715
848.6519509655989,447.1297231728498,64.21118119552602,177.09596911681655
848.7683754911707,446.24980891216995,64.6097615782051,177.15238057541694
848.1070653741768,446.5702618156313,65.04393500433144,177.54480461296902
849.312666630071,445.5187056657721,64.59468494043432,179.00940495694942
849.2611438190537,444.6815237498199,64.5714405838455,179.86357317356217
849.6686808029698,444.0878250375597,64.1915327961471,177.96259097657685
850.4319640187591,444.877971572607,64.20836104936015,175.8847216995597
850.4834796422363,444.9890109848942,64.4723574129462,174.89840427902277
851.2072768113184,446.70513710228835,64.81065198507554,173.5586055240013
851.8668457363178,446.52106223813837,64.88343863554189,172.94964188617428
852.1639997602153,446.38168245337266,64.65704970495919,173.51107350332074
852.1883526509065,447.1480610364601,64.6768378411614,173.42889753011613
851.479548758799,447.35069945240866,64.53487066371417,175.1288002464825
852.614238544529,447.0108041303573,63.73391398196349,176.7482752220023
852.3296038548312,448.7894399968192,63.77637098676722,176.60302798706437
852.2721333304071,448.5233334453151,63.81983343779583,177.11080444113756
851.5951078771781,449.5830876726401,63.59587330833451,177.3853093913338
851.0451102519872,449.9200682756523,63.70537067158176,178.4062261674489
851.8180823471304,449.35605988253315,63.259770781565514,178.45858117523727
851.1186644331732,449.56502877449003,63.07023974336806,179.24252944917714
850.0248862679813,449.26366062733234,62.75937750418718,179.99924957489816
849.8748136320396,449.40427605235675,62.253113417092145,181.05855996840245
848.438308701552,449.299239891467,62.47543868295933,180.38280677538864
848.6571610920602,449.8185546076668,61.82174349268803,179.34428636590155
849.1545767070488,449.72079349102,61.96345613268284,177.27599462672197
848.09846908629,450.14275556097346,62.27573913276059,175.64166706112155
848.0827417633964,450.33605680147565,62.294384357612216,175.49486117390242
848.3469680028254,450.69623046270544,62.24451998300211,175.29653895978032
849.0313787260604,452.4232980902103,62.140001147883105,174.8210907527289
847.7818551405678,453.31397174679046,62.68417940617145,174.78678394974628
848.3153145725029,453.0977896397192,63.12767049351136,176.00810331592342
848.6008610146628,452.82515856754503,63.20940058053556,176.20326714837077
848.9260630426346,453.8044185509111,63.459755267878066,177.23769595216157
849.0715433590387,455.0060732120021,63.90673828436179,177.35417012683635
848.8014466090931,455.97601558429824,64.20142417142864,178.57696934601978
848.9661374774669,455.8775998693908,64.7679042391665,179.58789692861706
849.7999694855775,456.04392429682343,64.74234556390286,180.37697697084647
848.9562257806442,455.7723830003806,65.40565446882553,179.77131581506728
849.3238885182857,456.02427307465297,65.30185468886654,178.723415950832
849.9318652665128,457.3642829547939,65.54928546308042,179.41398640051096
850.6170894874579,456.69925963207544,65.79776497681775,179.9200789405708
850.5555425201344,456.8480360584923,65.31967305321501,179.2554751717805
850.3284858506461,456.0341533113136,64.75646897790784,177.94881364320395
851.5721730530298,455.9919793138283,64.20743261444596,176.4732623080354
851.158482820307,457.09216173611054,64.00491121774715,175.49139140191699
850.8410563465704,456.3088644545161,64.30051655107499,175.9913464225262
851.1204221408874,456.02610562562677,64.35161283853208,176.96044981228812
852.0489093937914,455.8370773036184,63.26574648320612,177.45984294622065
852.7266025611326,455.5697936199331,62.295891156767254,178.30279207967214
852.5253708501498,455.63922200098443,61.774026191949446,178.39744721251077
852.8865041853926,456.9120609489735,60.928133624592675,179.45767890248538
852.9869321934741,457.8383306533732,60.793429413651644,179.15490508053904
853.130764919155,459.37758515581686,60.32426597120471,180.04482349531412
852.737515422297,459.13628261481443,60.211108430726014,180.87067396439636
851.8156178239208,458.117717153875,59.97587239845909,182.15288195984925
852.4168398577523,458.0007858684843,59.170369873421535,182.78748777670927
850.7662497361334,458.3126427194155,59.77725184929478,182.97410351210266
850.1447146405225,456.22289267622216,59.615840271908596,184.03179626168213
849.9954357559236,456.76410448037257,59.936918020732165,183.6196686071318
849.35516470946,456.58678240894346,60.84357492913307,182.12990602601397
849.0098591066924,457.5029815797524,61.87974093350987,179.55743066565833
847.4730472435186,458.26308775605963,62.62269239575821,177.84258158070398
845.9939876651059,458.7181219988549,63.628314427911675,176.69292937931698
845.804734096433,459.3469349251909,63.74050753556385,176.53730972362058
844.6068445517868,458.9427302505024,64.48885227102788,176.49125269430886
844.437065471268,459.2764915609728,64.59911467167211,177.14650746384814
844.485403532003,460.18438306511905,64.92607576152506,178.21547935171947
843.6229580478806,460.6261144569769,65.14196380580437,178.8026714132415
843.1942380566633,460.11771560625834,66.09026468405162,180.05896939887367
843.1647322781298,460.64215431599575,66.08978806381894,181.71456118334777
842.8419540794298,461.6415671029707,66.11482869745942,182.75192325817102
843.894366059611,461.5566623483488,66.16630075188267,182.93567962564958
844.0388604605663,462.29196057822384,66.1815863599816,183.7856359918272
844.1739616935768,462.3039158666584,65.67791275369527,183.48675282713424
844.7599087407874,462.02876393516624,65.46925123612087,183.4579410609224
845.7903655504996,462.4783511787623,65.10374274231461,183.91468045121744
845.8415572969154,462.5232274731306,65.4614885701044,183.70732385267377
845.7985690330986,462.14306664491806,64.79852629883374,181.9147621224869
844.7149971171701,461.8681750784698,65.09023537441149,180.82127452441108
843.605973731936,461.83125054884243,65.03748894534044,179.60412369429204
841.9526211382525,461.7094226829359,64.87099571885874,179.17887822104228
840.7636253594371,462.3660339232497,65.09028466456618,179.10093685022457
839.3507053024132,462.38668352021034,65.23719020448692,179.3728120828589
838.1712096817885,462.0612186752025,64.67393260540449,179.50008766959547
836.1595360378244,462.0620174983506,63.811695538931836,180.3690603849135
835.2055610017012,462.4299011269468,63.3867911018247,181.50868461102806
834.5923480565652,462.7995157186564,62.857675786690386,183.53785633512535
832.6365707665461,462.61131293297797,61.86502313711433,184.77541199240824
832.4556663456196,463.98787611300156,61.427691108396246,185.63935773776865
829.901855274525,463.78379420877354,61.275193812413946,186.07383168835437
827.4907734094463,463.64712657142934,61.01158455139114,186.16923201841314
826.5367182741231,464.0045961073588,60.69515148898371,186.63336008141147
823.7950338265506,463.84436554464423,60.79748600989172,186.96099328007813
820.823902507891,464.049600778368,61.124587228296036,187.877992996003
818.5658118133931,463.58674758152176,60.66150960316239,188.07030637621824
815.6856829852379,461.85130997012413,60.94391586863409,187.27237609516828
810.9381176781052,462.6340052669194,60.88129864201815,185.0993987005256
805.9270063407066,462.94558056249554,61.895763176251364,182.36340125802454
801.9805551946179,463.1145850042117,61.894593889449496,180.9346656413845
798.4198490583804,463.3761760412998,62.13202398037549,180.79176853224658
794.9584788022231,464.93264603178295,63.67227624195736,180.23434026430817
791.7349824272668,464.8240284845141,64.41752968065184,179.8969215354702
785.4650519665881,465.2491316558942,64.77502041615713,179.44233860841857
781.3671550152285,466.5735551580196,65.01376876376159,179.7229962371176
777.3492947450928,467.4015566243954,65.60537747999726,179.65607506858709
771.697575070334,468.0423831386155,65.99202205259854,180.91687509076047
766.5428162541582,468.5697112928615,66.99477889698629,181.64272002872073
759.0854439127249,469.24016465286746,67.35454711653476,181.82433325480713
754.0885215343332,468.99482869996973,67.35563121505433,182.9114033353653
748.9704501366207,469.86744396006236,67.6587410209773,182.54904480061558
744.7423618439786,469.16751139127655,67.75022682562161,181.88350838407945
740.8723328094469,468.1843410672958,67.82844970105113,182.79709749090324
736.1075538176433,467.6574492113633,67.74533106417498,183.72252008194823
733.5800791339079,466.04173977172013,66.82913146390268,183.13940453549915
731.3589324428569,465.53490026853746,66.5128665726893,180.77866695212754
727.7580860526512,465.0670318271825,65.97833327125272,179.03111931373448
724.9498534786381,464.90205562222087,65.47347054223411,177.3035413205206
721.5872210579072,464.6906297901447,64.27426877374111,177.18522441415436
718.3720175767018,464.39473520489025,63.522179665290096,177.7811696731198
715.6532068974709,465.7496826359552,62.98455650165714,177.98864989872794
712.4129696878151,464.64865669350917,62.455066931710846,178.4084073910343
709.1758937152749,463.65726767344995,62.05088292403249,179.95722251978526
706.3420070923141,463.16652574956504,60.92333422857844,181.43987116152334
702.5839576584345,463.40027419484477,60.366564749169626,182.87825841765422
699.3280703880257,463.94196706296685,60.05522680219432,183.2652901809523
696.8495525924006,463.94419922638076,59.66917328974577,184.38913081246795
693.9577190299073,463.7563239587979,59.3895140559374,185.14016682407993
690.0644847667294,463.702982901618,59.202169525347315,185.2768392315253
686.887019884935,463.73874198594933,58.867892211909734,185.27561273848985
683.3225623258974,464.4261960015401,58.472348921629234,186.48423537175216
678.9380853204381,463.4673359735467,58.689071143912585,186.3841295858353
675.7465121143279,461.55586149572804,58.7138443910023,186.96229704733204
670.6997656803227,460.7155931039485,59.35012862558973,185.42907583910042
668.2806498662483,461.69151994599764,60.0972271360629,182.55965776291228
665.5510522460859,462.32993913712437,60.982749128096565,180.50498931636213
662.7241811392332,462.5123666625038,61.35170607111101,178.9441010262386
659.9064767747011,463.6759449953705,61.744892491062785,178.84608893371689
655.2759099295872,464.312341750592,62.58004370600979,177.79298903930646
651.6099373461851,464.4837918764267,62.58026089124648,177.071503866277
647.7595526012009,464.28737314030457,62.789960587513875,176.85536479557163
643.439596052549,463.8196275585366,62.88028548138753,177.1966302544377
639.0485574173347,464.13014756044583,62.437341389511495,178.33468794596973
633.860270395873,465.0622265200129,61.91298502777164,180.2440793451492
629.4796466536478,466.09545940748825,62.22640040467816,180.73056442926836
626.4812678377461,466.56257530238975,62.66281095625068,181.55868832469952
624.7805455538676,465.4470674240657,62.67576174768642,182.4304940670042
622.8436383584632,464.5386695382793,62.36761841678505,182.887898745323
619.962558665403,464.97407567755386,62.07822312303492,183.14419504068752
617.9524709917481,464.39236889551216,62.292123341026326,183.8630732897341
615.5915996965169,465.0426746561876,62.7816572026985,183.99748269199762
613.73231208191,462.64472799760244,63.144400331997836,183.48759512156423
610.3818126833311,462.8821974225487,63.26181052899679,183.35652288815925
607.1482396788148,462.46633449930226,63.08009417612159,181.76517520445498
604.2990681094478,462.39212237578204,63.256344972478786,180.41934653134462
602.1346401876576,461.8001760456349,63.12474110689165,179.22894681798175
599.4953982235788,461.4290416784636,62.727401346542145,178.5056610765401
597.1699021392311,462.561866102404,62.321767672189566,178.06150954978813
593.5711175957621,463.072858477297,62.14292675165067,178.28278697174738
591.9254832833179,462.45688456150486,62.035973645353096,179.4648257331975
589.5588098149278,462.67652743469114,61.79292497513863,181.58942782137382
586.4651314357305,463.0034351004957,61.20954933073175,182.42020993429895
583.8094108250326,463.0154727373472,60.9631115810277,182.83450947796746
580.6968156724693,463.5220987319491,60.83113368852269,184.58123554471769
578.340771421261,462.901958093855,61.01952672203659,185.94559379827797
577.4105004914076,462.7059842362577,60.73301510159509,186.55770459058863
576.6056596223225,461.76927233235347,60.851799422696885,187.10878326080098
575.8117157612992,462.0047600492358,60.78005672691954,185.881160359423
574.2394556446908,461.94831340182793,60.86991449408711,186.30611120896054
572.8917973431596,462.190934111438,60.83222485821223,186.4353498679608
571.3115314704498,461.77846472245443,60.983308313760425,186.11032598227746
572.0309585215276,461.5246247167536,60.770785564792526,184.49597668917482
570.9843829136717,461.4427851691306,61.168988464883924,182.46842381840196
569.2991228725722,461.3955096496866,61.50148269106496,181.52373974223877
568.1324067739773,462.18236611599315,61.54509111773165,181.2076937550831
567.8368223300658,462.0640093601934,62.312437581738806,181.44364937162183
566.9560270373582,462.3012786501291,62.701099905397086,181.45183304435778
565.7758788264025,462.2678686163897,63.15531465082552,182.39308168210715
565.0427063430714,462.3382243350745,63.3807395506543,182.65892571854204
564.7360890602187,462.5923236638251,62.760414746318716,182.93815287709995
564.1082228895071,463.5278052765621,62.607507418323436,183.70465632070852
565.0725642664823,464.406019171989,62.11411166312185,184.51055996791933
563.8368645938305,465.0013224669906,62.286197224779876,184.87177413292102
564.6909343631238,465.12948243945993,61.9489720262124,186.343337288492
563.9103950386772,465.7023149339644,62.20520081205342,187.6472319880512
563.3479259826664,464.94614664635196,62.470336141539306,187.62756039219454
564.1293310037535,464.1257225093604,62.339551651161266,188.9768844347437
563.5543483248555,463.8039830285856,63.07645071118755,189.7914861707751
563.0401997724447,463.36806578129006,63.58084539977999,189.56608152867034
563.5813560867797,462.334730568815,63.92450868987986,189.87891556026412
563.1771034024055,460.263761677524,64.6417601223375,189.1663654468806
563.2585030270719,460.6842196217938,64.85670620333835,187.775024863326
563.4686971542274,461.09364516212304,64.85174342843956,185.85501969369358
562.6067452221226,461.228906370814,64.96743434480345,184.72422802782597
562.9108197172923,461.2361021450001,64.8450477717806,183.25015091541275
562.7119262930531,463.35700894222293,64.07365220048202,183.24974042384179
563.0660088971193,463.55370502389684,63.34468569775462,183.91998670920916
562.9445052439808,463.05970661828655,62.89206883134409,184.3947713760549
562.2126160873532,464.3330658137616,62.93049552487868,185.92008400622296
561.871734468511,463.4488751946812,62.58020219251004,186.80975485524652
561.6289117935361,463.76830462767816,62.137619283373475,188.54057400972985
560.1829238543871,465.08308998874475,61.436446930165005,189.5925089676809
559.4242130068332,464.32193493577915,61.719903824438234,189.65581061833564
557.5332630610415,464.6227658342111,62.01383217175588,190.2120383068309
557.3135203053588,464.3778641124871,61.53947208442351,190.19902978195236
556.0884082294033,464.6479367485066,61.65292331763334,191.25407420050323
555.0847347653548,464.15179618200455,61.43023827856712,191.63279483574655
553.4973407083415,463.74027573163,61.301555304184284,191.42230132888005
551.2443593063311,462.60183426891354,60.9627905920308,191.11012919297258
550.7033929850749,462.12592772265793,60.453577361473734,189.7438897551952
549.4425522911747,462.6852393725539,60.997754257467946,187.62748607276998
549.1013168610012,463.63292729915105,60.59300647557999,185.27448867497617
547.4398105191317,463.91354543755426,61.16371961212375,183.97309097925495
546.7487523346738,464.01699920876706,61.21935666528185,185.21397227140125
546.0500013373487,463.45433527450746,61.619674562165024,184.95974002696724
544.7573382355326,464.72083450184937,61.92598427104628,184.42914316263062
543.2878188278869,466.05407013191,62.00085611131646,184.93620271954123
542.8895135865811,465.2653569761932,62.16211791629286,186.35950530746805
542.1845893987116,466.950580838992,62.7153530136427,187.69163564964995
541.4607582039733,465.78200457757276,63.24129418310284,189.45262517858043
541.4124339461364,465.7541269816975,63.47989388722186,191.4897048046114
540.7468307867755,466.43348665399253,63.64878209547763,192.48103686306695
541.0237181142843,467.25864305974596,63.48018964232223,193.42536073025582
540.2134971679824,467.09373114422624,64.43115401255295,193.3087793293426
540.8461993844343,466.67462163056393,64.44156756995213,193.85062364825313
539.850846649354,467.09946902037814,65.32844210654183,194.81907283243848
539.7654263583037,467.33717404484264,66.13909897282217,194.39791761339296
539.4761253475494,466.35761462113487,66.64512202026253,193.23058711426614
539.7353980162862,466.0219854657274,66.89192762063233,190.44048806996335
538.2128356054951,466.4619163070487,66.87972016491659,187.5650156733621
539.2959419089136,466.1189238977081,66.77880849954683,185.73365625566936
538.3683780264212,466.6148228168603,66.67009160758738,184.69573709574635
538.0120016213823,466.7497719322023,66.69192311105517,184.1486385238377
537.9253817339626,467.2295769408155,66.488686538448,184.64900923285333
537.8301694621538,466.38317734113923,66.04967464875043,185.2735451398932
538.5478325031031,466.210004094208,65.49977854522248,186.42501371122086
538.1898772544189,468.2087883311019,64.66779885628104,187.99084932068487
538.2951972633674,467.4587624389309,63.68680349456532,189.55005181945415
538.1030319076676,469.29789860932874,63.485965307859225,190.7814660440576
538.1000730591478,469.36589974551316,63.283765043015364,191.9261099766372
537.4901286063938,469.1433303892856,62.81775540611929,193.51076849976891
536.9724059615487,469.35544031137056,62.90076526194482,195.0211984806951
536.0600509545512,469.25438244623456,63.16207155031563,195.032583147482
534.5657698656253,468.31829490507977,63.129726326129116,195.5654310136432
534.1141473076659,467.80700466546625,63.37429612905187,197.32641487278732
533.6656463214365,467.66317894404006,63.887213310565514,197.90379468892883
532.4955816262983,467.9601598239665,64.27837309825716,198.4544905409229
531.8346493064134,467.56703350952694,65.03978354824945,198.08651400567845
531.300843933967,466.56474495016164,64.86873646099667,199.48683145462837
529.8232634498434,467.0717572864394,65.08835489346211,199.24183151180165
530.3595106223077,466.404866459101,65.28990673116598,199.019743944791
529.5631908129358,467.9166875204393,65.26370255604076,200.26910826132334
528.8816610745253,466.25852262777306,65.27305007016193,200.7331760265448
528.51549737436,466.2293976637103,65.02097809219244,199.88242651161613
528.7852861753286,466.756013953535,64.79312223240856,199.22071899190513
528.7837126176559,467.2538657441321,64.37748493799268,200.60580159120713
529.5520402384407,466.97498640443104,64.54216619945186,201.71483397418442
529.3308482944628,467.3081788752655,63.927895276502106,202.59313248893636
529.7591564509012,467.8309545775089,63.87235847526782,204.00254381485726
529.7766931837568,468.1081627615422,63.5200422083671,203.23651499869453
530.0553649589755,468.25522738237316,63.82127549213175,201.7388816714917
530.5962521156597,469.0103955401586,63.7989260559301,201.3399435759831
531.09141102411,469.1745970390862,64.43769413742876,200.5479056997309
531.3354655558082,469.04333350467226,64.2998401163469,200.69530215779477
531.7411034579682,466.79451444033646,64.53129512028505,201.80166345007115
532.6322183607326,465.9736339548973,64.0624388804299,201.3999113613333
532.5346755007221,465.21836359516004,63.592665067141105,200.00969715221902
533.7914441670722,465.54295082465717,63.52243990256222,197.98023754937248
533.4937128836646,465.6041560258993,63.98819102023123,196.22429533803515
532.8462393508071,467.2659261815634,65.00360955749409,195.4467910317271
531.9027498770547,468.15207810800666,65.53155933114792,194.98066407970424
531.2334233217309,467.75487821165694,66.6601291210587,194.21667599684665
531.5093305730772,469.2943164147974,66.75920437266134,194.9636100229999
531.7580509421715,469.268783340372,66.81474989870168,195.31738545329523
531.3646511906549,470.74967786675234,66.14000584170677,196.5037473214024
531.5227562875415,471.61701482007476,66.95344326050531,196.79524629111563
531.2941983794693,471.7010630610929,66.76146926341723,198.07583962746156
530.9347001585713,472.02564590855934,67.05100571614219,198.53962831065678
531.9650297999984,473.4726267630273,66.88803887522832,199.02072072273836
531.9058663794448,472.5757376871184,67.2497143595194,199.32532689274456
531.4898926296569,471.9048850741294,66.91366998249303,200.42973611859946
532.3798372601674,471.5929899096543,66.73938346271356,200.78858132793042
532.785079035339,470.7392397944978,66.5892496390473,202.32337927557626
531.9113107115825,468.9346222788218,66.0174071952975,202.47633049917374
533.0490903959486,468.0974321589529,65.43306620272479,201.44906989456635
533.3004165668406,467.70079930559916,65.44280089821802,199.13526467842235
532.7346750845687,467.0326644329202,65.9193181640429,197.39580862994165
533.6749796786839,467.39810926596635,65.02626710226197,196.969004158914
534.8528559656622,467.4019238751679,64.21958810523259,197.3304406126702
536.0614718619039,466.36334826146845,63.04994649696085,197.7393821680948
535.9237336802145,466.3962720457938,62.884652711108814,197.52218493570973
537.1022326167116,467.44050314756475,62.159986686259124,198.7182617164665
536.7619752165537,467.6966002712214,62.22265970638931,199.04453542474243
537.9558603492893,467.55866434643497,62.11711123504652,200.23628741795784
538.3219433041211,468.2453477184735,62.168745927342115,201.1920255742408
538.8739696626048,469.28844836526,62.71123337532204,202.4144461640601
539.6500223408658,469.63834872803955,63.109721371117956,202.9657364419191
540.4619938770953,469.6724134742033,63.21477612523522,203.9707988307713
541.4218431802459,470.604635856502,64.29908891152745,202.99887634162178
542.8664933856512,468.9336189752751,64.62058318798796,204.17320933655841
543.8131693097472,467.9615327365694,64.47868295131478,205.23626166864904
544.5324243990486,467.9558415458347,64.38664169818804,205.1538348180027
545.2203318328667,467.20874392567913,65.0308413550118,204.46131445543904
545.5589935418006,467.2204302188696,65.70210044332369,201.54065426186514
546.2277510256746,467.81056245830246,65.46712060416912,200.0650082071766
546.3709581915232,468.1284775960237,65.60153187309612,198.73275922913166
546.4676178202516,468.5090325486168,65.740350885779,198.0864061837844
547.2238267838734,468.0260881914527,65.78041437142303,198.97441380776965
548.0795920777031,469.339449435618,65.90780378097882,198.13685252473078
548.4314659863987,470.0647225033358,66.1996968971012,199.40471282812274
548.8590702956702,469.7984178894223,66.77351059072245,200.3928471263786
549.4964359033115,469.8256040623558,66.97428889978539,201.55962494034736
550.443507948648,470.64411073001946,67.00061814628596,201.47985161432794
550.9121934384411,470.98371311618314,67.24504300219459,202.941307843206
550.911272928218,471.8589606464974,67.0200492486236,204.4849383395233
551.9760746628676,470.50004001809975,67.25728185033853,204.83629113959245
551.9895682812354,470.4934338156089,66.96542218184796,204.09987559676682
553.1608247937361,469.9366406278464,66.84924730496368,203.23587272268105
552.6655636642938,469.4927947249901,66.08705504911579,204.87354867355805
553.5712688994527,469.21367287375176,66.14296940789973,206.29382365702918
552.9245622211687,467.6523143742032,65.76318334926083,206.58554652694548
554.5183993658939,466.9233399798503,65.48315833845128,205.04420222673826
554.6786056951896,465.96851219955965,65.34720861459198,203.6735085327113
554.5165423223997,467.2427094175055,66.12268697297822,202.06653429430654
554.8255260980567,467.5534442317095,66.58721940259088,201.16884544692923
554.9937906589389,467.5718621508258,67.39338177386067,201.0366652515041
556.483548841381,467.1639953176637,68.02597030170719,201.02193908468317
557.2813486518187,467.6446271171053,67.92069601251974,201.21109245605294
557.0042279745793,468.3161674144025,68.14916013435169,201.60071566642827
557.8144029293542,468.9184173594679,68.3684804060762,202.76214180359545
558.5809035782534,468.8557561383652,68.22838815826563,204.85375817680824
559.0930436960253,470.0208655037195,68.18780247609688,206.24067296813342
559.6425848994388,469.3798120420168,68.70573316607948,207.94896660213487
560.7521154086015,468.63170349421256,69.07655690574964,209.21856543759816
561.5883201999277,469.7692460030544,69.36281519743358,210.35225193480704
562.4388034123796,469.5062233606236,69.4982321152726,210.94888655344124
563.371064007904,469.3003151571536,70.28002840621852,211.7258039699887
563.88826029978,468.54766415246297,70.55064697568774,213.27887044458276
564.9706422539973,467.33102082485493,70.95116255104807,213.55376824672572
566.7645620343195,465.63748004443664,70.91721178816368,212.57011082440795
568.2113605733061,465.43536836331305,70.80370408854738,209.8219584885656
569.6900335647624,465.36814446849553,70.62939171502515,207.7639583774285
570.5742510804853,465.84620332542625,70.28657068294604,205.91177483238272
572.5780067599907,466.95697552634834,70.22989240613455,205.22465688126783
574.3685587682133,466.32809290731404,69.85654371691379,204.79892206783808
575.3006426995331,466.8114105281743,69.50169825913576,204.23782762025172
576.9497032792545,467.6388433214552,68.8711054905772,204.18697547668296
578.4163844005137,468.1807361410259,68.1288285866515,205.76537240704545
579.5872810177005,467.23313190508986,67.59410596518522,207.3435617441575
580.4626931194445,468.7856430543065,66.84330047755589,209.25485204490644
581.6795982134623,469.13933130935175,66.55565971357721,210.02569766654506
582.2759899083601,469.0720819370259,66.71249165924614,210.94927905756663
582.3892256681527,469.63057719746473,66.56955684652564,212.843936476371
581.9038900157793,469.1296334486086,66.53882219691148,213.40904590554078
582.6254620761858,469.1490280369213,66.48025535042102,213.70809505083957
582.4014973382201,467.46421724885636,66.7558444034837,215.3953361891185
582.1082734111927,467.6309492022044,67.30472124828995,215.55277706066454
582.8237373908089,466.8366421736684,67.42044334112825,215.36503728167705
582.9960956433797,466.5219977971503,67.72374483849666,214.2831200753932
582.9569813923111,465.7371347691284,68.00705615949965,212.26928804885645
583.5660840723236,467.6092022114411,68.3945055159663,209.06835163053196
583.45774813052,469.54366200059025,68.51791900378252,207.18944362507148
583.7366734525583,470.3948294488216,68.95746572289192,207.3170967313858
585.0765180960412,471.2696933628179,69.47424025924448,207.76418367886012
585.2822405513748,472.1236487402536,70.05632895987489,207.59067863230177
586.0767129179318,473.65145188899123,70.22991312309267,207.61779070717142
587.5734076817741,474.77188947334963,70.6274389892373,208.21825965657297
588.4489073981003,474.8228152747381,70.68462286900112,209.9022986330197
590.3393730779843,476.475599362302,71.08580944822837,211.65200542127076
591.1403355294385,476.949455564565,71.57450697039937,211.71219814236264
592.3202300732557,478.48582747346853,71.30321313728155,212.074660022569
593.5037306377991,479.1486184629138,71.58867091436865,212.46250141499345
595.2060831002176,480.25424043123786,71.80660779136562,213.70551210557315
597.3195243667373,480.71345221547176,71.66098880050163,215.97557821262723
598.0313362111438,479.8967902041867,72.63426457343485,217.4402478380673
599.3947659942266,480.13566891089795,72.81818543710926,219.55656062079657
601.6908172174146,479.51556337132956,72.50642890748114,219.80620771124768
603.1674191728134,478.64129475989176,72.27981729900598,219.04006311802223
605.4193993369605,479.70131921209935,71.63477134601699,216.22182161717146
606.9066044786543,481.3845076498267,71.84406996880298,214.47816581772855
607.3965837452051,483.3090699229442,71.69045270710203,213.2545901110625
608.5062079790589,484.97192493445806,71.55832429554664,214.02665125578994
610.4432299676522,484.92188605644577,70.97222892675865,214.39113205699198
611.1569900885643,487.0400451234506,71.30651135827435,214.92309633646494
612.2257001963927,487.7328672945031,71.11202899356951,215.18683899635127
612.8200549114001,490.4168237434992,70.80673287837402,216.1712758565073
614.0805567890335,490.99212703973967,70.79246730898991,216.16414145869797
615.2525056021099,493.420701855159,70.45257034659457,217.62231088913865
615.9513134583146,496.08041090597027,70.23407231378096,218.94637928730242
615.1148852213882,495.8676901388668,70.55560208360833,220.33892567370896
615.7932032071634,496.68117109203206,70.54529484740968,219.52855389770747
616.1357236944527,498.77943730375017,70.02374066646831,218.24067997875738
616.664804924271,499.8547278576866,69.80965704565699,217.1385676990858
615.9879903219812,501.6861339488709,69.98994676411436,217.05488998098113
616.5064197348835,501.64808786492887,70.19075347232928,218.0944310309682
616.2970788813647,501.34106582488926,70.62311458969799,218.85413151792685
617.21803250149,503.71739465962605,70.31041672482871,217.89870766841477
616.947655923678,504.3770732963303,71.11938419562874,217.3450399468365
616.8598838138902,503.763890992258,71.30328905162483,216.06315622581863
617.4278381623379,506.29607677420205,71.63514616283483,215.54307758871877
617.0326602723828,507.1229622157049,72.367230702302,214.86177430701235
617.806522479818,508.315780379987,72.55497848973278,213.98454962433746
617.1789891763652,509.27353268576235,73.61582199073086,212.00700603236237
618.8881739806283,510.98378461968593,73.48895700371052,212.20595940938824
618.8091615995169,513.2326942426396,73.81889284164458,209.64834108835421
619.5712115661238,515.8951632696013,73.41845502257422,207.6942228414834
620.0179205621843,517.4015720722391,74.11844942974514,205.9110346336002
620.5709498120212,518.334787527758,74.6928084677605,203.63182787822677
622.2269382824761,521.5518850223975,75.11338167104611,201.12160430351383
623.5988462998312,522.220803737159,75.44332280796705,200.27462960115605
624.3524678605474,524.0537104646169,76.2075488027453,198.300435900078
625.8089385301496,525.3338781587611,76.30965715950981,198.2068549482824
626.6309650170641,526.1673809455058,76.48165638409077,196.965431873105
629.7049484902984,526.2983334692292,76.14214585852054,196.26679128502974
630.9953737734263,525.704974716977,76.34844496000457,195.69755810021843
632.5041016952605,525.5877026581372,76.29086255421768,196.70021702311936
633.2636493974106,527.8085272310185,76.26583791827368,195.43895847374665
634.9255135154369,527.8873656885729,76.40090713705516,195.07230749524135
636.7759930054849,529.4764093807432,76.31327399123356,193.98544001293922
639.5773981054003,530.7856313969545,75.80283668568978,193.19804411150588
640.0331431791652,532.2106544529993,76.27030190238719,192.0969590904578
640.6969273767993,533.4106472829159,75.97949407573799,190.02117176603392
642.8452610469496,534.1532289332032,75.14198563283719,189.66422067897537
645.4508693298882,535.4881989448575,73.8770640899244,189.5512846305814
645.5737896676181,537.1978296714991,74.22981831841054,188.2204345084749
646.8626554141257,538.1322275705468,73.30075487616129,187.65170184361938
647.1732862537073,539.9132170057349,72.90168473938525,186.62797651900433
649.049585655964,540.9003768493241,71.94278591465374,184.8247281674992
650.0237315805526,542.6390855053311,71.74811182899589,182.79556508312348
650.1340830594003,543.4841752460866,71.95279771412166,180.80421975264187
650.4812752665596,543.5013998726142,71.66029785561983,179.347273942351
650.9088778376534,543.4753338261278,72.01315214355435,178.9051790729958
651.5446299078917,544.4695932925168,72.56711630485087,178.41808457201864
652.008691587176,545.1128812333071,72.62990705265128,178.76264534624562
652.920541213718,547.0259615327727,72.42415990795041,178.4378351501465
653.0096894121214,547.282015035639,72.954245461999,178.0064327365822
654.6480064575311,549.0573273741849,73.12776949038121,176.7215310495264
654.9246229749833,550.4467756878802,73.6410250790959,176.40106590445086
655.7584716701929,550.7005248356269,74.21771173904605,176.428654121523
656.4253358045945,553.1395994196762,74.47413716439569,175.0211484737797
657.2042369769108,553.3933148433796,74.89062316414633,174.06036901954798
659.041632964751,555.1733582714365,74.5868460219163,172.68858658771995
660.4025292313855,556.2194191945472,74.55573947611978,170.78607133355777
661.2488293081678,559.3230430016544,74.75898688153038,168.35690132172996
661.1569363106528,561.0872655394699,75.51813752585613,164.87593273147058
663.9294768593734,563.9995680035588,76.0510803389374,163.6973653818754
664.8485262114783,565.9013980479638,75.85591559945686,161.28760318411014
666.6578001779511,567.4133133362714,76.0181146033095,160.0042399174468
669.0936521150995,568.5177342243271,76.31024434717668,158.95783367295152
671.8024297429005,569.0537653706542,76.02395187081063,157.59514565908114
673.6041060907089,569.8327600658589,75.71990127632904,157.49101690919747
675.4697116969364,570.6245267083764,75.82041947595269,156.9215209948442
677.6348598426265,570.9183618791378,75.86563340033194,156.82032817736365
680.404451090261,571.622141282746,76.15674408362136,156.1980458427155
681.6363702517494,572.8202705897284,75.8979073532806,154.60113868253222
683.862312247967,573.2468818658494,75.5696023861139,153.47178858326416
685.237561441887,574.4786919650246,75.6001728001539,152.20481471765459
687.6161657416321,575.3546439606131,75.42770293204777,151.0439265422126
689.8978007806929,577.5814184451726,74.60915569709653,149.43785453232198
691.5891754696722,578.2997048707905,73.5529687237705,147.90727167072453
693.9960318934199,579.8218683455377,72.97638985607256,146.1449943771445
695.7540184453638,582.0188394868312,73.03991408952584,144.45855136022828
697.1682397842317,584.2371919164248,72.67196616848885,142.36087056796623
698.3022926051277,584.898087967645,72.367425637857,140.01135753733365
699.9869910281637,586.1597805524818,72.12573579633205,138.48069464053282
699.9867171710797,587.6758529572468,72.06617880138154,136.8471257329881
700.5973323698165,588.3541742658631,71.89612662084198,136.23829669817587
700.4298117203807,589.3215002596907,72.06658571191477,135.72004180524732
701.1531307883006,589.828319876041,71.95687832787549,134.4352307046994
701.2653492578628,590.6482172671732,72.00435306944956,132.90823188631822
701.8064433962867,591.174379095937,72.06593000370714,132.0735642749429
702.1861302560939,592.1479130350045,72.63603955473795,131.90783377721692
702.1385220430725,591.6358610816064,73.17318070178311,130.75151180167362
702.3946269500176,592.8149433575581,73.87042423223811,129.89146326615815
703.5196780239392,592.8766070373161,74.24022231098789,129.97030052680313
703.9653981036004,593.9594037405518,74.94815251204008,129.417454908761
704.5282176492448,595.8699756941139,75.65506776111368,126.8409362123989
705.074216967323,597.539511994089,76.47977985932472,125.47983230522821
706.2238002710903,599.960606699921,76.73479697333235,123.67388752437797
706.9789926600126,601.8111817056568,77.48424267034115,121.74654170068087
706.1926357058826,607.4250361067775,80.78516821991292,117.03155252963465
706.4911901254716,610.5791842798994,81.92928331204749,114.0978277452042
707.4517762301978,611.0759458490043,82.92328081847654,112.6413326514566
709.6964403517867,612.5705692378473,83.59155774650225,110.7248296472309
711.2580215254718,614.4429079556231,83.93125359920536,108.90318378020646
712.1084649262094,615.4059987900317,84.20135674028083,108.16377648444373
714.5929833938999,616.7414932555105,84.24489924597044,107.56923003357362
716.0785554097615,616.573469989244,83.73317136529384,107.78855532344022
718.4554687374326,617.7836251915252,83.43952070100997,106.90806868940105
720.0380899728581,618.5092160638281,83.56099087664339,106.41292667152915
720.7889446220341,617.9404790353642,83.19839834236002,105.98091482567085
724.0568315610566,619.120709286594,83.0069151976524,105.79644299737525
724.5061583124439,620.2582104548015,83.1190696859058,104.70121327639274
725.3881209720957,620.6951432484318,83.16458700595297,103.85200133622709
727.004157233919,621.3847736548288,82.93614821987026,103.09490042171441
727.932761336753,622.4423582691945,82.97384081300027,102.0524699596531
729.6537790149716,624.1869408913032,82.67847555963581,100.97127395180979
730.5971597733326,625.728208948579,82.55045411039589,99.60202888626162
730.7951955036539,626.7810832617719,82.52137425908828,98.02960295179324
731.10106196526,628.5635497691248,82.301130931051,96.70830773730401
732.6588518988925,629.3079304498933,81.81089414812112,95.51374313046101
732.8703723649431,630.1736745247475,81.88311434873701,94.2675598132112
733.7847803326136,635.9868151461135,81.43798555195353,92.07677680808912
733.543945806965,632.8179225075281,81.12670641685318,90.97373614608145
734.3491704579585,637.3144203800136,80.81459755466258,89.59210047419982
734.61947809193,634.9954175272867,80.53491812971055,88.40823108428644
734.9295970842225,637.8164144104667,80.11272811089077,87.79977613628573
734.5901646592451,636.8357126683554,80.39893219400533,87.00069826293388
734.6724583102877,638.5305741226734,80.48661430896786,86.37665566740806
734.8659713948333,640.8155065043545,80.7969539006796,85.13331087017161
734.5874258202972,638.9541963689363,82.32356085022793,84.79857907496789
735.1638158007121,641.0942140181388,82.65439426124716,83.73718171983074
735.6344598567674,643.0992396660073,82.76887964576434,82.67092014462898
735.9115719706474,643.8287550937843,82.95902200421284,81.85142245119204
736.9030050979094,646.848668109043,83.57544492853701,80.71659233894852
736.9838883528009,644.3754299465802,83.89037124430975,80.09398020485918
737.9905766049959,648.2236780134415,83.87081373825666,79.28685928094492
739.585255406723,649.6548944220272,83.7803068618837,78.51034012191573
741.1997659616995,651.2319793925882,83.5621531091847,77.89259481763442
742.4752385700785,652.7853284284158,83.03069288922245,77.04326340323638
743.7194153177848,653.9469931429352,82.5304120275533,76.40585468952962
744.3977353782888,653.0848842174569,82.50554161136388,76.3335073654297
747.0648268263375,655.2207309165462,82.35376561757981,76.16998495342668
748.8520540466212,654.5353169236358,82.34165596651721,76.14211770876346
749.4797336413968,655.0397771311906,82.33547447128662,76.13108907736816
751.275195853654,654.9039835163665,82.33020406708178,76.121116035038
752.2505410451906,656.1873641385653,82.32555848667427,76.11203754324976
753.8987022207352,656.0046030188859,82.32353240023342,76.10815460239272
756.6096677083679,657.7879830631492,82.32508956507436,76.10359124543332
759.1819523955853,659.695934105414,82.32678092901224,76.09865803678865
759.302738792077,660.1806330182765,82.32840110678174,76.09482702500965
760.1925765370074,660.5861339392852,82.32892001866183,76.09329786308399
760.0139146214545,661.1222847388121,82.32973666764639,76.09100025038877
760.3290038733282,660.9934328114653,82.330516005772,76.08950704878902
761.5314673662651,662.3220777939317,82.33303087437523,76.08658977596424
764.7601133776595,663.555184702007,82.33388017849076,76.08558401340272
768.9062342113879,664.6482127864871,82.33535208067515,76.08395248319054
776.5848225781943,665.1615973161066,82.33983248970135,76.07969943614324
783.1767686590732,664.361495771779,82.3487456181659,76.07129332527467
789.7321128519496,664.4905527346648,82.36761961034277,76.05410638047545
795.0244476400668,663.503417640021,82.3848472737935,76.03961514474454
798.0902219907189,662.0789031448501,82.39875297922744,76.02805773028615
799.1971747716457,660.9321597704679,82.41215521385213,76.01659090391601
798.3015744748342,660.0027247440495,82.43148602884216,76.00043115443044
799.2169864828035,659.2209880565503,82.44773652157045,75.98694170079274
800.1057510958889,657.8280491544031,82.46183613298518,75.9752921918548
799.8917418340343,657.5348916872313,82.47171043062008,75.96688408037242
801.7053102978631,657.6537999307271,82.47655678314435,75.96265402393043
801.9597429178159,657.4865684889583,82.47963047279653,75.95982030235801
801.6031481999031,656.5435637450738,82.48339165783251,75.95647150803758
801.127162282133,656.1289517347836,82.48608865540206,75.95396087133025
802.6515247599581,655.8140563902978,82.49016650088409,75.95028412446533
803.7358694683076,655.8901155711761,82.49216619017261,75.94844829468519
803.2363012867872,656.2409614830126,82.49482643941693,75.94592735848255
803.4553989839956,657.1671580660756,82.49948258842677,75.94156487873505
804.8854631527299,657.9382971256466,82.50427748971241,75.93698455164629
805.5096093982369,658.4015462839698,82.50671050643479,75.93450443921218
806.3606659063113,659.2462667410318,82.50910794064905,75.9321576174571
806.5551330374835,660.2122252163323,82.51164077272585,75.92969415902084
807.2625694168208,660.5404553273245,82.51652001581365,75.92480407835174
805.1984444708543,660.7448399585414,82.51922154501503,75.92211229027359
804.0626074350893,661.182669504649,82.52713457299642,75.91390248165843
803.4221251762848,661.944690134745,82.54117077544272,75.89986192718528
803.5891528535669,662.6966176433007,82.55379275399483,75.8870324771288
803.2753529390382,663.6008002352023,82.57200584093741,75.8686515195523
803.9757386562877,664.0681386008383,82.59107033154056,75.85042218932698
805.1110928923274,663.8260834768943,82.61251426424622,75.8308185910085
806.0249566389297,663.30455515644,82.61928720305617,75.82441339033383
809.2299767116755,663.1090843626899,82.64242119086553,75.80378180621827
810.2932210696683,663.653873861649,82.65892163351012,75.78887586490255
809.4386981803643,663.8017748712709,82.66864304268745,75.77974751070548
809.469007343717,663.515312569332,82.67646306713665,75.77273996135841
809.0893013826172,662.5597402262047,82.69173418552212,75.75847103906202
807.2361562894927,661.9766379607406,82.6985917603059,75.751561270216
806.0282507695799,662.1573741884355,82.7132149034027,75.73684175643454
809.6916335522246,662.6038263686141,82.72133779636525,75.72933906224173
810.9032989075031,663.1393252425581,82.72486789513468,75.72594299510926
812.5649230842575,663.3020933193745,82.72773276565519,75.72314924402998
816.0868441024955,663.6612389470968,82.73082485698673,75.72015676044391
816.615663102592,664.1139803918105,82.7327094855783,75.71832433364365
817.4301944762772,665.1944943032211,82.7351614066725,75.71579622853515
818.9608961411361,665.625976445502,82.73770146303245,75.71330462311136
820.2141470416973,666.1158105870638,82.73990742367458,75.71108677038085
821.0081921349678,666.542079824371,82.74156740784134,75.70941270616717
821.2937931961919,667.0257270705379,82.74285412978764,75.70810541933858
820.6819720561936,667.3021309072376,82.74421924532517,75.70672469305592
819.0076006404273,667.5085655895838,82.74541096945117,75.70558901528754
819.2037593508481,667.176731195791,82.74664591152836,75.70440136900473
818.7866262201998,665.8687370504844,82.74794691804149,75.70324078342793
818.9972009021799,665.3864640726239,82.74994842130484,75.70142205742802
819.7781736646209,664.8429030523964,82.75139076721153,75.70016042326135
820.622211822025,664.8028494968356,82.75395132564866,75.6978814802844
821.3254048529828,664.6832025698172,82.756838053688,75.6951022752392
820.7049274253628,665.0664706598423,82.75851506926733,75.69354456360735
821.9301538103779,665.5097426880418,82.75996683453083,75.69220196137078
823.6757243505277,664.2632949847641,82.76221965224143,75.69021693007524
825.6353432634819,663.6526848606819,82.76450158265021,75.68814756928427
829.1868892870582,663.2321803474267,82.76650206097982,75.68644866379915
831.1254022558943,662.9708908382776,82.76881224200574,75.68433455065069
832.5297002896391,662.6568908296068,82.77080882588321,75.68258079954812
833.3011874174161,662.5704512387214,82.7734761118102,75.68018547510765
833.8959969717308,662.0870590396871,82.7744773063347,75.67925365613527
836.504630026197,661.896433895577,82.77627304890399,75.67757298012377
836.9455507563121,662.0386306153973,82.77762120726119,75.67627704605282
837.2457087084316,661.8461796095289,82.77920886079957,75.6748073260315
837.9494748566433,661.2177043604222,82.78054261223544,75.67360152465378
839.021416491973,660.4949739574103,82.78215356421688,75.67215981717369
840.1067905069965,660.6096964353894,82.78426973285463,75.67032208162652
839.7171431849437,660.458318652326,82.7859298158986,75.66889014131603
839.3463271862961,660.327971079833,82.78861191828854,75.66657627455665
841.1379598502766,660.3108105453557,82.79037452344832,75.66503040870519
841.3681409536333,660.1038543168438,82.79193457487347,75.6636495894191
840.7336659903087,659.637962104263,82.79491975504752,75.66111106135641
840.1329452271334,659.5734125488755,82.79847767544109,75.65808337886627
840.1721725151656,659.4612807800721,82.80084289987292,75.65609066513767
841.0547784885387,659.6203916456064,82.80430437307908,75.6531229368787
842.8066532639076,659.7070186097458,82.80672843302834,75.6511168187252
842.8879137780455,659.6256782169389,82.81036803295221,75.64812142779108
843.4009149582885,659.9828915266417,82.81349386632161,75.64553531875397
843.6691630537591,660.1517197140683,82.81739353128381,75.64223602674427
844.7769215015237,659.9878526511445,82.82030524751009,75.6398866929762
844.6476884025074,659.848164562348,82.82375029066222,75.63712350966468
845.9089812763082,659.4910987715851,82.82644764128146,75.63496157741547
845.7000615546565,659.5104822851771,82.82768095636895,75.63394955156778
846.4348956078704,660.2583000963691,82.82990520681359,75.63211635742935
846.1450297874769,660.2521374693564,82.83178155861823,75.63058923868928
848.4833404848034,660.8312719278081,82.83403036507615,75.62871384977056
849.763189991457,661.6247172346139,82.83703257704981,75.62628099124778
849.4533125393638,661.4332358192048,82.83851016991116,75.6250806212106
850.0199096675058,661.3164668056269,82.84131356663454,75.62286815197909
851.161756024147,661.4079737002816,82.84317073242623,75.621417561236
851.5266630645343,661.1156008065533,82.84478134094446,75.62010562612403
852.5064400781096,660.9233073735321,82.84753572062397,75.61792823402025
851.8278583426443,660.5444798928078,82.84894147823651,75.61681517340837
852.6232921924894,660.6742411209032,82.85117754498775,75.61510336947376
852.7340778431932,660.5776472552083,82.85290778836567,75.61376620173844
854.1630031081239,660.3753279251667,82.85386410703008,75.61306019677099
854.8562255439102,659.9063010293592,82.85548886512669,75.61179217241855
854.1316549796454,659.2326171997248,82.85742814562636,75.6103330656731
854.6525335496694,658.4021796908046,82.85979405912892,75.60866514432752
855.7935967798167,658.0828326884897,82.86115277301354,75.6077284140367
857.085845360062,656.9461038454547,82.8632902484483,75.60624656305836
857.7837158323167,655.9648175162869,82.86604271309551,75.6043853129315
857.6959400232433,654.1601062088205,82.875007097699,75.59893571068602
858.2475344158813,652.1046583027354,82.88014522434929,75.59588937655475
859.4477578413018,650.2156655583709,82.88910861177408,75.59062119554495
860.7872565390095,648.8018086189956,82.90172083740686,75.58342587362746
861.1803994887799,647.431962087891,82.909386806877,75.57916284681691
862.771266752105,646.447609328293,82.91811701525783,75.57380735374487
863.3943431252454,647.660902893696,82.92615340262108,75.56900796173875
865.3611020911425,648.6664526569267,82.93098805566586,75.56620301764437
866.3390397609888,649.930305412536,82.93906048895288,75.56142550592222
865.6263012640961,650.7788533300968,82.94988608884789,75.5553822268385
867.0281464447244,652.3820612204311,82.95794900060164,75.55066403413683
865.2749454208567,653.4364085054394,82.96445976720902,75.54702932625703
868.0961354139904,653.9643414178989,82.97430527532661,75.54099560697459
869.9607830267946,655.3523562966608,82.98554030217467,75.53425295882579
870.1026082309088,655.5067134072209,82.9936956381174,75.52924589031068
868.9055535970142,656.5673476602761,83.00535837842565,75.52200059281832
868.3726026173986,657.1980793247975,83.03944361669433,75.5016022891052
868.6900861649086,658.1321045644553,83.07642060345748,75.47876629591185
870.7222464730844,657.7598529430481,83.10104299171415,75.46276320680542
872.2811412064249,656.3903654333293,83.11871962381869,75.45134793502923
871.5738323738298,654.1468044745877,83.12241237750975,75.4491681709938
872.7976679278541,652.4171067120445,83.12618947159417,75.44683059328163
872.334155995688,650.8950260953238,83.13134131615885,75.44380259103575
871.6839617727103,650.1423397287459,83.13337179855219,75.44253357862439
870.2877493631179,649.8949052398656,83.13420068191554,75.44195739432702
868.9938765444635,650.8577747667642,83.13478000986741,75.44151095165188
870.2447173005535,650.5833534328691,83.13536299735189,75.44109127460507
869.1457677227501,651.6599708604489,83.13609284906467,75.44045980727816
753.8609865652153,634.2263552693566,76.72655970514992,84.3573888654392
751.8395550408466,620.6261068534699,73.77624724729552,96.06171565326738
756.0498094200927,593.602812735136,69.59969362414867,117.56296239823595
758.4437356474231,567.7843782847749,65.36677453864758,139.35270719922664
759.2864309589138,536.9384716856897,64.16449642968513,151.04168607732868
759.6852598403884,505.5519726171067,63.87106266909724,158.05895835389907
758.8160701230105,475.378167805545,64.15666388367647,159.62109892184657
757.7455029326646,438.37795409957954,66.06336869631589,156.425115200965
757.4562278548374,411.63438991395697,66.16764221989979,153.45084449384103
757.5444603393014,385.42423943164465,66.04584146790751,150.28403303170782
757.2557247968927,360.6606544201285,66.49215542272194,147.5424767058633
757.4551796111043,335.6589494103714,66.21446800720932,146.06832095999658
757.8853059465933,309.2251113515679,64.23811824360274,145.02536780514265
757.4754371851138,288.80550915506194,65.19056613400286,147.43741002774442
757.2815204240478,270.72554047241323,65.63010621236563,149.91596998215311
756.3970806917719,257.5559198223662,64.64108925357766,151.87342302846298
756.0284535579057,246.10814519518993,64.7380223261845,155.00445545237116
755.0051749433278,237.18087071392102,64.84958008939795,158.01574937187925
754.6272088052996,232.00430677028504,63.957659467810274,160.85427364434403
753.9234544381162,228.44854600379782,63.291893828168824,164.1122511805076
753.1347476671082,225.79533342330924,62.982879848479236,164.95475431771155
752.9176013928108,224.68883671616192,62.504423106607774,166.79200452169053
751.6893915746659,224.78581569365176,61.691042556740236,166.67226096557175
750.7260427833701,224.84794294360483,61.455722555485046,166.34230276011635
750.2927700351229,225.2673364495732,61.84007333028052,165.5675512457854
748.3459188878417,227.09940588480526,61.86556149444138,162.36632460700505
747.1306961264196,228.44125173431252,62.0063785115788,160.09233300364406
744.7901238008566,230.0509151514094,63.460304057937904,155.79431528295277
743.755882847223,232.1365806007283,64.38080730176051,152.88311955811258
742.7773968310586,234.68963012815485,64.9373441248151,151.02918343660912
741.8943807017288,236.9409130047332,65.78485861509171,151.01077619938255
740.9218841982438,239.1402519471701,66.26982500024305,151.1445790312141
739.2987199773278,244.55390782819458,66.80398021857972,152.20213302996837
738.1069862882158,249.85506155577013,67.26256244303313,154.24362344926797
737.9226079963958,255.7006443911294,67.19196094127945,156.25472924003623
737.8844547343871,259.5898455343363,67.33524724608984,156.42616559192805
737.2139835515918,262.98897250729726,67.73092795444242,157.85423858845002
736.1561041085797,268.7231695163741,68.06771469157135,159.585526806014
736.3963753592005,271.71100875923696,67.79783120252817,159.448271095557
736.8003084467629,273.99814895215485,67.80479723794423,160.16188638919502
737.0810467940729,273.36489562259464,67.84062339738526,161.6307320865683
737.9266252544969,273.9985712318089,67.26338454256202,161.76075072974248
737.7028145473043,275.3349286325704,66.78385737639617,161.82008229395746
738.2103419734431,275.2375363709898,65.98139615407497,160.7664925934095
738.0950907887878,275.7362683362153,65.87679396849384,158.3160396807579
738.2494306099723,276.63673456870094,65.25954981220312,154.3514004363067
739.2408404132087,276.500441117174,64.39889421673182,151.3163939937185
738.6373552649225,277.7634074783054,63.76000355520509,149.53954258506573
739.5374014798127,278.10803615814746,62.558526473763465,148.91229227634295
740.0008093069883,279.87296941185934,61.908335797000866,147.97722218806283
739.7530085082385,280.8898259366325,61.76767348754504,147.48066953509237
739.2161747777534,280.7972662939277,61.50700264113437,148.14070533823661
739.2500436668431,281.37323707604986,61.11303552907748,149.595313990667
738.6475706491497,280.3280914244875,60.66763385480868,151.39223808674132
738.4123626800031,281.179876574034,60.52853680834921,153.08457900438424
737.371037599747,281.55975853974184,60.26847552019197,154.32164827819167
737.0576022923866,281.9335392489003,59.64342364670011,156.10098882024775
737.0716823340094,280.30273471067727,58.636682492554456,159.2518578609214
736.3461536153167,279.6060352961792,58.06910441854176,160.6603402105908
735.422824781681,278.5096258355952,58.16564013470973,160.2487122437888
733.5229421618317,278.2991949360805,58.27972450816697,160.98183020021642
732.4796116716446,279.0864842163942,58.2035007763218,161.7917755081499
730.7698166021237,281.3141525189082,57.84767573324996,159.53012729576096
729.9912062065144,283.4719805858281,58.072847989121534,157.64685589130656
728.5161893270741,287.25556692919645,58.316860200684744,154.67714442817208
726.1754228003275,291.59217174309066,59.222569899456765,152.14240735745162
725.6047778418357,297.4515983399766,59.883168562301556,150.26605294297661
723.1250254254905,304.27908780955363,61.156930063082584,149.53871015036788
723.1795345230662,306.618646609081,61.355294719770534,148.34385692509252
722.1372025016416,310.39924784375586,61.66385610053325,148.85836952074524
