799.5,638.5,62.0,82.0
810.5346148640037,637.1896265055948,61.873362892842124,82.85392518714798
824.1032665934168,637.58175506285,61.22838998516345,83.24216236489684
835.2421305971396,635.8895976312813,61.65701421160455,83.49009107195201
846.4807840589109,635.0366798025946,61.77706980637262,83.8313652907651
855.0331049212226,633.8659271159472,64.56413264107536,84.65357890552241
860.6545462004847,631.5309602058919,70.3347045198071,86.03758948306405
863.789736470146,631.7850959468755,77.45771368232764,87.035513307875
871.467636145653,628.1398752827055,82.64939014613284,89.93847390043602
883.3384656052964,625.9844063774643,85.9293224133697,92.92402709406656
901.9423043157678,625.5193058640135,84.80603754003405,95.55489478699907
902.8093216891701,623.9173654914155,88.84938850489942,96.39330536122051
916.718146521652,624.0122475775046,89.33353670675712,95.82715249022581
918.211423654268,625.6942918923646,94.32172246990639,93.94998195227973
924.1329476078093,627.5888901217847,99.08963838423492,91.43444603402043
942.4472510746122,627.3114039862211,97.41805507123473,90.93574456094602
956.4447227526317,627.5514282090314,95.86980704295443,92.09198928816147
972.5894639915538,624.4288547775647,92.57850304716581,93.888848187228
988.1375325857244,622.4793503486684,91.60158468511842,94.4869248760598
999.8999026360184,620.7898842138065,91.10080469805601,95.46288659333923
1011.4905126778172,618.6389889820024,91.27640948933649,97.06233597723543
1023.0196398238302,615.6144628906752,90.83555059831144,98.77647919764021
1037.0392229350437,614.0448393977434,89.3938460763238,100.0645472989975
1051.2128939270592,612.2054490568315,87.11331088550548,100.09836471635586
1065.9033213899752,612.4088079605185,83.94857000386332,99.95850727484947
1080.1251941181265,614.1890183596787,78.30203333357102,99.2148193599826
1090.639746076863,614.8521896208134,76.08626292745079,98.13416159554191
1099.4927740977225,614.8744855648246,73.99397832433053,96.80939795554363
1108.5984365636948,614.6656843262682,75.02342754704904,97.07303273920812
1115.2217318177165,615.8943485024869,76.70231311322408,97.53621563249837
1126.502735249675,613.2526008826779,77.79190231864337,97.27877821678186
1139.0475949654003,611.604845849521,78.82588398277363,98.3140157801966
1152.287180567339,611.0160437198658,79.52865857967768,99.64266604737841
1153.437480354841,612.2918555773647,86.66559619797175,100.30916505309904
1160.6754435715595,610.4019408324688,92.4095794325037,102.2928429048599
1174.9633779710155,609.9823014246515,92.9867810834208,102.39861468333169
1179.2190915565545,612.0801279480258,96.53872270964503,102.39630098442231
1179.7302165322217,614.8098606607648,99.18391317273932,101.43104818635538
1178.1507123680651,618.2694728133606,100.01691556538344,101.1015546207573
1172.8636748262882,625.6286793799799,104.13653050489427,95.93775173989903
1180.430150202698,628.497437552751,101.73249305926458,93.55024459731413
1189.6661038302354,630.2859132844574,97.10424997350111,92.24277550809266
1204.4693869390935,631.4641506793424,85.33911251249879,93.53434411241122
1215.4900073488875,627.6622924636699,74.05082140757182,95.30264947197873
1207.1594412377326,644.394521788729,74.4616370100086,89.09745862886768
1212.2583784670753,649.0916473388627,73.9018870172653,85.11489442587803
1220.9048883723556,634.0845153513799,70.81364492429528,86.19808998043344
1200.2877463531304,655.9283137319674,74.33699527744281,81.71447271144591
1199.9396220931899,656.1819418730462,75.3011354129529,80.47463695960752
1194.1486430410835,656.4134804532357,75.52469889436298,80.2116187810048
1184.7723934681794,655.5034844543435,75.99856873719254,79.71617012403456
1181.309247768225,654.1741647535082,76.22796787559608,79.48303916285123
1180.2961097067375,653.4090891763118,76.25982072834573,79.45658354768221
1179.3441419108633,651.606812405985,76.27957493982218,79.44064582208513
1178.3453931945523,650.3279665904042,76.29199093819466,79.43057603204318
1177.2786112108565,649.8000673622813,76.30977860515577,79.41698812525945
1176.815512542016,648.6357446737165,76.32053741000749,79.40930952587217
1178.5038311636822,648.3587410876243,76.32701641194508,79.404824097139
1179.85425630265,644.2533508966804,76.33029678357606,79.40271671504954
1181.079784600474,642.2063208864524,76.33384862832703,79.40116039486837
1182.5112557442153,639.8497981516945,76.33593448377361,79.40056660504594
1182.5486287540275,639.2717275916252,76.33785509495354,79.39956353630353
1181.2851529410898,637.7462703802678,76.33847911081334,79.39939701686443
1179.9424390587237,639.491466695747,76.33869736283505,79.39926904006549
1181.1135845791032,639.4473655023243,76.33883715207755,79.39920499462582
1181.8103382811387,639.752727981092,76.3390116318189,79.399130636093
1186.1855984850122,640.3992627827023,76.3392951715205,79.39897101269268
1187.8044916709046,638.5070704453931,76.33943122977438,79.39894974057962
1186.221172786382,636.7034799699123,76.3397276940402,79.39907359696706
1185.1982340427112,634.6871253596507,76.3399089228368,79.39912137950198
1183.2125832156887,634.3543650002698,76.34015816866341,79.39916464360147
1180.0649776151113,635.1773550165407,76.3404632304448,79.39913421318683
1176.6096564191153,635.0757071852885,76.34064133563245,79.39912162121091
1174.8850822330894,636.1888145414971,76.34072592976075,79.39910391311204
1174.8162048942065,634.4607284772533,76.3408764156271,79.39910095271725
1176.3213712061918,634.1496572144198,76.3409488552857,79.39908679875376
1230.0204134547732,569.0801409536311,62.98371213644324,85.62452221339763
1231.8604669326276,552.3204662207694,54.72673283194905,84.84745444279288
1233.118900030908,535.7361598062729,49.78432571131599,82.74928260381711
1231.9104694613113,523.0061457340064,48.806131079635136,80.87686369634828
1231.2704557420218,512.872322521066,48.91002488555449,81.27697929947502
1228.1357788510143,502.2219685893732,50.305321374631035,83.24503983925231
1226.2341818051052,492.10170493418883,52.27366539358853,88.5647430987177
1224.1062176526962,481.6747805849928,53.904887430095904,97.8921387789213
1219.019916038508,473.26276744558083,57.47150024862122,105.23086308630972
1212.7213361355098,465.0354638535068,61.97175053160746,111.15810363227413
1206.082398099584,459.8227582428218,66.57225081000203,114.84922473065825
1198.5237557579762,456.2302912497033,71.51180684026355,117.01657582352367
1190.1602465530295,450.27441103497335,74.19084017325245,118.89899169426778
1180.7410226779064,448.33172773358507,76.0211244713505,120.39021900718838
1171.2356789731411,444.96720187436335,78.0570689914768,121.20186082878132
1161.5563717178536,439.51440740480643,78.04991888413181,123.00437569410366
1152.0687780978124,435.14150166268604,79.00810592585024,124.79757334777797
1143.1985771419625,429.91231865514,79.47625098635358,125.99195086799702
1135.7436250276555,427.4693217996173,77.94332799023616,125.4805041455402
1127.2222393924253,421.4232835138668,77.7701320823515,122.43198146624772
1115.7301696155741,416.78236007788604,78.94966233734786,120.38579584461793
1106.6092581818455,416.1518994465389,79.08295706759833,115.63513759376252
1097.5652288654744,412.8730728625038,78.85368438625353,111.27177883708896
1088.0528551219013,410.87973393094063,78.83259065635875,106.76011704720024
1077.2337307742296,408.83802214613615,79.32216724782033,103.53649086552741
1067.0289185142751,406.5012210199808,78.63941315139607,101.04180297959351
1057.667702703451,405.23587943380153,77.42446302865979,101.14842699934886
1049.7876191155467,403.4397482659957,75.81812934997602,102.37717991838025
1041.5775186639162,401.1275386057267,74.98476732599086,104.49716036181252
1032.8902386695818,399.42576736729444,74.15878486470882,106.78798032261727
1025.9452226323629,397.29106412493365,71.29183413580188,109.74220996274201
1017.8528822709686,393.552767516202,69.30912784992327,112.70455147122094
1013.9967545892991,388.9337137066446,67.56442158148724,111.0473858817176
1004.1963117752113,391.587776666584,66.39078633563973,112.07915711760054
994.4873698866439,390.6028946767639,66.09683997361407,111.80315803380982
985.7917385267452,389.54425218307927,65.3066375444857,111.18464752328481
977.7829043064802,388.43863801226746,64.09617755178833,111.10005968181824
969.0031600193001,384.77164871782406,62.71161056889751,111.78549538969312
961.3333962131466,385.07536088521863,61.94677569341151,111.57113600084014
952.9660534613245,385.25314240306756,61.20413957230004,112.4516599297496
943.4372672503101,385.5737851838192,60.72327891937747,112.90964125495735
933.4942901832085,385.20662998486665,60.53287044371734,113.39634403429213
923.2974390582731,385.212943375417,61.24715985179141,112.4055180096459
913.4400136261984,385.141472193133,61.591670368650675,111.6064333418386
903.0745380800342,386.05159072885124,61.80926239115473,110.46583864968602
895.0284308438446,387.7557648940392,61.940644267708855,109.43404647737593
884.7754416570443,388.29077875384786,61.60816934846265,108.25334901821415
875.4127877268636,388.45826430151584,61.247062871666046,108.09697535823345
866.3825550195305,388.6665236757659,60.80958250080964,108.833216876991
857.7439982436064,390.23139035399754,59.98561229716475,110.07036059953776
849.787730504952,390.2565932140245,59.3082639701522,110.4567948474498
841.7001003587795,391.7185953024968,58.703233658859524,111.01001931201529
834.0660879817873,392.28776835197885,56.928003560549115,112.85109602074465
827.0647329871224,393.4852830979563,54.15246380927819,115.66636983536927
819.8659565350368,393.9109823341333,52.30236084491911,117.26503745264549
810.5315842661361,395.53156143155854,51.281312749663996,118.2652275243966
802.3863858038442,398.03116940284724,49.695893329032884,120.28523431817777
793.949153213739,396.97808139287827,49.10105347079123,119.94413636846544
785.9163253596429,400.91892277524624,47.96272015005282,120.08073458670076
776.7043276718413,402.5729564417418,47.43043577101734,119.07626470396593
766.8022109858649,402.7459396532866,46.91274302602666,118.21117126957725
757.234954875914,406.3168261225682,46.30783149409747,117.06833307680253
747.7467274649562,407.47570596929324,45.917850311374515,116.03311954595776
738.9752926302317,409.97782402548114,45.24674407445126,114.64886114621324
730.3656856321717,411.7994674289894,44.94615979176267,112.65168618516697
723.1072847936216,414.5708261646462,45.669069562124506,111.26674363908529
714.1370284098482,414.8737720240465,45.551616097371564,109.0828210956233
705.7554582327442,417.7394616590052,46.43524271103996,106.90420552619116
697.04106942081,419.2042998085243,48.277477251717514,103.963825733312
687.9041567077327,423.39535739263516,50.08874774623149,100.62799857854849
679.0879071484613,425.7348061601403,51.12989058730832,99.17437679846682
671.3182612153572,427.46344299532234,51.62108388936882,97.60296261754371
663.4398534790474,429.90648297038683,51.527512742420456,97.09204097735113
655.7766231573398,434.0870113318414,51.84322929098693,96.87982325132936
645.768497642229,436.7950857183149,52.71939128617453,97.34315913185512
639.2104134319757,438.99045240350966,53.82199559687879,97.91428069615802
631.8935973109767,441.92439066365455,55.26047078779034,98.63670092116857
624.6273130522276,444.4267967855518,56.09886739977116,99.59637098480812
618.5282821999638,447.48349141334074,56.36209367033872,100.22925715418751
611.7516222006757,449.5353181529437,56.8431880982361,101.97057056340931
605.6325830633405,451.1617664292127,57.33961006950094,102.5311322151407
597.7804853138338,452.87652373345577,58.31361815243763,102.60399940825982
591.2338002985996,455.02645390179663,58.649914780501206,103.12776463615327
583.8194920020322,457.1242828023499,59.017716897622606,103.75647006670567
576.8615541957636,458.6130839764259,58.621370983060444,105.1859188049795
570.4709457654226,460.707522556851,58.772890997734066,106.46796745208209
564.4292215806114,463.3612280197045,58.46041670652873,107.5344059183123
558.318762244387,466.1923761146472,58.077243734690526,109.20268471774591
551.1262829067641,468.90100656316406,58.33038268489973,110.31168038199147
544.4755999504306,470.7416618780127,57.522931497041796,111.91320332849654
534.0335443888846,472.7735151596656,57.58210670704781,112.39474050527258
528.0994983274409,476.7728512006844,57.65485161619014,114.7811411313649
520.4168301113368,479.85415917756956,58.7171084432957,116.09187760984548
512.0827254986518,482.61730049955094,59.05589948629272,116.89980631537
504.5306401796955,484.8234307700996,59.84281796508663,117.54979162006738
496.2890375884355,487.23187449337337,61.56342987825854,117.76777527489921
483.97399334918015,487.65547629284674,63.60215635725748,115.90604960029938
477.69808241452944,488.83142543960105,64.90619456567023,116.19826270167303
472.47119235856024,490.24370107920447,65.7043884349329,115.66178830006012
466.6959198398235,490.52564115093,66.26891815258219,113.15673853704882
460.29782296371314,490.8469487169534,66.37773778981258,111.02440854408582
455.46440955996457,491.03678001072547,65.56174504011983,108.77578998673133
451.2608055264833,492.054164787588,64.23956868478008,106.23528616815565
447.3144345003892,493.92742098318627,62.415972579314506,106.19935984797351
444.9788050345241,495.2907706189746,61.356157654690904,107.48976329475009
442.2213411211228,495.8414700758094,60.70338614448795,109.45998842168406
439.85793589298356,496.80488402928364,60.21473057827492,111.34028608312553
437.48440323378105,496.65543956425495,59.41668424049097,114.03577120649658
434.7234784523465,495.26450240500844,59.20745088710038,116.93764994050164
433.6538169251024,494.28150360994016,59.148754913878676,118.95271844398275
430.6398682565723,494.06328387636347,58.93789416378058,121.1575138767505
427.58658388788655,493.4562486815163,58.790329199827625,123.5113259256093
424.8265668547936,493.11795675799436,59.03566310121854,126.05602877404169
422.5748794205465,492.6929487165262,58.48739555180512,127.81032182402667
419.59988918511334,493.23442837628136,59.2851138118255,128.33961891225408
417.0561145278916,491.48787035889666,59.821990118303745,129.37680423718461
414.8241002220744,489.22039166121596,59.89814841820128,129.97530876694543
412.63036449100827,486.53822736499694,59.91021790660908,128.01933344245236
410.674777440855,484.31103162980315,60.50333590034823,125.33338887615771
409.8923655482191,482.91805471950346,61.36166630793442,120.45350874671445
407.63300960231976,481.8169815719981,63.06961770168628,114.05776323416904
403.8491645927691,481.2714577414084,65.098427372582,107.673555405999
400.7633346986819,482.5506167228458,66.84569779842127,102.20525380817554
397.7406745361,485.2449178518342,67.99009487147933,98.56708678331489
395.8174992259625,484.61098134921735,68.04767815395536,97.73054675601682
393.90528256057075,486.1026155412045,68.20525567266597,96.53953985332762
391.39231792073764,486.5529066004105,68.18523930795358,96.98286938271225
389.5579902682161,486.9775312609719,69.19860710880053,96.95206753225445
385.99551998058627,488.72772684192194,73.76177581440068,95.62475729152746
383.29528776492197,489.635373711148,76.45241353788936,94.50956135237644
379.27592694642783,489.89604641804294,79.87421184266333,94.14670573212561
376.44519758433563,488.8361290168245,81.98870067625319,93.92675781971876
374.1317527094426,486.59808962798996,82.83165654809426,94.25610331339126
368.9904514975194,485.4658691220232,82.22370549751439,94.59272543093844
367.62318618906994,482.98780792310333,80.53052796545705,95.50016656962288
364.35254300395457,481.18660783827795,76.35557726751159,95.87283708686886
362.69980277702876,479.546876498754,73.04240108607867,96.07160747465704
362.18851782893836,478.60871566731817,69.17586232442261,95.55766558009464
362.53295641167915,477.578103188973,64.79169578554317,97.80848973786814
361.10900994647517,477.17869979637084,61.63509690992094,100.27979427240108
361.5651052055356,475.9224958545058,59.10573772686786,102.09058467680677
360.4754547600394,474.4343361546837,56.937585023652446,104.08200181376334
359.88892427921087,471.96759191597334,55.12761352032835,106.41987490422113
358.5596176612203,468.80430215418744,53.56674433443453,109.04930109794378
357.44730581224843,467.25071716869854,51.8840074786368,111.35631453520347
356.8679066562456,465.6115497000288,51.831419944504376,113.88418092043034
355.5922324240032,462.6680384354648,52.58984531614717,116.81632535774624
355.41302614248434,460.3383465784515,53.2980696715585,119.91108917297672
355.04179789026523,458.9493392457608,53.47991665651514,122.46965127841004
355.7210879093181,455.8938525028714,55.289455572114214,125.5180220057813
354.74829413375755,453.3508186626957,55.875781610478924,128.32997722313536
354.25273918979224,450.7778601028432,55.95037251218448,130.87758101123632
353.8548771947256,447.8130275651422,55.99342943288262,132.9917603707722
355.1484274887208,445.1328560834188,55.06836431013272,135.0294788892574
353.6909978390572,441.8718453423548,55.08686249686522,136.1199722799548
353.75701577756683,439.57588167455344,54.35870012305418,136.51476893547328
352.28492053639064,438.3561524609976,53.222890681700505,133.83101407141686
351.4441147160562,435.46149480586786,52.55820863454895,132.46142006084494
350.46755285763686,433.26972714876115,52.582457024277396,127.60580914245337
350.8145395436039,431.4624664127573,51.52257708596173,124.35071219862863
351.1009372623899,430.4197025345292,51.76858990596962,119.54615807260794
351.030635575742,430.2617856483194,49.91021812152773,115.46468587960399
350.60140703676836,430.6622283349845,47.74625741573773,112.05150726286556
349.6358189296942,431.0070192478349,45.41002430524014,111.50638952763133
350.26861867101576,432.2631672972917,43.573680963782735,110.9814010964499
351.01372528167997,432.06718743614204,42.38367237712083,111.11458078635295
351.089152066436,432.88973805786827,41.32258525038445,111.63570664518005
351.2804085876371,432.2664478538635,41.37275221877779,111.3359523096899
351.05531691915695,433.2687515361069,42.10152170495384,110.31184343792086
348.6978332312604,433.58746295589043,44.25815711434676,109.22063213905281
348.4870333539198,433.68735418100164,46.262882102678155,106.70715664226054
347.67668391389276,433.205298198775,48.343663752126204,104.13529863410334
347.07718621480717,433.086886773549,48.827288852865365,102.26636424807462
347.4486735519994,432.7331718237785,47.250499497904705,102.23671893799803
347.41744374737704,430.92853920149645,45.691033395517636,104.00361152669362
347.78749215857977,429.4575291043573,44.5500969761254,105.29475496048907
347.86160547548525,428.95122635455806,43.68680307489649,106.79259132318191
347.2890702936152,429.1275791816072,42.83929922370122,108.73929362806797
347.67290442983864,428.439106976497,43.49381374964004,111.0272455022205
348.3129004185008,426.92893339923916,43.57840288040889,114.41766675007793
348.8848403950685,425.001205370369,42.069662958849705,118.59663893826558
349.0988284195468,423.9283583927774,40.866008096435664,121.96557911022289
350.6879609525393,421.1901430605386,39.80258926000389,126.19556876803995
352.49683236108444,418.7230773817922,40.13533977863741,128.14107960589467
352.7800596946909,416.44727800353655,41.20172610244474,127.82096186307746
353.49234143058976,412.61267732693625,43.0264058900769,126.0507863852233
355.22089296475355,410.79117090942566,43.42845585405222,123.750727854888
357.770044348713,409.45498346334307,43.805996038861636,120.84387196168342
359.8736327334753,407.70239472547536,44.52400638023792,117.2817400578411
362.39668805692526,409.42852307590096,44.69415616653496,114.16875037244715
364.8154935708438,408.14790539090967,44.799950290065155,112.58792689309496
367.16603638495457,409.65538726726277,44.43269168058137,111.93925657071712
370.0414526718716,409.8735734558512,44.19825944396654,111.28478768396444
373.25596913217805,410.3756791517731,44.49432561011504,112.76144343956625
375.8493917221212,410.39700243815037,46.327751731498374,113.87774648038291
377.57782854927643,410.68602501566465,48.50888190332926,114.74645530408355
378.7323058744114,410.85705203735034,50.306323928169185,115.95537801394713
379.0244726420674,410.32713591803895,51.34225659196906,116.56160191850543
379.37673754163416,408.5413198659835,50.531282314800535,116.80519747590913
381.06337596486657,406.99452809080225,49.53155087658467,116.93772598591215
384.3949044374561,404.9242107186908,48.232629196755965,115.32909935089316
387.2802697792971,402.3434091957874,46.5336863472414,111.875462299654
390.8172572285154,402.4553710891967,45.491331474439534,107.85697784198275
393.08069183957025,401.6628835615402,45.53791615552813,105.1568252575253
395.39802559182874,403.2696905759488,45.679761750681536,104.01970592246417
396.75445788259884,403.96108669379373,46.8804041538521,104.42998388387969
398.43993775843103,403.8219463151708,47.60344092699853,105.72674529965674
401.2945268357343,405.09639258408896,48.37631271440849,106.58354939229837
406.83545483911485,405.09508650146495,50.002369152715815,108.39163583885744
410.6645422206285,404.2452097704783,52.76335904728124,110.37700405956059
413.9838852960864,402.41402944592835,55.24835873315753,112.15898741602743
417.1631679641087,402.03996651688186,56.74859619252295,112.92850783050866
420.5251998202661,398.84933534139003,57.577145261732895,112.81003291876651
424.2830598917806,398.86375519201306,57.1560601284694,112.5213323442981
430.2382750694637,398.26480162982864,55.514599308930855,113.18970220813455
437.7238808374357,398.0139527268952,54.945835473487435,112.39823278053436
445.14495599989266,396.94966430935006,55.52995658717209,109.62903778029755
450.86149681831813,395.73167953566656,56.28178763190082,107.25031244622528
456.0253098383627,393.95023882995514,56.331974931045025,104.72260528800703
460.5392608652922,392.8427944591648,56.0073781216319,103.29782675702
463.582440354889,393.2581260199041,56.12460095243577,102.85943512444626
466.05734416344325,391.9240046508127,57.20903978002947,102.068082897648
467.31123120387326,390.36519048618953,58.333598739406796,101.50362738175578
470.34989288614804,388.7892084266944,60.88858242746957,101.52605129574421
473.07631809836926,388.8602824792733,63.246474381262075,101.40686810770976
477.45949834625765,388.747281785398,64.41768350371038,101.99450303466013
481.41245792432306,389.4638097998724,65.36285382511853,100.9088191799743
485.88235638104663,389.9426430980925,65.96502525731354,99.3335549439735
493.60854175970564,391.88286905308365,66.12742443560339,96.65141984650646
500.3925227780694,393.337315159966,64.47496685444224,94.22007205965969
507.12417736151184,395.7998558295109,63.78804394854375,93.47852725011106
513.0318677163496,393.34319399251024,62.07851441226912,94.29054257831761
519.0735305976802,392.08355942848374,59.81929868073581,95.69981479150701
524.8417394090844,391.9733566282538,58.88466862506601,96.9524008204719
528.4886560192665,391.3872736125374,58.81028063327864,97.80048662309915
532.8558158342737,389.6598469137658,58.71959389205812,98.26442400692457
537.2358093166323,388.8847757896017,59.38689593643509,100.30553156201178
542.5372209366487,388.61052974787754,60.4594419590976,100.8633521197508
547.6287328942382,388.6813721762608,60.821166350193245,101.75328657336318
552.3746387621956,388.6049917658741,59.778280586263264,102.341051568846
560.9646062113196,388.6235281090393,56.19773285689941,104.88639112540503
568.881686053901,388.0993021439741,53.516141988875304,103.99344848804566
577.6933994286617,389.8259930049678,51.38051297647551,103.2213709824432
585.9739846708513,389.9350175686517,49.00941932009911,102.3865779328419
593.2534946269676,389.688601635082,48.416833886626264,100.79862571756847
599.3786541435416,390.4956341083123,48.86935184383488,99.87073528301741
602.6449998448917,390.63296977390826,51.197751101229976,98.3522773784155
605.9553118595887,391.31474047963763,54.505526157834225,96.8989818995954
609.7780250438577,390.77556246095634,57.3455085722552,96.48256490667684
613.0279820962062,391.3065178825194,60.44530588571034,96.78553104910071
614.3484370964854,393.28404702033197,64.74998924223802,96.56505662815081
619.9577706472792,395.11493127027785,67.43378414626578,95.89559674489726
624.0854470306413,396.13687906308274,67.5229643461553,94.28505953054523
631.7823529312924,398.2040892590327,67.89949632537052,92.85816033882546
641.5934868057117,400.2707549325103,65.91631434618535,92.26985219476637
651.5582492909957,400.4452811324708,63.14671483643265,92.0225151584074
660.9965527417997,398.2852563307348,59.03880567347203,95.21007519984488
671.0429931716022,397.80104102043583,55.81311231386708,97.99635855596215
675.8210652695333,397.6023055002505,55.22654876833464,98.65175179868152
676.5113936508095,396.71365998012226,56.91593270860194,100.52050672513943
677.640464274323,394.5256704118823,58.581323947536845,102.67588525660835
679.3814366567499,392.81646303405705,59.7435337313281,104.73396156278062
680.7672429794079,391.83866579889616,60.777974962888955,105.958664686171
684.8229620915984,389.6595401101841,59.54196160041601,108.91421158628495
688.1079436470469,388.21089702154904,58.606673992296066,109.34850390331036
691.9504753546214,387.61036667175733,57.06315682653663,109.34782302669896
694.9282290053017,386.7724459132749,54.75647230959994,107.94473774198232
697.42004824296,388.4522678128261,53.90043259679548,104.14867835998461
701.1984160580638,387.25060127330175,51.29795826953588,102.7039930312117
701.450827192411,386.5698373942363,50.67437978854736,102.06047370644166
702.894922050438,385.7836729870969,50.82260946412552,101.97417656037032
701.2765207286875,384.8956227531276,52.445106134573614,101.0909561970101
699.9067182788974,383.2562046181249,54.32474028572909,102.38268137540175
699.6430830157318,381.7847122020856,56.04313572813696,102.63785149495597
698.6522124400444,380.03475651728286,57.40722666865449,103.73964770648031
696.6238187457722,378.9717365444633,60.77507400898107,103.77170781660924
696.1082340398433,378.10270120910104,62.51228243231721,103.21400617326208
700.2742167494458,374.73207740179356,63.22471436723822,103.0283166846056
702.7685200888479,371.8110039516647,62.675407748706135,103.17861101528314
708.0813054717686,371.1914179173342,61.513193000931224,102.12015205862991
711.7897361416906,370.4351697199529,61.487687175613715,101.66389463869518
714.7188035719481,368.4945289148214,60.544060181004355,102.63691494982493
717.3033886027712,365.5881413348009,58.19597008876431,105.8202040258815
718.605832768613,363.3553311285223,57.71126093341125,108.94253613601708
720.1387411039639,360.8278873857574,58.34266816445816,110.05857798708652
722.1892083234777,359.0955017080887,58.48055094039633,112.3766220188918
724.2178309176298,356.7328224794052,59.291629555040025,112.36497953402862
727.006232141405,354.94384799278833,58.47009234339065,113.00370187991247
731.1599729442213,353.2861861697825,57.901247708278156,113.20066405284058
735.1907746877978,351.53121682848354,56.705032137690026,112.29119012252352
739.6812498164973,349.5069508213455,54.491572744091286,109.94206235820454
745.7797035379223,347.97827155184314,51.5238961819785,108.0605781237718
747.5097996551154,346.7190936999601,50.77025096945799,106.00021945681027
750.4178570881753,345.67996184018034,51.09824106091888,105.61218340410733
752.961850799821,342.5515689013093,51.65446397621981,105.42008050316291
753.7547537853837,341.37363671230264,52.57833875308022,105.34864252064156
753.1400162351262,339.6766862532803,55.33337423262374,104.67444966198336
754.283384846951,338.29588756947584,57.871748398134265,104.38750071535279
756.1681751579569,336.65269994684564,60.17874210168412,104.60183349540318
758.4561104176067,335.68853472006316,61.63540332066563,104.0340148858578
761.1063257197012,334.81232993876085,62.64697680583218,103.59397773978316
765.9147385900662,334.71021670660457,62.771238024940914,102.32629027034179
771.5037277001397,335.03481517972335,61.79345988566536,100.50413292352287
776.7494242746413,336.0032126204918,60.108294420683286,98.54254496100043
781.2833551214001,336.30439496771373,58.99201277477317,97.84721736079203
786.8208397826633,334.4432337322597,56.287592654212105,99.4654579625747
791.8491654777006,332.1374182424433,54.13841768930848,102.73180459944169
794.5878861752046,327.7605542417544,53.57038534047347,104.63859971278852
796.9292088458025,326.1038323881223,53.94940982578531,107.37179536221035
798.8466553545218,322.38836266616124,54.419331623868025,109.88630957801365
800.9015889450778,320.25373679107685,55.1777496218941,111.36677777792002
802.4734625222392,317.1963587203265,55.514685555874,113.0164479361443
804.724157304336,314.0324387448431,54.93625198151795,113.02174474288502
806.9128691862368,312.3265899967672,53.39827953073518,111.87898934291863
808.8248231585101,308.6104171222056,51.51019025836871,108.59593058154383
812.3636463690515,307.8904997964586,49.00557621643641,105.55782801151071
813.7261906204254,305.3390113708024,46.59367122995238,103.86691438659633
815.1037886702109,305.7229677772095,46.01193680602552,103.72939424441356
816.111012335154,303.232148460573,46.17846395962916,103.55281735492039
815.9265487740043,300.90309563501125,46.783636997222175,104.33879046629477
814.0286528082967,298.42546035088833,48.773635047221305,105.5650225575966
814.4755732357822,295.65618840204394,50.55448491566929,106.80631141607034
814.0322428191964,293.82571329564485,51.91676250194225,106.48087676024676
813.1314980659488,292.0094131325218,53.00857264327932,106.30152068085313
813.7196457433041,289.7168768438002,53.76225625528166,105.2856320499528
813.2419072644143,287.4746015338705,53.61558873330973,103.6789808875857
814.4240203542265,286.191402433281,53.04316734418214,100.43501913393072
816.1425120262282,285.79364103871706,52.38685202042721,97.20371458770092
817.4752969003459,284.86390739353664,51.07555308804099,95.85179233643582
817.9815724059918,284.6062370049101,49.58974045217481,97.02720740730226
820.0365656136102,281.4755716879945,49.20917207625975,98.7070742273518
820.4903109596911,278.4366623209469,48.83038161660381,101.65205042070605
821.5855536388476,275.6168226078421,48.81681166547142,104.81390158267908
822.2537702512939,270.0855890492883,48.67433183546876,106.97366732191819
822.5948969237005,268.40827566481084,48.6718890146424,109.06682889903183
821.8908720744735,263.78892442332716,48.532369676612596,110.36473119202729
822.8697452708527,264.5634926125196,47.93720298718527,110.63712682467451
823.2634269791262,263.9405686299668,47.16713044595397,110.16431109730584
823.5820847028393,262.08874425141414,46.503186554556365,107.31044423322572
822.9504965079497,261.4490729343192,45.924050489158304,103.94651971272204
821.9889089058232,261.4148720289744,45.721258667654304,99.09720215924537
821.9478971564754,261.3295483368909,45.88663061194448,94.87887010844531
822.0898740217335,260.76601139322935,46.53429145919843,92.83024786120122
822.0494353282929,260.08830917507595,47.56197027010614,91.73672727919744
822.3828160610038,259.86028287500955,48.566984980183214,92.66163078999391
821.869943010811,254.9166853662657,49.01436891368738,94.05344159117297
821.6242174530846,256.04961916484933,49.59584856844012,95.15592140039301
822.1275990365864,250.0175301038689,50.061430753609386,97.19315440821816
821.6494635090098,250.89688527667997,50.56625572259422,98.73942410219259
822.95559713633,248.88184500820645,50.54606000115693,99.3330861058144
824.0782634554852,247.9792333250279,50.74046015283994,98.02911495503587
825.5948551186001,244.83007556619742,50.14123869489614,96.9489333489786
826.0122568239657,243.37377014893156,49.65618940904473,95.57757859589435
826.88454292282,241.58209111428502,48.99144261264236,94.78918297256048
827.1638568262049,239.62075003097294,48.6421926758361,95.33735103624886
827.3140418584605,241.275415578478,48.473730834357916,95.65797690191683
827.4515227967311,234.84536331037555,47.020620926582154,100.29896141248696
827.8537827079585,230.01703649871365,45.67623662363157,104.14954041651752
827.4668145931079,224.93279438978607,44.97582025514262,109.65390872861096
827.2893645238453,213.11524062748933,44.16232129813259,116.99811506912243
825.6899975605304,209.91509076536101,44.100377171860174,123.50686265803071
822.9277414529879,205.69618637331712,45.433005346112665,126.62565880021177
821.2556999143728,202.36935128910855,46.99326517161842,128.1098181272593
819.0607029056458,200.9737108345097,49.12578500503638,127.25877363515086
817.7858465740522,202.21392023179396,51.680800599871176,124.45172883779375
817.1346639423249,205.43284108373123,53.771437767317536,120.85831662686967
816.9032835986042,208.69785130841396,55.8920861519789,117.01745175611751
817.9914231144487,211.8110489616507,56.38941852280145,114.22278791212267
819.0430851544481,215.40179521045422,57.1638074078141,112.03914106423488
819.8741146587802,217.6581133008379,57.37378580988606,110.66468800038038
821.8208742804637,220.69154035480182,57.97852468038006,110.67865063821054
824.2937116830931,222.72591064936086,58.74707469049002,109.64891294444774
826.4642867779332,224.92433676956603,59.437392892228104,109.36565762023614
828.5147617546968,225.63993974586785,59.96899746979864,108.84728655036866
831.5753643388234,227.0100193357898,60.15753665960793,108.748717488933
833.6663878181721,228.83972796566624,60.86050471174435,107.71610481940532
837.3957525892473,229.3047418214012,61.324433136207745,106.4556335766606
839.9619593208038,228.91839567868678,61.785598965392204,103.20738746563556
845.475278224208,228.4660352394751,62.40800996382066,102.20416724107734
849.1690649040314,229.18069481798352,62.42437155977056,102.19439385375202
853.3713582165664,228.65279717746301,62.87815571564555,102.7802774402663
858.4741706834711,229.50680761668167,62.374009739965985,104.6203384366764
858.7597774958484,231.88177382982178,63.28214632444745,105.52202592159006
866.0984791832996,231.2535888076705,62.76394743257746,107.68736644108945
865.3619116622976,234.62004805416603,64.43807972287325,109.18610211527366
870.6282916484788,234.30926947863745,63.924869120322825,109.74941079858746
871.29602838673,239.56809215336548,65.41690433179355,109.89877766379203
875.7586118043955,241.20542498061027,65.4336749430568,111.00164925982126
880.7726279402159,244.02671450450163,65.74493805868411,112.08010283151486
882.4933209394939,247.356756401059,67.00964394092654,113.59090221711106
884.7927639946425,250.58815570130258,67.80080442715617,114.15076530256752
890.4734145003456,250.09642557714835,68.35947869651189,116.8020113146165
891.3654719679538,254.0407201289171,69.90675962578207,117.48856030312004
894.4977317141827,258.1157968500534,71.04144724849772,117.07987815143574
893.4365224092271,271.9517861442591,74.57223826060007,111.27259415836137
904.0074377333034,260.3427600264281,73.14001759779896,115.81169513059561
916.3854394736245,249.70767048503524,70.19535635653676,117.7146123267846
927.5845422032452,245.14123654370553,67.33678560188511,117.74299755868722
937.9169831110986,236.60214718746218,65.7698308796841,116.7570779130196
939.8431513330984,233.0060639519491,64.27782501734956,114.35003555225866
948.8925942720381,235.16621018290232,60.68545750342284,111.43484164782441
949.8317229119414,233.28087904812554,58.774201170018884,108.92395637099126
952.173622155071,233.1922878704976,56.46962412312117,104.41986860371905
954.602860026592,235.86446625810458,54.185289167203834,98.76406671150838
956.1880943248158,237.012475991004,51.863744492341254,93.49075995322906
955.5815064266546,238.68783478664454,50.86275674686977,88.74268728229711
953.8680081530077,240.96386331661938,50.183210230046114,85.8738966236383
952.0244368106365,242.20315790047076,49.71743362233864,83.80341908780582
950.2950008153921,243.1854318385607,49.8465758173716,82.31484106264296
948.0407479824365,244.5257861099651,50.55062310353725,80.87830974208603
946.3301415868353,245.52254830362804,50.793405099070014,80.33169752421662
944.6251148677882,246.17018032009076,51.911085595193555,79.66289392429746
942.3406340772667,247.87325062200233,53.03253145014689,78.76695620514838
940.1858718479734,248.91881936243738,54.25334154754265,78.40691558802493
937.1416269987822,249.77828723526557,56.754470148589455,77.40402218217034
934.7706841542646,249.77112447703638,57.693044966500366,78.05105958598833
933.0177449262662,248.63291386994874,59.433347298305655,78.50389898539771
931.4370452178188,247.78509191962607,60.291432029379244,79.13016343715235
930.9124189188367,246.28730054780374,60.14938030128599,80.10966079452078
930.7955882288067,244.80357935421006,60.23533980697056,80.26382951341898
930.7984509441251,244.14541704109462,58.852945207861566,80.1794824191451
930.7019718667074,243.52174526527176,57.88641408867184,80.75062426962656
932.8234169318248,242.46627892305992,54.994413402788226,82.19756955590267
932.744064253006,242.15591541459173,53.396447808582636,84.09097327915313
931.7653818938684,241.22287908401623,52.50769836822741,85.36927613391907
930.4520221731306,240.99947455709602,51.49799064562525,85.86787940007098
928.3198588329408,241.49779133018606,50.544283058579474,87.14604996918634
926.9034577332167,239.99865965144983,49.78334837104954,88.26092742997602
925.40974931082,238.98706415570723,49.28760352799179,89.10443819322794
922.684225134951,237.66373320707936,48.70621121734567,90.5906572613516
918.4598121795925,237.9430357912974,48.89249631080213,91.75681119478315
916.0689151036999,236.87244854744625,48.87440137491038,93.6507025068978
913.5329543472968,235.22828563935593,48.157937496481054,96.00169259347946
910.6437658907362,234.45344941406654,47.497642820704584,97.6652070545563
908.9633694749732,233.98403705739,47.19206692931495,98.56214536747797
905.7389914904408,233.9543293667302,46.94190693997538,99.27099907038799
902.6210335913071,231.79858324415613,46.60343900258595,100.48640076034505
900.903191321587,229.89729989352026,45.57901240082129,101.39375290396916
898.3008353367687,228.64288535013668,45.07142645404544,101.71741658546281
895.6208250057073,227.1716389007609,44.720840541156115,102.12299537403068
893.0563882360341,228.69442555496164,43.8565342823763,103.28610031117364
891.086306208749,226.5048242006696,43.26057839904982,102.72302654194405
888.9514971469123,226.5230356212843,43.020338868151576,102.36743373234798
885.9655203213321,224.3775755784803,43.03033458779352,101.48711158086492
883.1937595251143,226.91852694704218,43.63839227489465,98.56910588124725
879.491164521594,227.09639817899716,44.22816260801545,95.51609803075587
877.86406360317,227.78480147791245,43.93692400945382,92.54892375809771
876.0984566914975,227.6902715041443,43.588227840580785,90.58957219325913
874.1614194786639,228.3346813013356,43.47272306550359,90.27373756849249
871.8324955658193,229.13995855008199,43.23546123771996,90.42335317311915
868.7642969219725,229.39956004616658,42.85339396013633,90.84643452657676
865.238633763787,230.37763020602063,43.094554394396795,91.2662226088157
862.4268055989808,230.06889544316772,42.5020370751749,92.57103060593417
858.6766020028173,231.13780081279987,42.572036266555784,93.8178939389355
856.1614990638276,231.10352671716345,42.44259181876018,95.01506561577355
853.6323786274089,230.1832298959705,41.88756002466619,96.33195216635116
847.4033382484645,230.7189454005475,41.90209639473777,96.86340544979964
846.0893645525722,230.59956163521608,41.58583826398515,98.1657102204909
839.7029779979257,230.24535548440653,41.445811538073,98.84756657042529
837.036911458019,230.51239198148625,41.939299159664984,99.7221355106607
832.3706459843568,231.28986239645735,42.870789076105694,100.20713932946111
828.8059233859225,231.71971576641295,42.67846074392149,101.02934441568365
824.1318263199405,231.5835741918262,43.22335687936453,101.21480758828899
819.3899137989325,231.20747182880552,43.407006254571336,101.18155547810667
814.7768688420103,230.78482951810093,43.67556996144549,101.64667225760456
810.5054804026067,230.03782440669931,43.79637933384404,101.21652343042003
805.1042709348703,228.77216340338236,44.530196661040364,98.76194741917064
801.1131737861953,228.53677576042176,44.75188814314407,96.50902981110988
795.8461876068943,228.79560240573193,45.025951825598426,94.65873420367129
790.9359856800822,228.5405408809723,44.98211694020901,92.84526721298369
786.4987720892402,230.19371478080393,45.59536991992762,91.7552625777644
778.57617555605,232.82185722989,47.56498792069537,90.05338813720329
773.6338590553148,234.66310793258776,48.480991085129496,89.81387417382442
767.5158557467843,234.64944053521063,49.313649733135414,89.29620960754045
762.870709869802,236.5479592756209,49.574157284524226,90.29692307657949
757.8668306339101,236.96556546131728,49.58920278175963,90.47559822979156
753.3173152065696,237.7510796105311,49.392725251736294,90.96670515093791
748.387859140202,239.09377434909447,48.912089273509565,91.56918345831129
745.4456941834827,239.15190901594693,47.341067357419156,92.05052030670475
743.1174587953593,240.7543580280047,45.88020853619296,92.7871732526667
740.7650981882728,240.84523152124297,44.47182731430033,93.6738037610022
738.9923297168275,242.5738349448465,43.857768290851695,93.38184292362175
737.0308837686794,243.7066116024211,43.2468648303974,92.95303785085085
735.6758352623074,244.21245805376014,42.242314550050665,92.74519863879695
734.2223587018299,246.6566898665961,41.98575091113321,92.61587645828497
733.9621462541811,246.3562177302023,40.84399633636854,92.29015512695804
733.4868165449858,247.81500399980064,40.15102644224393,93.17932024912305
733.4428140968813,248.43361669825353,38.953564429044334,93.6679598586641
733.0228541732108,250.2689540223565,38.462499803156774,93.03421744045392
732.9888036487732,252.1013568954687,38.30440812434701,92.23837922734103
732.8557118862255,253.2658143494305,38.490323862462645,91.37475272006745
732.9133717204478,255.74608835019333,38.309802293118736,91.43136036581967
732.6603558876178,259.1998116379618,38.5199728337864,91.60337393432573
732.6352094296416,261.3426037429049,38.95022119049855,91.64476030167958
733.3606199527526,263.775418327883,39.20955169743041,91.3708660178927
733.8721281371525,266.4859415271657,39.2969261109871,91.44222551074571
733.9917410585383,268.7723186426002,39.417741469330025,91.6844079177551
733.8969150614993,271.14649615948645,39.67014711842437,91.63312395942214
733.9374734696661,273.2551842535386,39.852820879740904,91.95050395494215
734.3009235512159,274.54413209652375,40.26013595235141,92.1735804922537
734.178907993771,275.28427557027044,40.52173440566326,92.35092398833334
733.8329149349607,277.39079604337917,40.64273139135618,92.12684450032197
732.5401949867415,279.9404858026679,41.17104953410185,91.62502491063857
732.1024168313731,282.2374792425548,41.84152889703048,91.46866677689749
731.214826085334,284.02992729990524,42.72187998339664,91.73256416881893
728.9997583198721,285.90850476544966,43.734103269523715,92.2604243439313
727.6923900238244,287.6783723640801,44.751647335755536,92.3094361712066
725.7839532433047,289.4343652788018,45.582177274587096,92.42258266407454
723.2507816535333,290.8816006860318,46.549768432340485,92.83386078912872
722.3558861097407,292.6861056704737,46.51052650276707,92.9751831757442
719.4645980952416,294.927855311753,46.80331781420546,93.23052971838092
717.8183657629824,296.3976531157754,45.824317654047476,93.89437558715788
714.9481522951272,297.64519745551814,45.3124853353022,93.75952832078899
712.6608069664339,300.3452724742936,44.59510274287193,93.62657541534858
709.3118656786596,302.3517458690397,44.07507836651632,93.88580250738724
705.6391297011006,302.72202966062656,43.121463750894556,94.88747499551013
701.7183051521108,303.6528123116701,42.66972162115196,95.37799647587848
697.0682158255142,304.313370376016,42.524926328727474,95.98080872719922
693.9051596652291,305.70539180717003,42.16084594986525,95.81515165666973
688.656628774699,307.1377649542446,42.329292542326876,96.01775670376821
683.6133036561608,307.71828288352367,41.90870343766727,96.40533737372103
678.3224515059861,309.3610883193038,41.91275576047775,96.76508983300192
673.9146917529844,309.4757901259323,41.35407253820965,97.24917909007573
668.4106343495174,310.8591248987034,41.225360829945956,96.97671287361979
663.1172973569719,312.21733266855165,41.47096273251746,97.07897356721489
658.0795458848752,314.1292655814118,41.47989730207706,97.23198090090321
653.5233770765076,315.48076983139464,41.23251373503534,97.52306462696595
647.8530259586299,319.904776186065,42.33610106447972,96.61170171697208
643.2966515580348,321.37947838201706,42.301599690193825,96.99659069054655
639.5560002282442,324.24850551477266,42.523970712964626,97.84121426622193
635.2486922831708,325.3803354006633,42.44015081972519,98.42751100689182
632.0729118588522,327.4681925368226,42.50587163387763,98.84503794932533
627.0131239768052,330.30885248123735,42.88388932302051,98.98457415485625
623.0986706371058,332.98467704140364,43.09187725165643,98.92755174732275
618.172811926009,334.71387949100114,42.99027226326646,98.22779190580593
613.7032111760109,338.74919491173426,43.3483017738217,98.31492263813115
609.078473720488,341.3104197468057,44.03020123015561,97.45736840713633
604.3263681848186,344.90739928431157,44.43379203171888,96.71266575226
595.7647582142822,348.9588024231289,44.68999994886592,95.72215462538225
593.8259951117753,350.4027814180436,44.33788423951196,94.97878033764016
589.523524925395,354.1971221272091,44.406630764616374,94.17252766076422
584.4559591223693,356.45044042469874,44.26672269781626,92.98294509906441
578.3904856587845,359.7303272298482,44.32758409947304,92.01505800915118
572.0460783857303,362.92384634233014,43.23456690424858,91.53974959680944
568.5695263562546,366.0852202482333,42.998974578770046,91.04965101596008
562.1727007421289,368.45756802643115,42.9820455534205,89.3299793967898
558.423380681884,372.08229271228265,43.28574176903338,87.52375064047368
552.5174326047367,375.26216017240506,44.28566149052787,86.42976755891303
547.3891055317899,380.60941746196505,44.45624366834261,86.45889151433894
543.1068526963387,384.6119437394394,44.59060407557324,87.63729347293997
538.2249754921278,388.7850834701285,45.62145786448835,89.33590441530946
532.5618237479529,393.3575161552665,47.1911686022889,91.19966789024816
527.2887092825647,397.4359948746946,48.42122684062138,92.72302260806927
522.893763147606,400.4325692724982,49.603326256229685,93.35645309713004
518.1820981658279,403.89592926410717,51.03973729354675,93.05026514973974
513.9725499598094,407.51096395967306,51.60733081022873,92.459223354128
511.3961827019971,411.5806498311331,51.48418260490604,91.69907018954655
508.90477784153126,415.3632569345317,51.74140257364036,91.0332423886941
505.9681040056911,419.85229301397163,51.49762902568568,89.91458576097276
502.85479823629845,423.82389298050333,51.54697301304889,88.91785132015791
500.5843738197508,427.742338325094,51.10095203413243,87.12657153567011
498.3829701100898,431.77861344282275,50.73874766603995,85.32837051285912
495.5777938798677,436.9465203586646,49.92142487929159,83.92965899898545
492.88477111245527,442.05741076865473,48.68511924453031,84.35996634428838
490.904489594203,447.8948063485169,48.109528964537,84.4835884612364
488.9481085965699,452.96178071965977,47.7297275213878,85.30460721773002
486.00263602606594,459.108265726985,48.45213695301457,85.35854195771823
481.4538685829292,464.58109585204284,49.240233133843724,85.64633736556152
478.7591466982772,469.99774128934246,49.76115807380198,86.44354442339633
474.2097731598591,475.2867466133762,51.03130426715437,86.16307062530456
470.6776474593694,480.2751759531547,51.52384174372588,85.66031968805702
468.15003587713704,484.4257899807592,51.844401898546934,85.74569117355855
466.80438994940226,488.2250443474312,50.728572715579624,85.41546866839445
466.0283042866954,492.94932224373935,50.1408404956137,84.88095344126882
466.63432522860535,497.7696246657332,48.951617272157364,84.70928361009857
467.9792282983524,501.7003726632059,47.91766821884493,83.28676008829773
469.5108026064076,507.64193439948946,47.48035692878432,82.49251333997368
472.53079752888175,512.41209416284,46.366783004093605,82.33166082377062
474.8664387533659,519.3493456728152,45.28003686913591,83.13842363481398
474.941459081651,526.2358782031697,46.27941802366959,85.00786708087972
476.73534856021246,533.169454858759,45.36371529182731,89.18133838823155
477.21337917049516,539.793748917437,46.378731871059024,91.46140723040915
478.2682731107686,546.3213358918227,48.35282584552317,93.53460928871785
478.50010629561234,552.9245238548989,51.120799814733324,95.41312945021194
477.39950761479656,558.5719327196088,54.13650400514988,96.44061740011355
