752.5,233.5,68.0,153.0
754.4196713628589,229.47422734886118,66.13195835307852,157.4139827889262
754.2328817230504,228.39401367813505,65.77717090009823,161.04544668376133
755.4323266506785,226.76543922582383,64.56524150359739,164.45824346226226
756.5335496587024,226.052836382368,63.544558302071394,167.20648832325378
758.9780680824952,223.75397451197503,62.67336946931751,167.55558249403242
759.443270906604,222.673076319354,62.28336843888634,169.0664971120015
761.1137589391398,221.24643715318453,61.66458013130679,170.54615767605281
760.0078878657981,219.99263275322147,61.705631264653825,171.97377799636467
763.1846906441446,217.9457625415005,60.96781559825044,172.80277127701487
762.442214622637,216.3268648274484,60.593942434508705,173.05172707880683
763.4557557716961,214.11063922610666,59.79847043454741,172.65552208489606
764.856738160278,212.11902562192563,58.80963520164165,171.67174070255984
765.4105362412548,208.6593643956444,58.6148285632896,169.8234526051956
765.6031847130932,206.4261626322607,58.40975818402006,169.21379345267218
766.8146348072257,204.6434403326873,57.83561323619561,167.69605476324475
768.1867293860695,203.27742992872675,57.422356934113985,165.13472630511367
769.4894984666294,201.41977069314362,57.100528775893615,161.12089591153384
769.2462784702719,199.8654488055472,57.446640674245174,156.61885052351866
771.3068960871977,197.9121293804902,56.86247833735086,153.28342728180525
770.4154794993743,197.58252925600513,57.330063500455125,150.23098908015282
771.2051521274906,197.58154653358497,57.76267708173164,149.07574381732866
772.29032436154,196.52002929519315,58.00872899310375,147.95706095555028
772.4252279790973,196.2224171740117,57.599099811368205,148.94713294857695
772.4398762537734,194.27126998053927,58.126381719371565,149.95563589837275
773.234472043195,192.27916728121477,58.67923945311975,151.9741680887851
773.9471011302837,190.907667006621,58.594793723629294,153.89796722815584
775.4533780039997,189.72949272648964,57.88175140884514,155.20369570937808
776.1489537355678,188.1133471412992,58.13364334456587,156.9304031166364
776.545575011835,186.7057790052419,57.922149456410544,157.77161701688664
777.5672972417372,184.57324864851083,57.61444303562297,158.8419665220053
779.7833081091296,183.8953740569487,57.037356946895144,160.16424754435127
780.1851795362035,182.94685908938152,56.80561930505458,160.23375019486346
780.2919020459161,180.7722995634238,56.80729562936115,161.38203759509128
781.3143980100491,178.55194434150457,57.26677595680184,161.66807541624905
782.7597512917739,176.2694349763642,57.48581298847566,162.1948766019741
782.5778012952466,174.0756843933822,58.45316006118874,161.79152045287464
783.5431893801381,173.28666848202403,58.78668662196608,161.7343952864934
784.047073979176,171.29856674092153,58.82266222636518,160.5147317070834
784.9494804226932,168.60695656587208,59.74751533397497,159.21161887770842
786.2173972426281,166.86399388758355,59.58764109046758,156.12809337903036
786.5756878386132,166.74420055100887,59.79621541893637,153.09347555961074
788.1663467638576,165.1294812215327,60.77317984841589,150.93150434460068
788.0955852951648,163.0825547106272,61.209640426230024,147.6341220148492
789.4565286983843,163.30653099283913,61.27105592691991,147.19363416430798
790.8858232062288,161.95451654384766,60.278717545424364,146.82277864761804
792.3889337077119,160.94510957949507,59.658121666435704,146.87449577075074
792.4102063874486,160.4308743399872,59.92107761897988,148.57729183513172
793.4390131671561,158.87983713864176,59.4344798943733,151.28537175745117
794.0855949811057,157.34931081605208,58.84539649051115,153.47222572747486
793.6791654646779,156.44540883826375,58.02433938376413,155.05201099687622
792.291204621378,155.8478418776785,58.20267706119339,156.30478731086086
793.2305220022467,154.83510075764246,57.73219225711272,157.38710865940004
791.8057559619234,153.94236258750624,57.25712531012577,158.66203014957102
791.7128627899738,152.8550907709551,57.30554071000198,160.25640690635723
790.9624664989738,150.66174745486848,56.950681198114694,162.59972925210775
790.3230533915585,149.14391001398874,56.521399464642016,164.17934134013552
789.0251080754629,145.87895484584374,55.705934362961635,163.09401205621677
787.7255746200251,144.58338165982636,55.02391053744793,163.6158813801406
786.6876308495208,143.3109433124211,54.18391239158228,162.07860570831292
784.0289221316531,141.85930501204436,54.62713234425492,160.41033050929224
783.4504950075036,139.4449798036003,54.82319995190984,158.96468464245848
781.4973356214782,139.2767263426624,54.14336712407665,154.88573574615793
779.6772781544709,137.34496716956073,54.40369008306994,150.94822154917895
778.586665146035,136.57416649054534,53.7876808494686,146.5617919394973
777.95950497322,136.46984186273227,52.97963280215441,143.94491018926408
777.1094283584349,137.00806380132494,52.57155520248563,142.44951858559062
775.2957654816034,136.63929462355316,52.60766844508584,141.8000779572551
773.178593894165,136.07021420767975,52.93068664208789,141.24314587251325
772.4860750646526,135.87715573883804,53.002598929179726,141.71936859711624
771.7763037880069,135.804923990126,52.67879121506097,142.1274988733432
771.2583293945919,134.93274896114914,52.90742369863777,143.6110499703728
770.4207953986308,134.16041199407474,53.08896368209885,144.7273375143124
769.7176078839752,133.41360249459365,53.35254243341025,145.59015364347783
768.7345316924763,132.97814687498092,53.18410967427259,146.81201804441974
767.8353356070153,132.29194834426005,53.454982499910926,148.71796673921952
766.9957167601527,131.1716670664852,53.77312571884367,149.75361889723956
767.3999847784684,131.68311326033538,53.41904321013976,151.44713619276678
767.6074103608358,131.67429647000912,53.42400919504402,152.61803870671548
767.4613135278764,130.93476454936933,53.61996216912205,153.02614393364567
768.359665342976,130.6894926108201,53.18022968359914,154.15120941432843
768.927978311944,129.33129905193294,53.44585737344035,154.95143797516457
768.6950907833315,128.2542278304134,53.76364949058748,155.98398443946678
769.1922736584536,127.82001172804905,53.83779689532689,156.69965417156595
769.6360448788676,127.02826883231302,53.61507792699865,155.99786855686432
770.5692575318719,125.98715597117709,53.651891751963845,155.39534896739912
771.2450548414819,125.49416358030138,53.80432426096361,155.10607318148544
772.3711680312089,125.34003910662494,53.70691045589618,154.33005630070568
772.2472870016668,123.99246504274294,54.40162765938572,152.32568765524582
773.670467052235,124.01466731933365,54.73493217006559,150.02401586535478
773.2574662795317,123.6059327064518,54.65840411818971,146.99661047068088
775.4920276331363,123.68665801012673,54.845501847076775,144.88914283642976
775.816514043628,124.43144707790125,54.859744722905184,143.85699339465208
777.5675846170615,124.66095265602343,55.08823421225336,142.60737931596816
778.1371230439441,124.59710384638535,55.091066242536456,142.51661118979524
778.0230919762137,125.02295244056421,55.610707445704534,142.4822326197351
780.0014835335451,124.70483137122552,55.61991392073284,142.302137888219
781.4181332587884,126.36003180898085,55.06375985598835,144.41360199912802
783.0521975525329,126.4404738986465,54.59504185008824,145.39011498986355
782.8544611143303,127.1512064350843,54.6260843287443,146.35872798476748
783.046357358498,127.5183216433839,54.567377569769626,147.45198789791073
784.7252339935741,127.52500746535341,54.17159248313486,148.13135937654937
783.1855660876265,127.61768825317034,54.49953402317948,148.8959115410736
786.164911961689,128.09834333477374,54.094644765288834,149.83369738998226
785.7736546133394,128.2766773772284,53.48192261220306,150.5631135517084
786.6012014537713,128.69849528130797,53.37317738390752,151.62431070272436
787.2684077384289,129.0132610337542,52.40305275724025,152.4830081149538
787.5237276306119,128.8046771932103,52.18563090009154,153.77124492932327
786.2433209907,127.72113554287948,51.99007625808632,154.10476001461475
787.1438638453214,126.85846544305815,52.060627535575705,154.35204271055716
785.7816599181189,126.55369033180807,52.59138204487298,152.9969352687583
785.2642553517562,126.0895024340563,52.90137646459701,150.95920107318824
784.6149137878242,126.65661282489933,52.40987676355792,148.87250110782833
783.8324360381251,126.29943331863043,52.68391283985257,146.24663609273244
781.9422830709959,126.6112474754249,52.31096951034763,143.51333451750105
779.9875180719855,126.69149462645225,52.5428919720526,141.53288915801227
778.8720036658754,127.54870286511553,52.44315982846223,140.62309115850707
776.457693664438,127.5914291001387,52.48125391809842,140.55877503566518
774.2419587698095,127.80535857034795,52.349056409992215,140.37676603244722
771.6992929333217,128.62295358016013,52.418486040579026,141.0471759407251
769.7106698654508,129.35359866928584,52.3980410218407,142.90881514479787
766.7341578575965,129.18041349335704,52.380750057996075,143.0775234667931
764.9841295142536,129.9071422888638,51.871150315391105,142.99625849701061
762.9579952418674,129.82839190831962,51.582143645014696,144.38371147424738
760.2198633204251,129.85766178260505,51.45219964030389,145.4508894848089
757.9423150740957,130.75886094370045,51.31720738403081,145.66605140622465
755.2301866275454,130.7322562987207,51.80874504647957,146.5447899735088
753.0381781978051,130.9071683983514,51.58960820036327,147.18517559213382
751.1661908160664,131.1753521145114,51.15502461423122,148.00410620211113
750.0365210232105,130.7617124039146,50.89088593036604,150.13573826441043
748.3031828148432,130.59573046600508,51.40923194472634,151.17342852534603
745.9467585543233,129.01681662136627,51.133859297248065,151.22010261202354
744.2224002691652,129.4598884718376,51.29951913157189,151.45506577410274
743.172381117472,127.60330108359801,51.52701862995028,151.4418106113119
741.1906309423742,128.46081614335145,51.50287430775202,150.52979095551962
740.5669799587318,127.69047095744475,51.3469373824816,149.37837555722194
740.0168980626958,127.61977519703636,51.16240781422522,147.99403372633125
740.1405234006247,127.66245140467248,50.47526186611239,146.2754136699915
740.942371452675,127.28458835373858,50.11040491148668,144.45572749845232
740.2365354437823,127.78549739976071,49.89892062014455,142.46354694102644
740.9819177916478,128.42081075465362,49.85399711761252,142.19857087077463
741.7856209843653,129.01478379792934,49.720603345474075,141.05159429012932
741.9137421319496,130.0822350531566,49.70572751122506,140.03575444179938
742.5283138969073,130.63951608904574,49.83874013403455,140.01661618765567
742.3283665938343,132.3616192539208,50.150141102440045,141.67824911037752
741.877133980124,131.6146985273077,50.65528397315984,143.07599609685786
742.3291264206716,132.5866343355485,50.97342199970319,144.29972368157866
742.157997487454,134.0321129091492,51.046466666522726,145.4867623115074
742.1726468610623,134.04635889493267,51.222586252717555,146.7544671582922
742.6968631649215,134.93748300699656,51.564137179811866,148.32701200591123
743.0865204518658,135.18234414661745,51.88488914854885,149.53306797736371
742.3241492712832,135.840665362893,51.5350567292498,150.8235331841254
743.3695543332346,135.83323847237284,50.9862910065157,151.28596050776062
744.2195586498473,136.45562336143502,50.678596926551286,152.58520518352418
743.4077858761658,135.22155587584402,51.069891664244864,153.93158956152075
744.3226297266241,135.91504009309008,50.88944040398668,153.20836629189984
743.9573795200099,135.71570418028946,50.62596166119789,151.85624418363267
744.5882683991852,136.1891413127685,50.469977855789246,150.74451561567224
744.4732256124546,136.46431111687355,50.42943518556555,149.0355959426886
745.180992594529,137.96120714799315,50.73295520510521,148.1811650235616
743.4529035914296,137.86817631588383,51.59459690683007,145.59426173340395
745.2781647290968,138.18491766974833,50.74039721564789,142.1564222122442
744.8107205802022,139.0161031775014,51.253036464488886,140.06329200522498
744.5116277826809,139.93694275351385,51.53971987108726,138.4584353391239
745.285175157099,141.45452074699926,51.847004180135244,138.34608942982024
744.7562390023995,142.66726819575348,51.76313104142182,138.84618743163435
745.0407541278023,143.90059935037007,51.870095186825935,140.0013999316663
744.9569110793104,144.03670666581272,52.30594544167696,141.15683146090674
744.9920398914136,144.72243444708394,52.482110361592504,141.8722100906403
746.0955192670475,145.60552399381953,52.534288287113,143.69725352181206
746.7855156417526,146.4733058131202,52.285863850347845,145.10836546991118
746.4398127297721,146.44560602525408,52.325102652080325,146.9137489523893
745.8019424029151,146.38334108298997,52.66667240401912,147.89549626798595
747.6650060894868,147.65786053312786,52.32840962056689,148.74182308273703
747.4165681165392,147.5899921847643,52.02055622400135,149.40398031312122
746.8824067534631,147.46417422391755,51.890998801266036,150.3819397797938
748.1740214439643,147.7296693563451,51.381792190191526,151.5635948072208
747.7996804262618,146.9848223033367,51.72184299023557,152.20275459336
747.1242783984599,147.98568401869412,51.75591559289752,153.0764483951586
746.9185523758379,146.65417988708947,51.93622778454471,153.5853748369262
746.2932886620528,147.2429081001354,52.42195728616599,152.20064828031929
745.2913577651066,147.64351108684167,52.552038591090536,151.4572432182737
743.6148335972113,148.4581948839122,52.77234929031495,150.34190053744365
742.0452093444853,147.89357645583243,52.785023994726195,147.6450647007321
741.9023077609095,147.33663300626824,52.49126014670669,145.68386309888388
740.3896970047577,147.40616544811857,52.210491678312465,143.9091657002296
738.8582405493776,148.43480320210085,52.485399952308285,142.0433059790082
735.6332847679288,148.7261031276944,52.34502144562596,140.74387110584848
734.188127922689,149.44393810089105,52.54585387771324,140.54155036351858
731.9712765193202,149.865447917481,52.767559652285186,141.09935670766416
729.3489550943667,150.2554978139318,53.10523247808324,141.86822010388755
726.8618562532415,150.6068452850518,52.65636688213546,143.19957371892903
724.8935075152099,150.61316763363988,52.19473128553628,144.33519700614315
721.9147574404204,151.1523452525617,51.81628010683771,145.43983017352718
718.623275022818,151.2604747410901,51.51002899584503,145.8839504274465
715.6116554407354,151.66468375931584,51.04078597464657,146.46419365636825
712.728681797874,151.4816289974605,50.69954980394841,147.8109554527802
709.3439412328837,151.53234870464675,50.48370035226382,148.5175758499998
705.381908608042,150.9512210050712,50.40817091353194,149.08357201281515
702.1932110419459,150.76906906594903,50.10897321888062,149.6280442515312
699.0198312622368,149.8637174673478,49.9378861939788,149.6032154987367
696.8873565284981,150.19852929910988,49.69200192122183,148.5289374515532
692.6851039838298,149.491487951326,50.06840985784868,147.4642687261462
690.8506881407118,148.31001429648,49.81261209424029,145.66169727515705
687.3773456252516,148.9701934089508,49.71706508857001,142.9794231042087
685.1610643473128,148.62236430517586,49.844024140266555,141.04537683635573
683.1120026014461,147.8935718399132,49.75632800614558,139.02997936026483
683.4147896010899,148.2913268037599,49.11662201797501,138.14462408069662
681.1846338245891,148.60409660666204,49.256633468742635,137.1074668382117
681.1489750967392,148.30492154660453,49.12318821232158,137.56399439670506
679.82327471363,147.8361846701104,49.58636704708242,138.15705996540336
678.9031821638418,148.27854685236423,50.21093437074157,140.1824627638291
679.1537392966515,148.2281677359138,50.19372071175465,141.67208026873317
678.4238175664788,147.02496373703576,50.81144924671541,143.13258419038985
679.1181028201845,146.53027399343546,50.67775761789734,143.78237050551706
679.5986267910491,147.02190028515136,50.86901146449837,144.4679578535733
678.7199618587046,146.80781040224574,51.02636943873797,145.9619146827543
678.8883119972929,146.36464905364775,51.32824686122228,147.4198425258815
679.5184963864543,145.55963000232865,50.81665159812408,148.23454891198224
680.5413999015838,144.83850345138802,50.319178808778645,148.63625178192987
680.4135259415551,144.26538600127722,50.00959717713906,149.06482363245362
681.874259811657,143.49717373514073,49.63182297941586,150.35050206358562
681.7479740028725,141.61103160078886,49.88319621114256,150.78307728878656
682.4914048813368,140.72757315050464,49.56016640344795,151.692285556409
683.0755328836985,139.3476685858963,49.43472894501967,151.1996168013331
683.7947440338831,139.10141298685497,49.38836823579892,151.2876171735433
683.8827147668081,138.16779006572142,49.604188013292365,151.04446424643174
684.4009678954924,137.60025320949416,49.72239645948359,151.43368471362794
685.3259032514741,136.46080639611083,49.54001026938606,149.55292467675935
685.1280620319823,135.80402019425946,49.822216886457426,147.20122699035895
685.5036782936455,134.89732174471044,50.12915408568796,144.6697938532936
685.1284048887402,134.73796757664337,50.636819865654296,142.96954409769197
685.5076473809995,133.1944800673374,50.974284769365156,140.75408896341082
685.17206403894,133.63235009425978,51.1427898676763,139.7299145388099
683.4931533078246,133.57849130836314,51.25405051791073,139.3966068534926
682.3858235371108,132.99727647204224,51.858038181477255,139.70043585007463
680.781542515923,132.2082376244806,52.37055005676913,140.19773494641254
680.7652066030743,131.3228471841323,51.97516263235022,141.49195615832974
678.8524988366669,129.9228281604856,51.89188413631052,142.92392133822963
677.4143256702762,129.7365688531199,51.62595275150177,144.3032766057168
675.08041129565,128.9117317849983,51.55126212209177,145.49722504229686
673.0356843785829,128.34585642143352,51.70286929561222,146.59055577024418
670.8390466069542,127.38672774525253,51.72741763168571,146.84027073750485
669.7710044790123,126.58670908156265,51.0044637730218,148.06705704397626
668.4454100287409,125.83269558076589,50.453175695262615,149.1188020259546
666.6404325288971,124.63668455395973,50.07079680594252,149.4021316719589
665.1247149171049,123.17763215543769,49.80282454737977,148.87973716327787
663.0070637804121,122.20858441945205,49.4329622928724,147.16808121045972
662.0151075923383,121.85081353086971,49.094543717329344,145.89532814776538
659.9019773626948,120.21034014981169,49.12325006513565,144.16914476385483
659.0722322383177,119.34126502032888,48.78075023400992,142.34466270050905
657.4111450660645,118.30355951253668,49.21888541492687,139.96619435970916
657.3143916209518,117.53139640134015,48.49188338400576,137.86584318151324
655.9358828096531,117.32697175980286,47.848122474575206,136.61875610422862
656.0812818524124,116.3777109640204,47.59460607735926,136.28465078081553
656.0773799281611,115.5868941770662,47.635429960294275,136.14011774877451
655.9687688134452,114.6569987896423,47.610255373114704,136.36975832468585
655.226085176762,113.54096154270694,47.55988215175307,137.28235657172277
654.4050616750609,112.42270337704294,47.98960775451296,139.35298746949613
655.3796126954974,113.11395869017528,48.1582062904221,139.83160088192773
655.7617884477776,112.05614550822636,48.23132394641851,139.77986097957495
655.8429004789549,112.38624789461063,48.2914531636545,140.52828431292366
656.7242089526599,111.56890771629446,47.91342183521728,141.77881422409473
656.7565918577125,111.15936444736913,47.59836527365498,142.51267042635217
657.2868785997975,111.00328429315294,47.452198685122404,142.18853547578567
658.5093367202913,111.04507020956372,46.88653499712076,143.3230123347137
659.6012507943074,109.40106028262886,47.06095746706978,144.68187731568912
661.0086218156964,108.79033604322241,46.6023617598934,145.5424318893392
662.8716658637177,106.56829554706584,46.615322383257144,145.93132756365918
664.0854783324914,105.42958905440202,46.52249339755276,146.04171164502566
664.9890916666536,104.92045595650357,46.95236494623895,146.45778639261087
667.1668866003015,102.96770004408125,47.1888437511234,146.9839196602503
667.6390158499564,103.03651307565787,47.577168798452114,145.75727370249717
670.1493839693471,100.79052086149085,47.9502261425868,144.9575444162316
670.9361611825159,100.72972868664877,47.81549660829353,143.1445830105294
672.6063488324888,100.08485647397109,47.303900528928594,140.94801099339514
674.4011854764863,99.11510947860107,47.077769320859154,139.60704724907353
676.1706104996516,98.32837683135946,46.86090070458218,138.40517055594688
677.7365137633311,97.96960428598467,47.26713886830898,137.8600906676773
679.2039274488071,97.81828991715626,47.16373692574754,137.39359066550028
680.8880459333017,97.00852334773077,47.05693069711496,137.90221541525977
683.0032452510361,98.59355673474357,47.12544697100894,138.70867132533147
684.5386449889345,97.4710435592227,47.201757718982265,139.4631360718734
685.6860131486645,97.05842181070587,47.28683817007565,140.86278249725942
687.0178760907353,96.6069834606693,47.26521214326445,142.25032396531313
688.6635588949622,96.1223110367566,47.62083397301253,143.23718620286814
690.0103118155868,95.31291770082322,47.792899392215745,143.6778242474537
691.1578821099265,95.11625520865056,48.16668838041013,144.5472385901288
692.329070071089,95.67166170895149,48.06065131192119,144.99307157894498
693.578000094066,94.91800905618639,47.924998678686755,145.6749107284693
694.5932547381698,94.72475131588712,47.90143666945578,146.12562018797354
695.0997296199489,93.59358673764521,47.52013693651042,146.0951842039239
697.0360796206462,93.14971510929398,46.99881132285702,145.65324677939773
696.8893674483055,92.46708061387622,47.079774762224794,145.67366570690928
697.418869793892,91.01423660514311,47.142893550894996,145.76743188942982
698.6838886843956,90.5966804846602,46.984788753286274,145.55997485072493
698.4783187827899,89.69372829008705,47.032024884994556,143.98362392409058
698.5049690865538,88.56265954821805,47.49619821354756,141.90880776784445
698.6012298375937,89.13251099207972,47.26620822965896,139.55592374208248
700.1846389540514,88.67136164496927,46.883688655114526,137.73669559418607
699.6856283753306,88.70112972368695,46.34347927418807,135.30677903513939
700.3685081080715,89.542659731282,45.88594600070358,133.6967414004205
699.9560510438683,88.90763659052789,46.00330417942199,133.26448725258456
700.3195036958847,88.77238871227675,46.14080713001275,133.25688743589996
700.9900811000094,89.70982202616446,46.13109670443069,134.9019893177986
699.3707418852945,88.32001607637056,47.08394702030469,136.36949973404137
700.6715244663192,87.94114536626638,46.64533046665383,137.03569355332476
700.5799938042653,88.37419411905444,46.52026203311871,137.41373476540002
701.7033448367254,87.94415047304719,46.05725959988966,138.3542492346649
700.5699417653126,87.69947285029998,46.50465506099076,139.6471684326053
701.093053401974,88.31617931845427,46.498535223184255,140.19325288132174
700.7270704125651,89.1514633886085,46.44258674706494,140.8523518323829
700.6707813483068,88.89529981078215,46.412796558931085,140.76656586843342
701.1782544282432,88.8272519872377,46.38312012438118,140.93725694169433
701.061122205624,88.80671606112543,46.111892478440694,141.0843864229081
700.9960038234726,89.11933178481766,45.846048063362915,140.92999340306727
700.6151351349689,87.96064917019775,46.129308617994226,142.22281355879787
700.6130354534702,86.5523945616917,46.33569377570281,142.87335650345585
700.1453950975622,86.04352431760901,46.54034391090825,142.9273537221777
699.8183521515455,85.63457030879438,47.19918891671149,141.687169860916
700.3207126840513,86.19756588640942,47.34855360704819,141.43916275262194
700.7435178000195,85.4431173266,47.28816775322076,139.8787794862697
700.5376564305299,85.38018061230463,46.82260489249134,138.31238895402214
701.8344057053595,85.86610914103193,46.24646130804216,137.26676779589673
701.3177232092318,86.3896486715457,46.07513298288417,136.43806131825846
702.1404360913192,85.72529436754958,46.13781039864105,135.54533294886423
701.3889751387823,86.22877517337317,46.12334205255516,135.1899554260194
702.6044279791824,87.59896627604664,46.06195059866822,135.03255623764022
701.8570135032078,87.9088607005502,46.30965356737944,135.5724695704492
700.7594668454387,88.91414794535268,46.53286108255598,135.6146516287721
701.8235463952147,89.64915535674217,46.74063399937645,136.07403331611732
701.9080122397165,90.03982683102268,46.622091283579174,136.59283241734573
701.6809427097842,91.1210925951427,46.78500368819917,137.35892385015
700.9654318821885,92.0921398134983,46.771971693488176,138.0044391813526
700.9095022964805,92.31058315206491,47.066495631812,139.25366848436772
701.5390557896402,93.07090475843654,46.63738827117536,140.43966193887604
701.2974997840354,93.21287112012452,46.58467795047956,140.6014860979292
701.3581367979452,93.33805026702211,46.09685437117297,140.92543202719463
700.7010055378264,93.02046898094738,46.21801751187106,141.16147531161482
700.8964758297377,93.63690532535759,45.58035387220892,141.50435082797935
699.4212732745689,94.4910328535106,45.70468676651252,142.00503174770176
699.0010399003102,93.92207870165764,45.6950819656144,141.84345103010642
698.5915893388358,94.75496634896021,45.236586528847994,140.7695426459589
697.4319356988601,94.9602783104221,45.81727972646294,140.95382833139922
696.9549196192932,95.68590259341627,46.17551017451422,139.70777769574687
697.1405841324206,95.90324300882173,45.64271754488211,138.912603592393
695.9395124811975,96.9133825990248,45.725881822441174,137.2460423053489
696.5622571464878,97.71807983175502,45.07803676132698,135.18224476729287
695.5365529609712,98.38013208520644,44.9320724574182,134.7273740474498
696.0603149153142,98.9429100663819,44.63305515435738,134.01021698155466
696.4399475469143,99.67703510964958,44.62020961895958,133.87170312777687
695.3984870771733,100.54422122478611,44.9464964422687,133.82350791280837
696.345632727026,102.11087043635857,44.96102028805579,134.98974285682044
695.9885510182262,102.97971415500359,45.16827993806959,135.490936769094
694.2753715895561,103.36761185321119,46.04638311341824,135.8976741600018
694.8299671549736,104.02581277283161,45.739685614423124,136.3796102571623
695.2910167778921,104.98105199567466,45.603123611475525,137.2836011489396
693.9244235883434,105.71848288336153,46.201739630389085,138.41097278344745
692.7873309169024,106.84557985536227,46.53648055054917,140.40560582003678
692.611886450244,107.02571164720408,47.08123630300929,140.9575899537337
691.5921232932109,107.6313058794943,47.089995176279594,141.01741212643657
690.9024771390585,108.25057367618099,46.909347265658795,141.73758887246444
691.8095969014572,109.18687003722391,46.26285452316432,141.27492924058856
690.6023237051622,110.09025008221872,46.210514872205636,141.03427999997945
689.336010032158,108.97462892547205,46.51960739575022,141.96361513173298
687.7749463633788,109.4515903108344,46.641572847093265,143.4409798880926
685.8702334296001,108.70452632181573,46.79292838879927,143.47983054240711
683.5326815593776,108.48323480895799,46.616185911135396,143.07177547655843
682.1502618580192,107.82520467413278,46.444118022439625,142.76810646573705
679.3492364849614,108.1579367739474,46.63837953820863,142.25353535826326
675.1928909755471,108.56254513255209,46.81113410989356,140.76886986576244
672.6269108217631,108.94345968113787,46.740302726635306,139.516992121664
671.2385476412998,110.1772316134188,46.19724945308619,138.12563515247263
667.9376960225463,110.67258118513868,46.6450496830858,137.25235302416814
664.4060324773172,111.46241858580316,46.89159239167746,136.26829194087202
661.2704729205708,111.89895400034848,46.71925151752989,135.6748444116185
657.0142660948674,112.47160479640564,46.70385697954474,135.62156571531716
653.9869326258982,113.70992711192284,46.62462232141373,135.86433508002557
649.9683476167049,114.1129056695541,46.834653439043464,136.72412322309435
647.2694951875371,114.82549349744889,46.37277444270369,137.0782793706266
645.1088268756461,116.28488885945558,45.14211626591823,137.93765160285102
642.0449454307094,116.22396457538568,45.0656288200982,139.7862226498574
638.0987063025838,117.31054615352626,45.158238969507494,140.68534919885272
634.6527968566563,117.53283853620503,45.34289834216673,140.89934586917556
631.7764829028181,117.71580941415036,45.245891602473904,140.86692407869515
628.0875661893153,118.56698966792007,45.30936965609678,140.87517980212039
624.1151604711537,118.49509047668211,45.445384209790646,141.56282449378133
620.0944842538913,118.26621871637346,45.74544178347571,141.88060677172285
617.3172973442469,118.1107006416051,45.64553207920497,141.4855950882937
613.6433543384032,118.53488573361686,46.082678669047766,140.43984230515483
610.2729124697688,119.83652102873131,46.14163043381286,139.51428630118386
607.4821528905651,120.66949813057667,46.141288573085916,137.67047821518037
604.4335743692609,121.17678396058562,46.09219918243612,135.36160778711894
603.1373784643386,122.53789204833619,45.33096974785036,133.62424559454323
601.0033506449145,123.77975853006836,44.938121932871674,132.21794776692025
599.1953328051917,125.04746286363427,44.36644637345597,132.01865565214135
598.0620793600858,125.73842778850448,43.76073298588142,132.16669895170054
596.7022129829785,126.54971555658352,43.90597924603195,132.3228163762816
594.6190054017737,126.98655671462949,44.231604136682435,132.82894391660446
594.3306197468619,128.61493980265772,44.74973757044235,133.6338256325463
593.2594332861123,129.65080253994205,44.44357147331059,134.3442337372318
593.7481412824342,129.73838387338125,44.539167832656524,135.50648855368314
592.2978491371913,130.6257104528063,44.91111232974646,135.95089057061435
592.5040422087951,131.27188209422212,44.83416619637106,137.19107187350653
592.4186279111038,132.25948014938143,44.85124082566058,138.0278281157117
592.0686993392796,132.99724506760572,45.10527480651491,139.38011381194747
592.6384971920763,132.7493139673381,45.422676614692705,140.05469112230782
593.7786828196566,133.6859397269094,45.11029063193945,140.8229939587866
594.7077291247218,133.36052908539548,45.10540668288846,140.64723674392775
594.9507493703319,132.95581094696914,45.263011180205325,140.59682309097087
595.1855590915173,134.1853640599482,44.83825593788998,140.1989444250561
595.7796118718483,134.53495623064157,45.05454416938046,140.8499849362313
596.5306410260771,134.14832254381488,45.195896185973226,141.53657838704788
596.7354153253749,133.74434230079063,45.44531615522578,141.7640550192794
598.0105994899103,132.93709807154283,45.06889945197895,141.72889826846256
599.2746303634283,133.57529399742,44.2028692362769,140.6344467487633
600.6745884911549,134.55074483935817,43.650907826252336,141.42899293895616
601.6182228885064,134.39208118783426,43.32407110800331,140.98603438766443
602.7305420125161,134.69057163057641,43.46839347895663,139.15212885389522
602.7416118010372,135.84297113954102,43.59417413790612,137.8328853655604
604.0001642301818,136.932046575331,43.51286482519491,136.35860091615683
604.301608843581,138.09218749172265,43.45227623993314,134.921749147098
603.5189867809914,138.7302369987013,43.814115580909636,134.38574807310886
604.6000036586142,140.0251564976402,43.705827572276505,134.76796379515594
605.7948608704,140.90234964724044,43.948856745735526,135.31975177421475
605.7683736350637,141.91711949214636,44.09630740959796,136.0711657301091
607.3131560354827,143.17548592265578,44.27889026424697,136.64214658750456
607.6560162370382,144.66169932920198,44.49010645657596,137.0041576215496
608.6844845370241,143.51696194774172,44.60330940776676,137.93189262979334
608.8795518930768,144.56306610584673,45.133951182058134,138.67845041160575
609.6386008348026,144.87140157626092,45.33757387489295,138.72056093964562
609.3432284108189,145.60063993762725,46.19104556621735,139.9640004347169
608.8358187049233,145.62380800791956,46.84823192375203,140.33828640449912
608.6803515468099,146.03083465834447,47.750760220768115,139.87802484716624
609.0566974440308,145.59948839227198,47.64845130272268,139.7392650525366
610.7113486556274,145.92649879477892,47.34451854276796,138.8784650953678
611.1130703996913,146.95359646302947,47.496085170740294,137.88852606932966
611.9176400370185,147.3635311422954,47.075635724005025,137.11172690045265
612.7271972611873,147.52471110666613,47.1576243669074,136.37861142681027
614.1455656136206,148.32782021849238,46.498767472373956,135.708689248938
614.8491609582646,149.65458761500577,46.21502122106652,134.7336902749648
616.1990650541142,150.63408541013496,46.19612218616681,135.00904274340704
617.5811507802586,150.6752547939539,45.76413075707133,134.9917517092548
618.4156233474172,151.5976363036588,45.98908446747298,135.8878522514753
619.6250200915924,152.37002722894906,45.74957650539808,136.54366196507323
621.3148325967438,153.15400309960538,45.34274721996425,137.0297518478298
622.9744841834187,153.98872010509638,45.27343927824296,137.70762504204797
622.5937860484087,153.87884996304481,46.075210251968294,138.46357407496856
623.4684186497473,154.1643998022863,46.037600666051205,140.53201268460202
625.247049580546,154.57746691669763,46.03477405759715,141.1042394234155
627.0836178416118,154.86673548714268,46.24018019713223,142.4850573984159
628.8577815664113,154.72136640547947,46.64644974384076,143.80523322291327
630.184458845427,155.01250667442537,46.53592303042903,143.77986582245742
632.5770941299921,154.70877141272092,46.66027989889033,144.26421080018577
634.199036306976,154.46136241029862,46.40301525584485,144.46825356556275
636.4517413609879,154.15292304337262,45.915473189813476,144.47938412284003
638.6154615723323,153.63485312544327,45.79954199487727,145.2485216741719
640.4395489203134,152.81789175028024,45.94134937937463,145.32385305868377
642.1655746752369,153.47513019284781,45.496543410146444,145.17919183307163
644.2025359468686,151.92657294760514,45.63192710696484,144.63394873574265
646.173415745073,153.03539928926264,44.88119300608505,144.24313859889065
648.3414543153528,152.3773243157449,44.42177716618478,142.77683643945034
649.4794583281828,152.91602900594896,44.244301340384524,142.25852446829055
650.9389849671126,153.27182285848303,43.69506937256833,140.20696987002628
653.1141014485897,153.52468635962686,44.067567999884936,139.17714739206497
654.5469688312368,154.5640846054447,44.42511509494235,137.9579643190084
655.5191809798688,154.76473786865085,44.9212897623695,137.76927057054448
656.4313732306196,154.4500532464242,45.008502274341495,137.61933936371906
657.5999479590532,155.63205469163387,45.53559036439498,138.2116786936061
659.2239718202247,155.47119876032215,45.62227588980882,137.9218264564409
659.9962255324484,157.7178524580138,45.87786724217882,137.6632249860454
660.3373920806725,158.01733162416832,46.20595005740516,137.92500212975338
661.9781612090349,159.1613059046314,45.94286015349425,137.73474248217252
662.5054214814162,159.2065656295976,45.807992428364955,138.2268796541731
663.1943210554724,159.0276817588312,46.065088008913115,138.4665882224796
663.0403356255176,159.41188947293185,46.94395632880651,138.92967747300446
662.3133609228668,159.79870015630053,48.05179488353566,138.8650023938991
660.9163692958983,159.0619488150399,49.45099654796448,138.50839929486517
660.6169789917583,159.26683150084,49.6939322413314,137.2144903919425
661.5867119741423,159.6254467455363,49.14678261796349,136.09021587927452
661.0880487232362,159.554302369779,48.1890710490971,135.0606031663268
661.3052653703811,159.60301620874353,47.236411965737005,134.0245747694227
660.0229500216731,159.44961463282226,46.946070539053345,133.05251902119502
659.9846855791812,160.3837389311458,46.13012185207285,132.16422204464988
658.2978067428426,160.880418400149,45.746363140625476,132.00301040688686
656.7106576184084,160.92143143006862,45.17184179987882,131.88859751138313
656.0864468657165,160.31047458564717,44.694943204478285,132.49619324663945
654.8448019181669,160.11631207119433,44.78600163519153,133.0952003994446
652.1539352748762,160.54554274958247,44.59416467030816,133.17152709093568
649.9826359068014,160.3275422192636,44.82740652626957,134.07624170333315
647.674782563949,161.08983180732037,44.950478438720154,134.74934228529148
645.6941467281537,161.48099673086315,45.21301058165483,135.8442763418238
642.1447982107571,160.30711379045246,45.55027926027722,136.81443094315756
639.2213071389929,160.08408187633358,45.967020772702114,137.8963100341898
636.8211407620948,160.10826926356464,46.545291415597305,138.4369286302607
634.4857710755812,159.62340419327998,46.46665925999916,138.97685975053963
632.698952509421,159.65662798965224,46.35242374408042,139.30102455141275
630.4721101983125,159.25211735639766,46.51687515859483,139.2974481259091
628.9858939107211,158.35484274480856,46.333840938810106,139.2377757666746
627.5918800142243,158.05037064004202,46.10241425258592,139.03977006270594
625.7174537155822,157.38032027181558,45.82885264241156,139.01996615228535
623.6860853492308,156.24162629982382,45.57433816967012,138.9911934078686
622.9461872023012,155.61325351712358,45.187798952321735,138.36364720519504
622.4876067414604,155.36510153042482,44.413301138728286,137.7727789087714
622.6176529412372,154.27686250298888,43.61318141878954,137.59939248076364
621.8213935288002,154.5053198148206,42.98421152944547,138.01409296892803
621.7117898352952,153.4649510858435,42.77849370836365,137.41288224191524
621.1859182042718,153.35529155126204,42.7530977120256,136.4493296117449
621.2658903563797,152.7679645339669,42.86779378914627,136.5139311799427
622.9899959741678,152.53960385279765,42.47807759827825,135.8917663909674
622.4989025039167,153.38478797364996,42.94906083251601,135.6172143371214
624.2019009584441,152.7076444724222,42.338873192412564,134.7803356539232
625.3146539768405,152.9265911008148,42.52089293343653,133.28101921465054
625.7466785359287,152.69824460975133,43.25536576312086,132.7226630968553
627.0750698175328,152.9395241901194,43.970489480430054,131.76484755270005
628.1581132969293,154.22187485483877,45.21974675991849,131.32587053890467
629.8275548997711,155.38818179501163,46.31488884186294,130.96964332485686
631.9915236100198,155.5456661887406,46.910451482400745,130.88456771514666
634.9665999364815,155.21674445835987,47.035355859201424,130.7346439635172
636.4013635826062,154.58506901424389,47.04252849142106,131.00433219639564
638.7579611956443,154.8650990879778,47.004156072657054,130.89043188855797
641.2023232488864,155.17475745132882,47.270970048295496,130.75283984132597
642.9106934627252,153.89935779966717,47.76697581164274,131.25830528234457
645.9313774453057,154.2643771748637,47.432388280136536,130.9205689854694
649.0457830335496,153.57173897174366,46.437480988536336,132.2885698366502
651.7331816960897,153.28543982851073,45.89284475812171,133.01576433264208
654.8461206945994,152.40571180515914,45.734642351617374,133.2752795071529
656.5123373525064,153.09738332863301,45.52641987030673,132.35315288014039
658.1576328894121,153.09641604612494,45.346977392305334,132.18631483711476
660.3475983612921,153.4737405291507,44.53483576472274,131.66879281751255
661.2189683582726,154.01248119442153,44.24666320316521,131.33562729002188
662.7220645139553,154.64261841963986,43.86472249587986,131.11734669601526
663.9204934841514,153.47795716471865,43.253759426245836,132.19891332073348
663.6069607435567,153.85412666203544,43.454686297787525,132.68246268803074
664.1946490366697,153.49479050013298,43.22147532473593,133.6231077455717
663.907832358482,154.57762481113028,43.60199133077141,133.8086583008232
663.2681172933022,154.59904599000419,43.88250334503826,134.23708206374758
662.6744291123439,154.18587847021197,44.25177025423034,135.41325425748204
661.2584604552416,153.3426197784644,45.070498463897074,135.86728360482147
660.7784168664996,153.2276084587544,45.35749005746544,136.2792004572027
659.7886758999929,153.51437650096793,46.107997409713946,136.16878614458807
658.5003197061824,152.73878107995372,46.55595589680712,136.66747995731197
657.4854488785941,152.84351447327538,47.14999093653557,136.54845625282246
656.5877194696989,152.32081076436702,47.635296627609506,136.37733191709913
656.6491167018455,150.97652974604267,47.89302453365454,135.97819263309964
656.4691755795486,152.28982085736052,47.67734275141572,134.9481420400263
656.2759140892778,151.5487020452099,47.30066991925538,134.8890612477321
657.1472837805909,150.29524102560111,46.337767668129416,134.72022277936603
657.8736107447892,149.08912350407417,45.49980154014011,134.50970634803946
657.0301983656673,147.6944397995818,45.2058753799957,134.43542868027245
655.6699380503828,148.0746577094466,44.989868519948764,133.64134220896875
656.9418732380873,147.5157356103253,43.67178447285561,133.41904630291754
656.7023836089519,147.06807784651818,42.91191421044306,133.0724375446431
655.1243518538417,146.65936152543196,42.18278389589529,132.4302724800208
655.6145658864453,147.06186691431873,41.44177906097838,131.04282961101114
654.3255892472996,147.4088071345023,41.35632787454816,130.5581320738146
653.1535581026661,147.25025879679228,41.3655620254638,130.36121653171296
652.0235518194337,147.7170644316502,41.81642580347639,129.81916232962982
651.0278310230732,146.4329973696321,42.38597165378104,129.59451438541345
649.198865120737,146.44382310320728,42.85895906720302,128.3843505929762
647.6153395792712,146.62640556544596,43.51895272177454,127.79478434351142
647.4546411020914,146.44928811823524,43.798030844004955,127.28524982589214
646.9604371948818,146.91410054531656,43.845234468169735,126.87842190061211
646.1517350074205,147.55241112252543,43.83437894586041,127.29081637310173
644.5553279147223,146.8600809292463,44.309654774475696,127.6587682664273
643.5028357303455,146.5515691772573,44.21475806641671,127.7416839065022
642.7433612333992,146.95976158289383,44.27562831828196,127.79367242963694
641.6899826262552,146.6209630725881,44.90828208179476,127.7205841160428
640.5937539081185,145.98524647797004,45.11717561807433,127.94296149053586
639.1339917002266,145.56570629229344,45.802874588682855,127.54534692990511
637.474261127715,143.8159380027243,45.91753703528087,127.97368838346358
636.7041199831747,144.57696739432245,46.13903639875562,127.07893230650889
635.7502411674967,143.68279046632335,45.76271948520505,126.995749788415
635.1794713959488,144.46728706761672,45.06985098348583,126.2459128153242
636.4433051101195,144.1094990757905,43.66986993648443,125.84879405868125
635.8720674763409,143.08727522255464,42.265873846695975,126.32268142904002
635.728364096252,142.487876733103,41.15715707839321,126.34474252995258
636.167379594143,142.92348947639505,40.210911628854625,125.64684463836394
635.802125406524,143.84988870898553,39.42859892579187,125.14881456860692
635.5424068010474,143.49744830713047,38.91548198711759,125.64856017586965
635.6428387114468,142.76358107228424,38.67035436757543,126.70844297935002
635.7975688505809,141.55272221650029,38.720556175078556,126.59778988517755
635.0595257716483,141.78151590306447,38.62588971224675,126.45785947611287
634.5042077719463,140.90041410288399,38.541936573619786,126.52924583957346
634.0491227251813,141.7978960707623,38.65394575654345,126.61884654195467
631.9089782227726,140.57055182203686,40.505774163368926,126.62412793872807
631.0226242789033,141.58812937947286,41.54328593752092,126.08024646544237
629.9051682592341,140.6192910584674,43.11340406826342,125.77803348571862
628.9799096176496,140.07437783639622,44.58208985447847,124.9156855047359
628.5087276882662,139.98327072499433,45.96054504687303,124.37827479095905
628.4754674155051,140.02986187972206,46.7881194525825,124.08293002201088
628.9621532123754,138.7032043437322,46.96107666571923,124.44813698356273
629.623616747206,138.06002388279276,46.5533471473083,124.34748447007787
630.3160455571426,136.66034609560378,46.336400699348246,124.556234308677
629.9854696956977,136.57237649172237,46.200125542832225,124.25088728873672
631.9882873656733,134.53557615691813,44.49678970239289,125.18836644688591
633.0214053393436,133.63828361149504,43.372638484723666,125.42978276408091
632.2562045500501,132.77496850474742,42.364134919572834,124.54285206258287
633.6467288407704,131.89610727065246,41.02817174443559,123.97173022191964
633.4353065252513,131.07537881677757,40.3105890244759,123.63784580963161
633.1279710808967,131.16745314616463,39.504362786987286,122.66373891225577
632.6284770097461,130.9086900491169,38.65130396273578,121.86237441554769
631.870037105709,129.42396532547687,38.34119900766454,121.69665292624332
630.2617551134315,128.45082016964363,38.21098006947469,122.77699187863777
630.4725856619685,128.01441648429417,37.888141305319266,123.78168027775048
629.556979427204,126.61030718215089,38.47483501798192,124.70437174809538
627.7272769824351,126.98298105437738,38.86569141890275,123.23886447300276
625.5367116844327,126.432344433888,39.37338890180936,122.79689788205707
625.042661533367,125.87973622291757,40.081160840760774,122.35700324385542
623.6870141840609,124.99541070959684,41.13314627137508,122.2607162497907
621.2575365539276,125.78460501367333,42.596654515879486,121.5913472906665
619.8957661262289,125.47748142914014,43.4609482828447,121.52166775818718
619.311792618405,125.0577756042077,43.65839906121433,121.17971975934749
617.1404699529014,124.76672776587651,44.27909743749426,120.71325803530645
616.6331923101836,124.32427845410561,44.70102627048391,120.21130582495545
616.6774036027047,123.70359950812346,44.80772944408988,120.57000934804233
616.0008878958329,122.90701625986395,44.676036574614905,121.21374937237431
613.8876696258749,121.90250520225746,45.44722308973542,121.72481545006593
612.6650696265048,121.24146831246284,45.04494517557286,121.94663588607301
611.1101019370235,120.63111769257277,44.97202709422342,122.4163486424242
610.9090868510306,120.11272586903323,44.162987443898025,121.99763502464123
611.4966534403923,119.65029746847202,43.02750812520704,121.86194375867075
610.4609403063715,119.06245607300136,41.35745833428865,121.33017627895931
610.2570335449541,119.24917438331498,39.710209801535825,120.84293366394061
609.4469756388728,119.39627243094148,38.619169245442706,120.70911021335047
608.4641814065284,118.34689811496774,37.90478696885946,121.15539743572916
608.0649026443618,118.70868304693414,37.535589127820955,122.16648307125467
605.8485677442602,116.9672206057941,38.11205298777766,123.22369656017844
605.1306454223402,116.35599788901018,37.79484110543343,122.40431574557732
603.4755887827187,116.5029293180379,37.65364184271486,122.40633853982558
602.3967449520013,116.06516014975567,38.31044771303488,122.56497569326169
600.6564198104857,115.73659374607169,39.38938963157932,123.19158076177537
598.5243784936554,115.53055534441899,40.975059827801054,123.83118066843713
593.966450551091,114.84339641027002,43.614393744088076,123.7523469530635
591.522296727431,116.35381821500158,45.74305139941906,122.4703798055831
589.9017171803322,115.57356594919696,46.922273876719245,122.2842958686407
589.1853946971753,115.16232938740833,47.32284212660994,122.57547959354775
587.9591932624894,115.73002517918422,47.90895836058273,122.35634902731853
587.4759230319944,115.29345669839941,48.3231571219725,122.47899621752201
586.7644966823914,113.35350825123797,48.73166214871617,123.11360760082806
586.8349236521084,113.47208044616103,48.49142798433893,122.86146191677884
586.4804980507502,112.90717060385855,48.26550729164687,122.061538192227
587.247625546725,112.32903644302029,47.32089434757931,122.13783889591494
587.6118469338969,110.74291261944286,46.18350499950118,122.24798994730563
585.7335356839365,110.12375614499389,45.36392606051827,121.92004971093135
588.2040949418202,109.82945875129485,42.790520996136074,121.8525545964053
586.5958116791394,109.04722616708358,41.99989586347789,121.10592500393308
587.3990479796154,108.6687600680965,40.334664865870494,120.91982946715075
586.6715045411588,107.90352433870567,39.580476020279974,120.35957717295697
585.9253851927368,108.04946762765516,38.71809640619564,119.20270310249664
585.2707773743264,107.9105485776501,37.80993819505517,119.68050308831663
584.750181021862,106.55875480648791,36.745821413594726,121.52160164557938
583.0170986054635,106.16351859074167,36.57820886640203,122.44244280153723
582.1281441659604,106.51831052174298,36.803955336579534,123.58644728220125
580.6375078801308,105.03885823105074,37.59636415396626,123.61400115557791
578.0469166605468,105.97974787869676,38.683196255152126,123.08498706280815
576.533429710421,106.01900686154505,39.37864077651269,122.14479693410193
575.1860538920512,106.80447095822379,40.52652027427519,121.86041413659558
573.4640338854965,106.22553072643205,41.52149031057803,121.99719598644003
571.6987883246363,106.16307254127676,42.5216266940629,121.54197015675749
571.697144026158,107.23492831343435,42.931194288679386,121.14850644855528
569.6485046940445,107.12459634619817,43.49103885180146,120.9333614860092
569.8057786842439,106.83775357940371,43.696112184020876,120.78964485943042
568.1884908657931,107.5824744244864,44.140933668624584,120.09058156100775
566.8167214752457,107.14169672570362,44.85576017707547,120.15349303099916
566.3267327660498,107.6868452385425,44.624987373261035,120.15242368171302
565.3514259816972,108.04528188803795,44.150934298823664,120.74948256312676
563.6296341550778,108.07137276256196,43.62846494302909,120.93021660296768
563.4327918388108,107.36728001423256,42.651174081178425,121.66755134584228
561.6306521703212,108.11100766484338,41.75316364612367,121.4242737437097
559.982285577705,109.21470973725316,40.7139474104272,120.99630654480538
558.6854055233516,108.1029493718576,39.7489452071986,121.54108558209978
556.1760031707319,109.25023409343565,39.171682483849224,121.34846630755331
554.5630595132398,110.42583283885931,38.59530725420164,120.58855213808661
552.3133334830715,110.37632582581321,38.55192455577961,120.80660208616968
549.3808414635572,111.03077456680816,39.066756579122114,122.27576957038156
546.9003503023104,110.7464627905073,38.72048029565863,122.99684322257073
544.3969226563107,111.04225917158867,38.86515201679616,122.39598683224554
541.8192238680059,111.88004070412056,39.24504071279051,121.83430058679235
540.3638554809426,112.5863645442952,39.42618373310266,121.64949440291068
537.7460696104098,113.21497719501826,40.844866426545416,121.96390589746215
534.6373480116858,113.98415958598447,42.570038200653514,121.80073709560176
531.4556674411342,114.99355119555906,44.61993851488289,121.61053771300807
527.965961737779,114.96909361150652,46.70927996004558,121.96878635455712
526.9476413804861,115.7181238579817,47.39876748783337,122.34399220090884
526.8428128505792,116.10605532999881,47.56842483911373,123.2989552771154
525.5446300189687,116.04687293607435,47.737188449645984,122.88129686540606
525.6588060333784,117.05625182012595,47.59011973684309,122.6624426093039
525.1635047017735,117.88741145375445,47.72855068097863,122.82918675757423
523.368473279123,117.83313947823962,47.69721126263819,123.20690874147897
523.8615192554387,118.171527376453,46.332123593434886,123.66178458499056
521.3580719474862,117.58162153503483,46.30143724239047,124.31158997834478
520.6230752455206,117.33884539455136,44.548710023305354,125.22135715885167
520.432875767988,117.78677328272562,42.474825740913374,126.16721576467476
520.2614258074465,118.88214119966,40.30791092276907,126.33778063766941
520.2005584144878,118.54511870782622,38.778034976607884,126.0981720688048
518.0650180483501,119.73729883394783,38.700560620839994,125.17494362770353
518.2773859714538,121.52329264411479,37.778270442614726,125.26807017172203
516.8522654041619,122.43213258475322,37.111894994327926,125.16221673411737
515.5325269384788,123.18706286108292,36.88993532024072,125.61396137268872
514.9339009505035,125.40865521783873,36.57157076005092,126.0354521810277
512.2926341903374,125.85181406334297,37.48597073546115,127.3031085462631
510.1082812706836,125.5164079686339,38.383270114960425,127.33024421628731
509.84673052020287,127.5350239976689,38.96867209682409,126.23836447412002
507.66566325270264,128.33356528159874,40.07593478657915,125.85286301721462
505.9115513716747,129.37931486347094,41.36839068822249,124.7404781475224
503.3411198115905,129.4797062881742,42.55876047266706,124.58646741677367
502.2665304156647,130.70948954545975,43.49662327502425,123.88182043116376
500.6183986118109,131.80834578186796,44.32098332018612,123.48951822426986
500.2474184141253,132.28141527937984,44.488011497959306,123.29822973602863
500.6345356395496,133.06753798358406,44.36143557400817,123.17390155059691
498.7773168394066,134.02512841490235,45.50373772583839,122.75771980676525
498.173375563934,134.42000621844988,45.41327673754564,122.95950069773993
498.26545634939674,134.70660557846688,44.88248751397502,123.07099328763485
498.44021278684914,135.10560290033013,43.74356357110753,124.13575823405729
498.6800910211483,135.2852424503476,42.615330382652914,124.62886966174756
498.85003749379666,136.01142020368593,40.85928603297549,125.35533810297738
498.48059024068647,136.55225571089792,39.38628698069367,125.04411636929221
498.2522004001671,137.58492595863447,38.23907479562063,124.0924422890337
497.5033574527907,138.6637600610236,37.294066264790544,123.26564507024025
497.7415427281081,139.14260456299826,36.4169764291445,122.16631368951039
496.9245799570349,140.24315421477974,36.0947589497073,121.99879921909255
496.33579826873586,140.57294094847774,36.571710377338405,121.9778384392843
494.8488007494339,141.40093768866134,37.002753832079925,122.3223332401671
494.1973680865267,141.68789353273803,37.31729087982964,122.3046377919429
493.37505818966594,142.95192475861631,37.77669746535268,121.90577794448015
493.19519617938425,143.38910283657395,38.25788077630123,121.89569557510971
491.7397722522582,144.28501253879205,39.441379706870194,122.21839910463348
491.2007155064056,144.9126607145671,39.942737496079815,122.14232867471424
488.8571846931282,146.42348546547055,42.37869286042756,121.7404558986764
485.89834902470614,147.188935307875,45.010338911550946,121.63486670638302
485.3870856022892,147.0815877128346,45.897168555490495,121.92325870349072
483.74825106523434,148.14854814548954,47.62581602792322,121.91079326916528
482.34302052604386,148.27154366111316,48.635161355037624,122.68219928400725
481.4876169883781,149.43433801805162,49.47937846693313,122.9289472438669
480.1483501626513,150.0644256389584,50.25086985344827,123.17591943342696
480.74170479288324,150.3495318497474,49.683232791852205,124.04392286363267
479.60210749009923,150.43784260174513,49.39634968822226,124.90239311741156
479.2109467879311,150.27539102657852,48.78386887984337,125.39831568777251
478.29521573081695,150.24406980716776,47.282543718757374,126.02308839898248
478.1455004614512,149.74402847493377,45.43772124197067,127.27347647765029
478.77087159076495,150.14709556846276,43.313037025392575,127.86154380769747
479.87631792772976,150.49299842121096,42.021448007087265,128.26393668675763
480.7328521669134,150.67790781556567,41.13258623858175,127.37024713188535
481.683025337253,152.11265965192612,40.20621263569167,125.63015909045868
481.16605884827027,152.92098531854214,39.88487451265922,123.93614511553452
480.8377149710559,153.90077934670433,39.670006402277025,122.4193200897391
481.38230785982057,154.55819901758719,39.60746413938094,121.50383592108437
483.33559023122234,156.70582209304476,38.890861306825215,122.64712689098832
483.93041853694723,156.4386191712822,38.83450178113737,124.41534733164323
484.75757687648394,158.51182196916028,38.73960533006846,125.08792338337855
486.30298089189364,158.89685903403893,38.75951078115215,125.79587981602208
487.5038684277143,159.3320706234,38.92374475415809,125.61862617150632
489.174179553222,160.63405335994116,39.70870138345267,125.0672200741869
491.0776561365369,160.8670657191003,40.12893108196566,124.18207096121343
493.5352672667871,161.72656713748404,40.36044830434492,124.5407034126845
495.870295012249,162.6718269374782,40.68486150238594,124.11914111765071
497.16267605664075,163.990438044155,41.309220640866954,123.20165583800525
500.55378232834335,164.46267555632798,41.391444723896086,123.01232868801463
504.3279341144719,165.10531875746025,40.93630559560873,122.83021983320494
507.8059524786907,165.62057301585958,40.697501571333646,123.11231872397617
511.276566235896,165.49425982827654,40.13184435416433,123.1093801710874
515.5498374724526,166.91223391830394,39.31464434168335,123.80155799239066
518.9321403163908,168.1349440112648,38.4641397776167,124.86190181403731
523.6764026971365,167.46172372623647,37.704723826550165,125.26613689541213
528.0365692424282,167.2249412641838,37.1525378230641,124.78900576839675
532.6394294240534,167.92266471043953,37.09688669656888,123.36737287719218
537.5162735486923,168.34919151949697,37.50452580935158,122.40387445256111
542.1128220228318,168.84930733738216,38.017629460743066,122.42284791017453
547.1735032152452,170.01904917656717,38.719683785816244,122.86782716057651
551.4084612383897,170.5418280650819,39.042994935266904,124.37822860824798
556.1974408145938,170.88907703284576,40.191544877097,122.81074054134206
561.5484112145529,171.68879344637148,40.914901814300435,122.70941598207474
565.7757876406014,172.16151445965494,41.581755788985646,123.25026894032533
571.0634317703375,173.3802710836717,42.66304559347816,122.55222378997858
575.3372743925416,174.39343485983363,44.40846547449723,123.26369111375334
579.6753995400463,174.4492574807225,45.98411108402893,123.63165327525391
584.0581930449164,175.0909485915156,47.55130205127841,123.56882314049788
588.095169781824,175.13679420722997,48.78861643024649,123.82085928910645
593.2039254339643,175.18542649949418,49.700396660389835,124.94569973082315
597.5508520009422,176.08084302367993,49.803849587225,125.18473576204151
604.1124588800161,175.70388006345345,49.65691508780519,124.76790391195613
608.1644996764792,175.53690948411844,49.36362021896957,125.08121161526023
612.4978828699076,175.2538734373402,49.413693622456904,124.87616256452202
618.1219713995621,175.03037147442276,47.79759091922719,124.87384432629817
622.8752020216717,174.78022011649054,45.924911108113356,125.03391243470452
627.9532789890419,174.74659894106225,45.23130352194461,124.762130808043
631.1563604090641,174.19450829309628,44.30179759565771,124.49402018140569
634.710954963795,174.4052856158645,44.041336666127656,125.0074906914135
637.5972160092678,174.9972426149137,43.78540183256729,124.50879711367571
640.2835082663215,174.12127588823986,43.89968426944843,123.02591830734929
642.1024591573148,173.70782071267655,43.74386223180096,122.70586065138822
643.7797770166146,173.7530475876738,43.825110273653564,121.55955544189052
645.714810571543,172.86094898882408,43.65331038524752,121.11567069798534
647.5759813636266,173.95094399187667,43.37274078518056,121.94284350125213
647.1791573600352,173.32809966191562,43.682701808778205,124.72003440803091
647.7032317602648,173.60227520066792,43.59882264638045,125.40851428030967
647.4366893771137,173.14459325468232,43.83604116169095,126.90257311189421
647.37574848462,172.36424917849888,44.2187689654696,127.35333563655266
645.1809723143622,171.4427827966109,44.93882810759038,127.26651092447557
643.3585401014101,171.98425270561148,45.309786540986536,127.31169379381426
640.7833887783075,171.92677495279406,45.97863004641419,127.14922773558531
638.4676791522236,172.26462321089747,46.170124104795434,127.0851577848349
635.5561981525424,172.44059313084915,46.32274985766726,127.12958081586314
633.0527726065012,172.45414439899133,46.05727352665386,127.15366614874019
630.7772050250193,172.12968472111805,46.272096395611506,126.97420849604865
629.0774755182258,172.3065486178709,45.616265187030315,126.48722523572413
626.9182029165887,172.30551791978013,45.51124834043888,124.92747840341295
623.8632984391705,172.02996426067716,45.18064715809875,124.00376618064135
621.4224433111112,171.6650054143696,44.85179566189811,124.38360800250416
619.3740578192504,172.12596150189748,44.625680655476756,124.5729773416162
617.045303331871,171.151085298359,44.333749627794234,123.3432599248559
614.8752719295815,171.38035545896707,43.93641619213885,123.1613285475789
612.4647000871418,171.63876831273495,43.97420082626759,123.09224118948092
609.948085735831,170.36708491056746,44.22734491890388,121.96958736202573
607.4486337186813,170.71510656946327,44.13712236628902,120.91567361447984
606.8017659218509,169.22243339689834,44.18053871747242,119.43834534184235
605.7059401462086,169.60723062054336,43.96372893643591,118.00663764525038
604.2933993672816,167.73507440571538,43.630268814907495,116.93173573088171
603.0628298454,168.22373700025238,43.74020727807389,115.97422440536825
603.4797464741516,168.4671869493405,43.325193895095815,116.336589069322
603.1637041864527,168.4677666224986,43.15243677327756,116.93584161494307
603.0277846208805,168.9046937701624,43.49522218806028,117.68089107575713
602.6350078545032,167.9625298140229,44.436742941479075,120.08729911146067
603.146937321379,167.14993579151647,45.35659481171302,121.49953335055005
603.715372764323,167.445265113924,46.04821883225047,121.9444652351768
604.3286218046624,167.25220940704827,46.36565283184064,121.84273879788077
605.2308841469182,166.89149139353526,46.42448092290256,121.83385180826326
607.8620442754313,165.95971314708643,45.96508959043693,122.70384119205295
608.6783073524647,165.9938334951985,46.176870143752566,122.54673838217423
610.1283277654865,165.91842314017475,45.86999185432994,123.23116585987609
610.8123176422519,165.1829995533034,45.90671190319793,123.7661165773772
612.5242812434728,163.92137363069008,45.20563120878199,124.46558490571996
613.5786983687362,164.06729237788505,45.07812067727994,124.14011896248607
613.9700276670859,162.512456109423,45.05372811232278,124.66275322083047
615.8421099902794,161.35910509227682,44.67737180791565,124.49849678382466
616.5444162828334,160.70251642025505,44.21521886569479,123.55642701177929
616.8274297450856,160.57773446442707,44.36211499111715,122.49158119061664
617.1599462476833,159.98824464355442,44.431351962537704,122.23666607890584
619.106068306186,159.37803347841415,44.03405527900405,121.06801193785765
619.0638950343514,159.0413206919274,43.45427339993614,119.03304441390733
619.4860724347667,157.63946940143225,43.440688197589395,118.60109955494097
618.7033629351203,159.27126527743528,43.3538657284528,119.18250330159213
619.292210189682,157.45745331327925,43.32555166480971,120.05692359945684
617.5436653942783,158.0374072061162,43.61330402112007,122.93169761081052
616.0111557708663,156.09260986353132,43.849559306151946,124.74591602377868
613.8159515968882,155.54218861522594,43.81872589385418,126.88225952365485
612.2851287049525,154.33409304896824,44.011510002463176,127.50927681469382
609.1845500673777,152.6717327618711,44.35815935448659,127.36574401478835
606.4920251379996,153.43040114662233,44.42408451460382,127.0036886698083
603.619264991187,152.63386200945533,44.35779669894562,126.81472575208754
600.4642153081027,151.31551323786528,44.16813829839059,127.26770032239781
596.74205737621,153.23339769611528,44.20919011646059,127.53484287821831
594.2912823388464,151.6777899524708,43.78687620803366,128.36261515299813
591.1777444366086,151.0715562740649,43.769663091152914,128.19557246475833
587.2795865903395,150.65306851797072,43.73559834393298,128.22491231200686
584.1289786213099,150.74677061586877,43.83856637244615,129.18784521623974
581.1656906445861,150.79279418737767,43.74959361983912,130.08896964590718
578.323735437112,150.463424135057,43.4675468700229,130.518362283126
576.083170807712,149.63178884789792,43.46350147290846,130.57645450127353
574.5698560476112,148.38972155715857,43.57661518691193,129.24962807468034
572.6166828287467,147.43324349572754,43.505921095390065,128.01214088203645
571.0208340762085,147.903963093271,43.17356025848642,127.98815402230717
569.2586973857036,147.26602794457293,43.60169087063638,125.87031823640557
567.8414094693688,147.21331407357812,43.25257949322284,124.26271730903791
566.7638851177895,146.47002529318468,43.17389764180082,122.54956042043817
565.4123315546253,146.8237479993519,43.398409034486534,121.32488098071806
564.2213726066765,147.86921121019904,43.39498647818998,121.31925929611481
563.1119470173394,147.0705879377282,43.24237912643825,121.98613026503725
562.597484850455,147.27281186522393,42.79933743199359,123.9251215122186
561.1049864917119,147.8136392703897,43.228187766194125,125.39229744949142
561.4581395465418,146.91428491674372,43.6411288546392,126.99177445767427
559.787100644135,146.15593645767828,44.13614717115644,127.67351472983961
559.7539385085277,146.29927867171682,44.10854634627642,127.57013897764776
559.3011234296574,146.56150165934702,44.22688891112894,128.09650846545347
559.1007045441859,147.56532077313736,43.92862475717587,128.13897843222395
558.4408250250318,147.26329427407643,43.88200250790918,128.27713944326047
