385.5,460.5,17.0,47.0
383.4744925627404,458.14954698125086,16.51196644121535,46.68750739018992
382.7733173862672,459.32288984037433,16.443133494143495,46.62524049327785
382.1922379634678,459.0299016696136,16.48452474635853,46.63326611878067
382.78794226275346,459.6435485097422,16.493494565755856,46.433594065377434
381.4871110515302,459.57963850427575,16.805727323590595,46.06698109052762
380.6707521171889,459.8375728004768,17.287442904408554,45.90514602788403
379.5520993922587,460.5953746590978,17.80066135437574,45.83723124782925
379.8795029602419,459.96039505191885,17.91001449386858,45.65502569301436
378.3442122641553,460.09308124339276,18.024982988168908,45.443496011084406
377.8970118361447,460.67168982100077,18.059187849812893,45.13372577435598
377.9497269003162,460.2652597466973,18.096074673817775,44.55122712207479
376.92616066886154,459.808094654033,18.309014264679654,44.632125229041904
375.9340481835651,459.5733181425065,18.078451036801468,44.26196926819682
376.9049796414796,460.1361682957777,17.441382074867967,44.306670057998446
376.07754415959494,459.9941659398315,16.956719757311063,44.9277623713141
375.17968978611646,459.40150095188494,16.71575114373332,45.07358173948775
375.2111274535562,459.11424915060115,16.59206263520222,45.130047724848694
374.44495627243793,458.7507593940785,15.969436735719887,44.88382483053394
375.28450710556757,459.02511032479384,15.593467841906358,44.76254221434631
374.034969853317,458.83383318740806,15.609280761171863,44.24672634236647
373.513988159808,459.3123832848845,16.335567846472163,43.8968457242493
372.66775128954396,459.362194150088,16.98847530854257,43.77698777549419
372.27478493946785,459.9895202144735,17.48899095857155,43.31509667453615
371.633724353189,459.25560845714483,18.050922202120727,43.34359735994687
371.4663812168593,459.15837466412603,18.210239659119694,43.42483197574681
371.27178187074924,458.9838753645961,18.486300696379708,43.47639445668079
371.60922523567405,459.41749165112117,18.398706339710483,42.95684880022027
371.24010995921753,457.86302674819405,18.57472394859274,43.38988410724944
370.77044540118413,457.3987331904469,18.6844674528393,43.971360176429556
371.04989404635415,457.45539001344775,18.400059893095758,44.396672486009535
371.3534230777708,456.5165664339913,18.356576025170583,44.48412656402034
370.78744027851235,456.1431242815987,17.276366016006214,44.9007294323621
370.90615030093613,456.42274595982724,16.489124355939612,45.00333831646755
371.13399303103307,456.84718017578837,16.16073205034295,44.809612311036034
371.8956340490386,456.6515666710662,15.969740544536634,44.54857776528556
372.1738482985493,456.7928669659308,15.936567751348823,44.46150222571969
372.0075055472852,455.7267423417254,15.879740118920576,44.69017045091418
372.82036394002165,455.4009832914683,15.887599368947239,44.74559495640044
372.96636629190965,455.8115149951655,15.978019228340738,44.28336369970371
373.6170144574611,456.2068409519375,16.09406806344421,43.72508331013604
372.7406312031655,456.4534350123822,16.522748740393265,43.52830199476192
373.5892843879507,456.3278204361817,16.520938333919354,43.61056683568246
374.5375968491634,455.5999990874352,16.30803447701536,43.64198229547401
374.26405681176493,455.6039180246625,16.365769746333186,43.819590281047724
375.02551740124613,455.2409071315769,15.88840415895403,43.819663137432286
375.21277779170276,455.4165617984982,15.857616331112382,43.813546265795495
375.2821162068214,454.85084789843484,15.56646055263954,43.91962182631348
375.18645943118173,453.9388355747584,15.095145155230437,44.37676343419187
376.44007789945556,453.3267759022134,14.606507013619925,44.37460816971609
376.4703659968778,453.4195839728614,14.339104966381322,43.52212334174405
377.01681521958005,453.8195694136673,14.248979329051693,43.15759568265503
376.6628985639213,453.73919900840554,14.178449114501689,42.906788146897455
377.5069574747891,454.07250105678605,14.142565727847732,42.78603760533891
378.2355663173586,454.0416270133149,14.081383713942847,42.67440755254704
378.23474846689834,452.9705710206368,14.617598155460122,42.96469501588478
378.3321026910277,452.9350528387906,15.067640540712615,42.87574799794811
378.49256374824193,452.9835344781028,15.906863470611025,42.591905248379334
379.3828583553473,452.3307849336858,16.19128480403822,42.67045023469721
380.8223293710215,452.5236900960479,16.573969016281183,42.313604399671355
381.33382352447313,452.73637375968826,16.770733259502975,41.908576907825775
381.05686783421055,453.16882965453635,16.83127044135299,41.396006889255446
382.01259593957576,453.0726526922595,16.959420324982965,41.22959369177882
382.975211160513,452.17798765804577,16.92686158740066,41.50767946317872
384.38710301454813,452.0585172869398,16.36731409110724,41.193056550968016
384.67011817033097,451.9886306606036,15.990194189349703,40.914757162744586
384.70211534786927,452.8180155952592,15.894449185059306,40.53352022857575
386.182153709031,452.45739262250186,14.952928580747336,40.380889125598024
388.1091240149321,452.0603541964262,14.257316263699146,40.15981924541903
389.4632245560818,451.0596775723717,13.686175823642198,39.95625959260339
390.75585142129296,450.82714588026613,13.585142359562045,39.61548838542586
391.23136384499986,451.2706445398733,13.56574413005667,39.299141405338105
392.67769976032054,450.8025508802842,13.60939236586739,39.680012216699986
393.8032730993746,450.9758728749182,14.132003145492392,39.34697324278435
395.16083595526135,451.10277179897395,14.798869773806787,39.11912352799243
395.5204499332029,450.869037872036,15.317451952811403,39.0431686828937
396.0387225775995,451.2997760302016,15.722368107919287,38.85756791111058
397.15082985259494,450.62187700014965,15.691615691335947,38.72817414916247
398.4309988305016,449.8935246628079,15.754573042682056,38.7055199123316
399.6938584499028,449.5759343901744,15.599720340973763,38.919052938725514
400.94905890737465,448.5929229551023,15.16697807928943,39.47898781429412
400.3199244962197,448.77782695507494,15.144954748240814,39.621130605230974
401.6932431053043,447.2851298465982,14.44143100014914,40.10997688479133
403.0778961644514,446.6160304553219,14.07698728572457,40.29010438781813
403.97493895208856,447.13009242703805,13.935903972565733,39.57788607497433
405.86261922506213,446.7945092999419,13.995618328199381,39.39387093315903
406.29360457936923,446.22003986880367,13.603660761217213,39.569254349764506
407.1395363149331,445.9608603756498,13.40979338193219,39.12268983505747
408.92424836117766,446.61779865478053,14.202983444258725,38.493065538911566
410.21874736434614,445.7951200357993,14.945743937067297,38.569202472384816
411.14610156829355,445.2903565340441,15.701530381238502,38.539999689022295
411.5677042840594,444.9087669368152,16.169460360969286,38.723543322967615
412.6412338370303,443.8418645025087,16.865985792533603,38.97873412354927
414.12872808579016,443.08690725469114,16.96679938279768,39.07374879313467
416.0120827236396,443.2750271000577,17.331866916791213,39.030925564346106
417.67363003259067,443.03760230038677,17.192986652450475,38.723319242514876
417.7399735524764,443.55265870410875,17.196017481484,38.08441255055513
420.07628395193393,443.0238010638151,17.014813136884023,37.36905499235918
421.4913170594366,442.19454677585287,16.235367477756462,37.6637276374594
423.7792773245312,441.6878099056765,15.64420699357238,37.771034109059116
425.4660624975769,440.51150886528274,14.517310231465427,37.98609990253887
425.9896558086262,440.7660795055834,13.90374939686339,37.73147733946495
428.1091262116065,440.16614602786404,13.295492012991383,37.955759430287266
430.44773480071626,440.1517995637616,13.1072007686098,37.519925973423256
432.3419924576531,440.0500772498399,12.883539599786179,37.85148798379299
433.8330125933923,439.3121686238942,13.06199770896872,38.07029513341242
434.20794763713155,439.1914030835396,12.931296975929104,37.89084367446776
435.5862701336426,439.5113828672684,13.091277721050893,38.1447651299403
437.7465343439385,438.99653391214446,14.003679960706872,37.65467715914579
439.8511764780705,438.18171580877754,14.82580352554228,37.58275108045628
442.0166007845149,437.7577818417868,15.535506098261415,37.56917722338019
442.23289379775156,437.98758943109937,15.579146818823984,37.406266515866356
443.3672264393721,437.9496956380601,15.587615238814795,37.457095824823725
445.85398678928686,436.88512766155253,15.776270671187351,37.73681659477158
447.9680543029103,436.2399777650522,15.694357281666369,37.65223094789955
450.2626581466396,435.7036227245467,15.220131722351038,38.22154505427447
451.14590585008625,435.1583715726583,14.504932907216517,38.64582502414305
453.0593854150341,435.15088719660673,14.41777446892538,38.47324610743156
455.3360194262746,435.600509682013,14.202096664034631,37.58452739232342
457.6888828136808,435.5707952662348,14.25377183242918,36.583411375437784
460.084470359841,435.32137793163895,14.236406173092092,36.43138782119121
461.2272788431854,434.21920491959395,13.400055044072733,36.8317328715798
463.1937303871132,434.5324367782045,13.937950925485882,36.76916354541855
465.5916662409375,434.2886684595726,14.623017175600891,36.37442585302006
467.2099798547458,433.50876889316686,15.622485853288236,36.760758899443914
468.7027693343432,432.80945834437057,16.991251738911572,36.89855865456822
468.6620451617262,432.1573607908575,17.084309364627497,37.32869068700552
470.8406453457401,431.093189647252,18.180441420763575,37.90249627396781
472.9095797118291,430.7525213945039,18.649769019609685,38.48110484474596
475.57676527877646,431.38576168387675,18.935365823184448,37.92189894136946
478.6751109363328,431.4358867316488,18.766435013748065,37.89956002906341
479.98249432080956,431.5162406002088,18.28851717133874,37.50862532818492
482.63588754201254,430.9622458413545,17.299746781178904,37.50433471550716
485.47335632966025,431.80078657055094,16.55824941431858,37.34132221825777
488.5858835736778,430.7034565463532,16.13846655180229,37.11065544246502
491.60890967889935,430.44488410907627,15.00417324104783,37.27446177741855
493.2601851222052,430.45390250217105,13.79435621445202,37.11523160133636
495.5790271865628,429.21977097173743,13.170686329816386,37.22870850459558
497.87794552198454,429.57921200169113,13.398463157660682,36.70320277720967
501.99158670710796,429.19234288697817,12.843213620513247,36.73231823966394
505.795209614778,428.6735441328971,12.528021027829361,36.540451693718396
505.3826116814121,429.24203848118304,12.600666471415899,36.29629324979396
506.69387682308997,429.74442476635846,13.769926196605095,36.0627966170003
510.99867458689266,429.05823162242336,13.788139239861488,36.11984584298847
514.7256795225012,428.5340841147754,14.042000805717105,35.908849924675444
518.0155507930383,428.834156758999,14.422728941065134,35.48445393813868
517.6142882707717,428.9498416114208,14.554029510691404,35.443307465206615
519.9423642628356,428.967766192126,15.152493310255077,35.31935216330194
522.2230052817381,427.65922675943034,15.061527205677415,35.88580260500245
524.8199782852389,427.7903973443338,15.234912226660503,35.76514516269838
527.619073384701,427.24215632531065,14.70582860656318,36.14981345286181
529.0513669470097,426.7959672096146,13.771438005612184,36.58930245042629
531.4336579439106,425.75584276597556,13.959961461486934,36.638498271450814
533.9077238760016,426.31580234700175,13.727514964889206,36.11944572517061
538.1564573760221,426.2521025379819,12.843066000736815,36.2373752082368
540.5067820054566,426.4910801564936,12.870644357224378,35.40471839259631
542.2119685259629,426.27006668853033,12.07259674612816,35.41831629119026
543.7345611148481,425.6167164906405,12.184003222181463,35.739125046783684
547.4416036645378,425.7572083320353,12.543660798583547,35.6046827508368
550.4984062404806,425.38293841231615,13.371004133025956,35.12664912302043
551.7937080841158,425.089563407326,14.791996648605956,34.590583166394595
552.3876872159658,424.97368673578995,15.019387629977308,34.946218445539984
555.8446320054693,425.05697264744026,15.289929127019953,34.725675961225036
557.3565015934917,425.4430475581735,15.790449995073178,34.523423016570646
561.5156806506498,425.0994780507188,15.795505729633877,34.38949189684021
563.6436476729004,425.38164426401914,16.028669280347557,33.95167764524548
564.492748909677,425.7812278172455,15.73087519397855,33.555822298026186
566.441363884228,425.06629557153855,15.956461330691724,33.71342683880232
568.3013999061016,425.529412149548,16.24879468245255,33.87080481349774
570.9348243936348,425.1395929252291,16.357897951190978,34.008509224927025
573.3547748804522,424.27003798426625,16.058897684801188,33.99741359003755
575.6397714854825,424.07574640520284,15.150358437066732,34.384241306974644
577.5655661898412,423.38398832143855,14.865371020002712,34.329671441635774
582.4278033957729,422.54298899187455,13.721442033554219,34.41662477262357
585.0829313956712,422.6323087366714,13.43175011304242,34.26875836577787
587.6969386500934,422.7435426323284,14.027076496989697,33.71849798956779
589.0959821198862,422.55447695722285,13.38816662229966,33.95250971945575
591.2563401933182,422.86770970606256,14.041370820742003,32.911669602054005
593.527917593121,423.0084771066786,15.135774481372216,32.442479843646666
596.1319243324248,422.6604482807472,15.598278447375055,32.16115859068999
598.9402083685522,422.84478141767084,15.975184381772952,32.06232832539139
600.2615408597046,422.3424693058961,15.473760949913943,32.25069686027358
602.8176188056872,421.9864692072164,15.677060971492528,32.53042682877028
605.8341400456566,421.4451665963947,15.064208349036623,32.839821107668406
608.3911728419433,420.8918459990346,14.959799185753814,32.865296631040025
611.030163013924,420.65278805307366,14.446409105159121,32.75232089011891
613.0188973068231,420.4892694622239,12.862494968442538,33.2423514135028
615.0791218813802,420.183339528209,12.61476558403779,32.196847747558905
617.0806954055479,420.3055684614241,12.667674081509173,31.530395850652972
621.8517194289594,419.98418601220396,12.2858929109067,31.519936221257467
623.8273475917623,420.24549924206025,12.725326911991779,31.282525526782713
624.326683713914,420.13036156908066,12.155111063552734,31.6978303049194
626.1868108432936,420.3667956127665,13.03540364164649,30.98962381277301
629.9993144563043,419.337448471818,13.331752139959924,31.109066194950845
632.939556117564,419.0488850517385,14.004763270870527,30.968484447463343
634.8598926987095,418.31930135645047,14.962471437162602,30.749116138195102
635.9037353565424,418.68570641434803,15.122760278830068,31.041506508583144
640.0121117649937,418.207682253294,15.287579231641669,31.452035776755142
642.6207372798167,417.555258889046,15.59976908181768,31.615024761987918
