662.5,138.5,37.0,85.0
661.8941612750143,136.11749084802523,34.01103152635676,90.06113763626308
661.218187326398,135.71631445433565,32.277610075063414,92.85383208700284
660.4629558608015,135.12398240536942,30.982821646316957,95.52611987649412
660.0761556254214,136.41258113862364,30.183141544186004,96.43989993569679
660.9135274765179,135.37118556643864,29.05453976446696,98.47951411241611
660.255358786883,137.1561288094589,29.310467717047352,99.35986537738268
660.8210304330479,138.27257468799013,29.270631501934822,99.69744967546545
663.1322312165138,139.01639521543592,27.994363405538223,101.36331966793719
664.0979360422616,139.42132566732107,27.666507168387398,101.46694542369369
665.1430472117888,140.31415856057419,27.66565198059341,101.81058476147031
666.2413947675216,141.211682081748,27.20652512836708,101.94562266289407
666.9565832478005,140.8584256884964,27.728220192154502,102.32516517018045
668.2387762631963,140.9209971260163,27.49036580999873,102.4984690994257
669.339308031706,142.117343737078,27.42890254992661,101.07798074132747
669.2873551672773,142.9401120810004,27.310739209040857,100.87640877325501
669.2901479446101,144.7863900392585,27.72288353876118,98.93045753775377
668.673053086909,145.44481470893686,28.647412670428857,97.35774107479321
668.5805543258688,147.73336021887977,29.44000962974618,95.90855351636372
668.1158655242538,148.91272983571795,30.28688643993631,95.16009491566007
667.2976614882969,150.3026128747695,31.350719896371547,94.56315821759237
665.8651085294616,150.5842825158552,31.882230538163185,94.47068406584548
665.2988801847865,152.72213706845307,32.28365014722548,94.78163916047885
664.7098983209734,152.74135341611532,32.74684355777409,94.70145827671828
662.8820014186452,154.03840338577444,33.52642643446714,95.18086826896437
662.0103924751256,154.80766038361898,33.789909066265,94.89028420396225
661.7383681502403,157.10928070213134,34.1526921383618,94.13862156414518
661.444042619061,156.41861456283425,34.817684457219684,94.25232314644269
661.3423367676066,157.91027228533048,34.78656305880803,94.94435097652041
660.8726289163044,159.18440116702465,34.276392250754206,96.56348785119363
661.5992034130851,159.17710796713072,33.08776563086914,96.50199681209048
661.1595728143619,157.92798677718287,32.62009382107525,97.44141107652298
661.9724793847644,159.43668791907567,31.994886740298412,98.8252748907598
662.7037930717328,159.63591640848017,31.106457791177718,99.84836663612533
662.4231422362777,160.47671399712866,30.135891600339992,101.16996912881126
662.4558201776326,159.70368210046166,29.637678681039688,101.23496013867506
662.2314404066082,162.66604122715353,29.299189194405994,101.60198993216639
662.1557976538171,163.52151578190438,29.03076638843035,102.74092294851917
662.141383823018,163.74784335288396,30.141093030550564,103.3839433942141
661.9794073139103,164.7670884900325,30.6232279694136,101.88074640099532
660.8985078926397,166.1332212423977,31.148133658764216,101.78624177387422
660.0420141147546,167.40765536465284,31.365172065402792,101.43893807976374
659.1435392041325,168.7308816028856,31.346945876515033,100.88269222637557
658.7776942348588,168.0697616725437,31.655873003878533,100.36529301940953
658.3766541022148,169.33255667159358,32.17545997588114,99.28706341769501
658.8560218604156,172.5447259034376,32.20274419004756,97.04014223229673
658.7553948430857,173.3934023672321,31.715922324629453,96.85283757493326
659.3097686183017,174.06685386736677,31.851201315907204,95.99668044692307
659.1949843700279,173.65908727346755,31.638839667429654,95.49753448890851
659.1140050914416,174.5125129715754,31.561093109045373,94.91462570629449
659.3485380122273,176.32805091216397,31.57313646938213,94.2054515279982
657.771188324888,177.9359677929321,32.382481525442074,92.79813510330732
657.9683545211449,178.89215709529105,32.59932693501427,92.4857338726663
657.2459158162433,179.79487638455808,32.425648918219764,92.42879993280411
657.2933009816968,181.45614426649686,32.19069151753905,92.72551732749587
656.4344169602788,180.89980551100388,32.74364651868824,93.19676171870802
655.4335859139635,182.4980640582511,33.38991281740401,92.06038165767609
655.1240705467156,182.12861744427624,33.27346532952937,92.23483093974109
654.4792149328696,182.2320439640182,33.474507137933045,93.00592006896977
654.8732223224786,182.20989255794285,33.234021460086666,93.4276117756784
655.1523036491686,183.21701200760234,33.23804957780946,93.17590570659779
653.8838227111145,184.07804360209633,33.245178852370664,93.713519689317
654.4023072818202,185.01989146147588,32.98649241292831,94.11880302405515
655.4505540893304,184.82894048032722,32.09259021712806,96.00273905446008
656.4547784652481,184.20194393895886,30.92486301289603,97.12611955522851
655.8300719033515,184.85958100959797,30.632888221078076,97.76427249029001
656.5944466273348,184.13116082371022,29.07117681222948,99.21768090554892
655.6662665799527,184.95806352506267,29.006706180370266,99.48233789851207
656.1113453748864,185.70941971316594,28.742198400340104,99.48700874965384
656.9262377782974,186.64209000282165,28.656304904209875,98.15471596563813
657.0393801930325,187.5283447657602,29.161971073046086,97.14803421476253
656.0374460748145,189.56595885812624,30.10912060239733,96.11646357130553
655.410828432925,190.87191424582224,30.737109122946933,95.34982760193616
655.250740638359,191.40216232994337,30.57905417609492,93.52995919934945
655.2941502202808,191.88684645723401,30.36422865827685,92.73797703492758
656.9461807561214,192.7113810238294,29.91114810684426,91.73186994025377
657.4456359544248,192.99309519550775,29.67300332236279,91.69894671765135
657.444588593817,193.97305760343613,29.633639027076455,91.42725778073894
658.3846010143506,193.15136867715924,29.28176760550399,91.7879532144695
658.492895233911,194.3586542303337,29.305786130017694,91.80866433849775
659.8461642056005,195.1676139816279,29.05195428519507,91.41765030103541
661.3269263980725,194.2266460758388,29.058184264264725,91.06594186555859
662.3001120201278,195.79681329857033,29.108714889928045,91.09453294385341
662.6641916822264,197.78451103042607,29.511297519580793,90.66892667043427
663.6615516020755,197.83560165863943,29.650578934917906,90.6987050609478
663.5612333551637,198.39487454813082,29.83640227008035,91.51601264404847
664.2799601127851,199.94050156265223,29.875978793670924,91.66004914234944
664.392169950345,201.22200220959093,30.16793775967987,92.63714055515231
664.8434422804476,201.1678195182404,30.208992144751306,92.63936776808788
664.9358120259358,202.84418569145902,29.946508043167345,91.91911508931426
665.2365231081615,201.40731076021555,30.062992592201788,93.34184995622621
665.9384857666582,201.50335419627362,30.289540531319247,94.65245292251953
665.7724676625919,201.8032125902137,30.351629300019802,95.90660724174082
666.7425264363168,200.64560430316715,30.490590665305106,96.6558566136473
668.0456108023928,200.4150340208579,30.08831917093067,95.97360783405041
667.6151511543502,200.14518273258844,29.95035516003569,95.72103837928212
669.4862464955461,199.88916434697367,29.58034756213197,96.15567923452654
670.159717987207,200.93695904004892,28.981139602308545,96.73074104580954
670.2784949006469,201.77336164688012,28.898842136198102,96.62538587868639
671.2926166835717,201.21762607550414,28.728966967107382,96.18878587542704
672.1429083278855,202.54595500210598,28.735295003934738,95.7203501920994
672.8733317652968,203.71206710060176,29.30320546286754,96.10638366074203
674.0597399694151,204.27870949512172,29.87335027060395,96.41495573281661
674.4030745129487,205.76322544082024,30.11224749918766,97.22833732408562
676.0714178532969,205.35342996218094,29.413438521204128,97.8006305175397
676.6844567791842,205.13382645109448,29.321612144763876,99.24552429966135
677.373644943141,206.3567462931809,29.351949872865077,99.88297996079496
678.4968414762589,205.04535107746995,29.477092823093784,100.29063529471321
678.9162213525062,205.25171545070663,29.625361788593658,100.35303931162561
679.7369329053862,204.7366981721214,28.64237426594828,100.33085447792692
680.0368627527026,203.44650794270154,28.229655259615583,99.18634637361046
679.2574215665356,203.12287106629248,27.61660612674633,98.34735935467722
679.2008277203911,201.70926685911502,27.108915122593846,96.67894513414443
678.6723461117734,202.9969331353206,27.042792721810002,95.05119190597873
676.9694569153888,204.36078918930468,27.125355391541426,94.08865764396546
674.3343692534418,206.07227375951405,27.530576720684703,93.68539546803952
672.5587987134046,207.53291451075006,27.72378666367407,95.58473784023178
671.5977061298707,207.28290321520257,27.55028062667072,96.80321288494011
669.4689892650019,206.06230830955064,28.521596325860205,97.62346236859955
667.5718372356788,206.9859863364601,28.724159299453927,97.98876328957317
665.616567051773,206.34337338002126,28.774977291395825,95.94427442736534
663.0902180911901,207.76584732203787,30.288864244162546,93.67427699995145
661.8843161884785,207.2678177780463,30.357212734949623,92.99855609773834
660.2529645084264,208.2566043891113,30.37341679505063,92.19527019479172
657.8628871095766,206.90162581169287,30.204885469855988,91.52420990311062
652.0854959528931,205.274339924381,28.331874280415363,91.56775262499997
649.4752992155106,205.03020358682522,27.914676393180876,90.73355570801712
646.151710015149,206.46100069898546,27.944946243641713,89.41221452687137
642.1618482219405,207.56460179204853,28.562054244731314,88.72796787758756
633.8863764380491,208.06283084464832,28.56527594972131,87.8166350845971
630.6076837928996,208.15919364294058,29.105866558471316,86.96189619569996
623.4166569989908,208.0899147208805,29.661776881518335,86.80617064977497
619.8114503105452,209.91902166433573,31.713832638170324,86.06390420015089
612.1869032576373,210.47875244481324,32.48884570455753,86.56056107028718
607.9327035154417,210.20768727794191,33.7872070038289,87.4644272248001
602.8200501308062,209.25426565490028,35.3660847112104,87.47820549514483
596.9810799166659,209.37253231424904,36.570547775904544,85.56359209450761
591.6982428106523,209.34442503010996,36.128967387406576,85.47621481178975
585.9961868422278,208.27478414412477,33.27017229605752,88.0558357914094
583.6015382868039,206.98120805282727,31.43431872636322,88.68157184870684
576.9356312981013,206.1747399090441,29.934910169588836,89.10155526495053
575.2102964237421,205.28189834586215,28.921045635622967,87.90842903462499
570.0858834166837,206.56211791805993,30.221415839192836,86.46627387727472
564.0613884207746,206.5973741925126,31.556798996599372,86.9588090354502
558.7735031192223,206.5481787172036,32.59415082986766,87.33187618979593
553.6244560234065,206.43227991995803,34.00162765089351,87.71027520790823
548.3367722941377,206.83069910534124,35.171305869929355,88.80413884634288
543.4746821394376,208.25673077597008,36.21552306745198,89.83540537340185
537.8654737197744,208.10723026735025,37.375625583353326,90.79007631823859
533.1835377349294,207.76281142993872,38.30471743219371,92.075121611775
527.4059090859085,207.8106863951466,40.2997530581773,92.04566535308638
522.4385212767551,204.61565386130542,40.91138948581031,93.3520483605271
519.974879540363,205.60765439839082,40.63808950064778,95.18689708837351
518.1832313244023,202.91379004152836,39.15531251490545,97.54681808954348
516.6311539141248,202.8576711010088,37.93851110529703,97.03561069813694
515.1103708646842,201.27909274690637,37.49327844090284,97.02963116252155
513.7910456148086,199.97828284712432,37.311303873897145,95.92696724779127
512.7331519749931,198.77102129878082,36.70087674465337,94.40740902848398
511.0384041014538,199.36846715314346,35.99371426190418,92.62758225067458
507.6795890554163,199.91301035299176,35.01574956638164,92.04114772122867
507.9619924104887,198.56398428862352,33.5762467803205,91.76325008571342
506.70638818887625,200.25663512776165,33.314321945652296,91.75929272582704
505.6695453594371,200.67857607840278,33.23689647858453,91.79562217784678
505.86858953996386,201.0082068868803,33.54028272452179,91.87876621389165
506.7463106009986,200.64192876006035,33.425490994031115,92.88641787072592
507.4430661458288,199.83147070181045,33.212335453229194,93.23244547175335
508.81060069711526,198.9585499921726,32.89468220797142,93.68437102322356
509.72810846507434,197.58703835769973,32.63773993522161,94.17235507708142
510.83614716225753,196.87518535755578,32.68016144794446,93.06135543848379
511.64447535803043,196.99145146217907,32.59561276723697,92.10680999414508
512.0406132593823,195.67083252884578,32.264233933374726,91.53370407457206
513.5076145174307,195.83356118458045,32.28920315609325,90.00809424673761
513.9402004733695,193.92179296272536,32.05841790288417,89.92056225096414
514.658586126139,194.13235600029452,32.16415353055753,90.14458314180641
514.5318615179809,194.06094148942105,31.98330986419275,89.71728813344012
515.3018165631846,193.36310572124268,31.628875242420843,90.59349285241784
516.4470903091981,193.79572885880856,31.68450437469214,90.51023740341603
517.5176357930065,192.78000713591553,31.488255984055833,92.02797446311271
517.94571405715,194.33930908468355,31.759520358021113,93.37844576851859
519.2133949404314,193.6389070111245,32.35299665374461,94.28897360876908
519.6544944416875,192.8212583382523,32.47297786992905,94.9676943687438
519.3890473564588,192.01459771838637,32.94976717578898,95.71492954270647
519.4632131041459,190.60913243885437,32.78412741730669,97.23993387896928
519.9233147446536,191.40320612642438,33.29868959439847,97.76102417472772
520.9085518871125,189.2263476094239,33.43266911158943,97.79898727196107
521.359940474959,188.16398993013507,33.39738598258435,97.72148934318523
522.9818301082013,186.56039600642276,32.75627309412111,96.6236868990144
523.726920323135,186.5836096955243,32.59861446048009,94.89648304395125
524.776376207372,185.44902898126338,32.667251110051225,93.56383330189513
526.2036451869625,185.3186205799274,32.199655775915915,92.61166542343761
528.0373552895181,185.1156557075237,31.405091710941477,91.85154389966743
529.1329943906451,185.54563754077736,31.06526597851322,90.72294180113423
529.208443920914,185.73305894198842,31.27301840699492,91.36056352202749
530.0561174917808,186.1629006704224,31.671912407534144,91.6337235595748
531.9779564978317,187.3601819515128,31.632501563477504,91.01025734615655
531.6165781984812,185.67683301410048,32.52828531996203,92.40509958056981
531.7101487746721,185.95172066336607,32.78088565985154,92.40713353334709
531.9106805321455,184.66230506905947,32.67092577616269,92.5270506804411
531.7575938233089,184.1623534770821,32.48272175958223,93.13079209953571
531.5538785045513,182.1326327837503,32.42172253364444,93.29633333017821
530.5601196875683,181.02041141363853,31.76373259352907,91.91946772460706
529.7705172721727,180.65856414354369,31.282375052112705,91.17623402115962
527.5860590854152,180.32050217890563,31.181959207457545,90.22876628898251
525.4215318506433,179.2705284868888,30.27520148980646,90.44583775367414
522.4886706351032,180.27830566719672,30.36803096892142,88.85153108397438
518.9921662640248,179.1674041275,30.403984619220218,89.12393802994497
514.1879409830328,178.2217197124847,30.855541451040644,90.24815997458045
508.97005018152754,179.0562713082992,31.245704996800157,92.10720901035324
503.5005875737188,177.74203435254606,31.852804956069974,93.21387084052256
498.08804267320545,178.1504136891308,32.12422101289512,93.88237003135144
492.69645698314184,178.88484819859525,32.81662548628407,94.7034754634876
485.9820707567672,177.68591250856787,34.21385039264659,96.13257335931237
479.93147173426354,177.41367199686056,34.38067648941168,96.92093258337715
473.53065458587594,178.20010937793978,34.77963706487339,97.92985780519702
467.84839286048214,177.97118015332063,34.961977249974986,99.07615520640445
462.4593050252003,176.73675356309082,34.756062115484966,100.0182003634113
456.20589126194324,175.25140117854517,35.44622780728233,99.88185638257893
450.90465789168354,174.589759224138,35.68925183692518,98.39530604952618
445.20110718247065,175.5616238270846,35.80643626316348,96.06767512835435
439.35332199312364,175.36661701247832,36.17531310700643,93.76729459443523
434.7601512979704,175.38140424146445,35.27410814874106,93.03559780579732
430.6943010149318,175.98057050136362,35.12743690390531,91.42148092702078
425.7890321710997,176.93563804122192,35.093701024369835,91.3270387489155
422.93399328152543,176.0744785873103,35.3410760523586,91.33149218966722
419.3722895187913,177.9998470595727,35.344037372687666,92.02582064812702
416.7187880431608,177.5801654062416,35.42986226913908,93.47602880532936
414.6031858666342,178.22966189428115,35.34637317126462,93.92785813492961
412.2947182508893,178.82537662067892,35.50680501148864,94.87411398105371
410.09752193077054,179.40391408535987,35.02483055959348,95.23512405459098
408.7429330704444,176.26550596673303,35.01021978041365,96.88354187341815
407.0941782410173,175.78874063704205,35.25724025202725,97.32502041402189
405.5881228697604,175.32896344073674,35.10026143880063,96.97860326522778
404.409575236473,173.97194214393465,34.74480177373479,95.44652111441664
403.72764273863146,173.26212506589187,34.92462658062857,94.18621981517997
403.0710491302213,172.27152734660507,35.09010395095229,92.88764249526969
401.8834382986908,172.5115333855769,35.78018977264368,90.16751930473141
401.32700158361746,171.43357814656673,36.11580933659471,89.36790700710176
400.9438085548615,170.96991107471035,35.931707482405386,89.95512980576174
400.9793967173391,171.00231689553044,36.034143856362746,89.90224566542011
400.72558175874184,171.1991706172276,35.912556029683756,91.22843799562348
400.27974145630634,170.97967629480848,35.275711043658134,93.01503818697813
400.6760936817733,171.22376932748853,34.689632158610735,93.95931374099521
400.9095231456214,170.73022782696955,34.01552876019901,95.41732520239268
401.39540617853095,170.44025257238545,33.57021964647488,96.44499772932596
401.2331359689674,168.71940769041174,33.61660610966551,97.58167860502877
401.02582736192153,167.721577023448,33.877382826621194,96.64565830596061
400.98884349977845,167.64453499718903,34.22517744805168,96.80062059601568
400.293188465299,166.9785196363492,34.23540748561557,94.53493665514344
400.3587670885869,165.4655398425922,34.75862054696218,93.65445884565429
399.7855853601478,166.29154078288047,35.06842768841824,91.08513778649652
399.8509666028431,164.02590618976194,35.37904665749562,89.60451274665937
398.97172544760616,162.85117789034342,35.0787051440406,88.24343143503498
399.23691105402304,163.78207689062856,34.814538973807416,87.69178358094905
399.3739546217779,163.1393094427696,34.89891107253543,87.00044758223494
399.60801834140625,161.7088897253032,35.017929319428234,88.45097913295137
400.0762695670887,161.4337792645608,34.4409132691445,90.36874971225787
400.6830335261121,160.05279916633407,34.445164987480695,92.42693414519968
401.72216988449986,160.16225404148304,34.54815118756001,93.07210446635096
400.8028253059644,158.6334799307837,34.73720169182948,94.1059150187586
400.9552624897108,158.8997010894779,34.4766606779753,94.81905206328574
401.24823714413,156.81246332026842,34.61627680263916,95.5366212830402
402.26412607987646,155.4306361524093,34.5006087314849,96.0739379474785
402.23666189416286,155.18110601514928,34.30143835971186,94.7946672998718
402.8936984770863,154.60379825368713,34.24008638431759,93.87645834464665
402.69864565975905,154.74019670052704,34.70536685727658,91.61526945553688
403.29485367537035,152.10280068819753,35.540106463795084,89.79033289590635
403.2367202589346,153.1880608751589,36.00096938459906,88.09349951510572
403.9029637187457,151.7449994312583,36.43071143073621,87.72768262934736
404.16134986088286,151.84448593357592,36.73966875499758,87.28662391454417
404.55998550374096,150.48256814408072,37.6947505414479,86.81065947903873
405.32755535380403,150.47784113137823,38.13588986163121,87.0244803374153
405.28841221406935,150.89126809468326,38.42283093221729,87.54203444608359
406.0211888982175,150.7237716692445,38.480016735902794,88.60116603368589
406.5752221364188,150.30241946262942,38.0908114221627,89.70173989915418
406.81753730459525,150.8543183802586,37.94070774386799,91.14245838889276
407.6509991334645,149.6122611332197,37.64569394292576,92.47818580850006
408.51612182887044,148.79272492605978,37.543178683263086,92.3627150375858
409.55141554816004,147.88939915883506,37.19887729834143,91.49925396217198
410.42502420013443,146.90203800791573,36.830823736458115,91.90610207081912
410.76273103251924,145.12475284333658,36.57294948943216,92.9391579842364
411.4394919906777,144.25106000988907,36.109086560637415,93.78254748156432
411.33720757947685,143.51161885532275,36.26683043976485,93.20442772313106
410.66126323805753,142.22566022323562,36.10719122667606,92.67736622944706
409.7375495481206,140.91129182233584,35.83233443258439,92.13680795869107
407.221647700098,140.27485782310785,35.546817304960214,91.87951576847213
405.5017555935775,142.92221156115585,35.05278866132696,91.49299901960998
400.99688183322405,142.06837800650612,33.15195840798604,93.85151797465073
399.2978937082367,142.01460204894101,32.97744658842643,94.14647262990181
394.3019120009809,142.25339445394386,32.881078780403826,94.03609108532468
388.9809546869695,144.1367730633817,33.10163720725482,94.0224485667664
386.0788725642172,143.76550954461865,33.38211838162292,94.7975270977882
379.77166797570635,145.06709053451323,32.82192505009975,94.16289553448769
374.8894184847148,146.10906613841146,31.7223006876615,94.15414178495843
369.22940885992386,146.12903858253077,30.75156943370326,93.93610228614794
364.197549328281,147.30218522436286,29.938484145182265,93.44525402983518
358.8050733083108,148.3455835498595,29.03303129315501,93.41092114875457
353.3388350446361,150.0160269070278,29.1007293018277,92.4773692389529
348.04592610344747,153.1600403610991,30.62669458410716,91.02325088870212
342.47415385870136,154.819965695391,34.261889178122146,87.47436339720326
335.4243553151481,155.02644474412642,34.165701696442056,88.02683430773945
330.5822475936505,159.43443940367712,36.146140779879175,86.33924865227337
323.2433171857829,158.24996826337613,35.09010915481834,85.91570760310236
320.64763371776843,159.03803864155174,34.456666539608364,85.81395055856606
316.48432308444586,163.2487762620108,34.12288932297717,85.44806022517963
311.39887861084867,164.75644344546885,32.439705699370705,85.485047053866
308.8397844126964,166.08369346373053,31.276961669222576,86.76558129239753
305.6640916715026,166.23241277210673,31.14789747509655,87.56376283097964
302.5559058123951,167.13518530519275,30.694429334302736,87.97696967215623
300.5013384398136,169.01705033233222,30.209977634611104,88.40494293742682
297.93673415901105,171.1269877284533,30.42995214928012,86.70284701862832
295.4385045761382,173.20404919080443,31.006430789055305,84.1681013493658
293.6960516417047,175.1424254229445,31.40113027326356,81.951721857574
292.36472595492023,175.68219674726092,31.78879847918416,79.53540581340285
291.4064324628746,177.2061827773183,31.970485227145694,76.62125668612748
291.7373529117676,178.08416141065064,32.3165705550219,74.62071500808014
291.7973066855659,179.78498744028343,31.62412433354753,73.25723781644454
292.31039874676645,181.16569902712828,30.698750157802664,72.69979032024507
294.13482416177953,181.9704237273862,29.69281600715889,72.1170261576138
298.1757819161114,182.95006888303865,29.36725006209374,70.63945286658208
299.02112907079396,183.34865111675794,28.689918756459434,70.99407711069138
300.1932298023986,184.3568637468526,28.838123423087197,70.47718466929626
301.84345360942285,182.5022812680046,28.439639996660727,71.64631509444531
304.24038787977463,182.52144479422202,28.45626778621842,72.30758665241157
308.33388095753753,183.40676546534016,28.497710471329768,71.48242202097167
309.59360494782476,182.3923419720603,27.86691779566415,71.1970607384121
311.3000265621332,181.56661702656254,27.309848254409822,71.65893984483887
313.778534395009,180.60644930240062,26.97119263123037,71.29837028484664
315.37075491538934,176.09915202673892,26.590985618332137,71.69805184941472
316.5108664525783,171.97406194084587,26.772114653863394,71.97120222078577
321.18067026842624,176.49931988591896,26.80841587379094,70.16212138160395
320.78623655037785,173.95259831727998,26.70991761107339,69.36620933623422
321.9528416819485,175.98033090526644,26.081401738229086,68.57008015498174
326.64917647137815,170.11478908376637,25.95545007013633,68.96464932502043
327.13816760253457,179.3916358393668,25.50800863175997,68.17289772360962
327.2979269334152,174.2095952714596,25.378125053077973,68.16861643266623
327.8674128274417,173.43144973042467,25.309936164881577,68.2451739284247
328.47225865305273,171.79615291747996,25.24348961463452,68.35225603965047
333.64532391426104,171.13079378749848,25.096441466790733,68.58584304732462
333.42660749204384,167.996877437671,25.046887823121207,68.82543411261068
333.9645011324028,169.84251355597473,24.78206524596315,69.34532968835057
338.5894239568765,170.11166133166688,24.715852447662733,69.38353932113988
339.1756842608156,167.9054094589386,24.734020211442825,69.32307401142063
339.7277990125892,158.78938139337828,24.739877268145065,69.32187284884013
342.20561510441934,151.59891404586128,24.74027688380109,69.32257473290004
344.75151175825295,146.936684015249,24.7404173033983,69.32320514324567
347.1991947738045,143.75055237714247,24.740657313249816,69.32323741283643
349.1443912818633,139.90227854864455,24.740691171293,69.32346310556834
350.6096172715113,138.09497851227238,24.740953083979967,69.32345822836153
352.26117009406005,136.40471170453563,24.741166654656983,69.32338090099442
353.83155357509133,135.31070100607332,24.741392572462072,69.32323567957191
355.1652603199125,133.5210711276277,24.741718712565167,69.32304268339612
356.5723545877995,133.11859597147804,24.742078192385677,69.32279122682027
358.6040233064418,133.7316394656902,24.74249006845565,69.3224806723407
361.1939452253791,134.33896023067618,24.742901166799278,69.32214192061276
363.03088231350125,134.3774468444009,24.74340872349563,69.32173199186555
364.63123247780084,133.92890617103424,24.74415087498369,69.32116220267737
365.8667365293765,132.51829394197551,24.74490519057932,69.32053588412246
367.4214261040052,131.23389795210932,24.74589310102954,69.31957755486441
367.3549828624937,128.97291840772593,24.74747081983323,69.31808007014486
367.0176543652729,128.11490490688047,24.74999150751217,69.31554268069961
366.63516124186395,129.21723933278048,24.753711403583893,69.3117693767664
363.86428557856544,129.97818725340136,24.759823920976796,69.3056784223426
360.6330337834902,131.76072398293852,24.763941566760934,69.30138262745284
357.3653000364827,132.94946541933547,24.770142226516803,69.29489217676283
353.64378822583865,133.99804596740512,24.77675399019993,69.28850418624481
349.8769337701695,134.54440872386965,24.78483433479626,69.28026670756414
345.2657218179434,135.0842653443423,24.79389459178752,69.27116339379624
341.0257607139086,136.54763800651767,24.80076382134159,69.26427795561494
336.8144703794492,138.05876232753403,24.809868499965035,69.25482047035104
332.6890640002246,140.17605068972148,24.817480002615795,69.24660025232377
332.342730060001,139.78573189262036,24.819121493464234,69.24492128101241
331.1894358466347,139.7751034128588,24.820442824631012,69.24361468060104
329.2091836023552,140.41332250671945,24.821737632632725,69.2428860027293
322.155130285845,170.15715991490714,26.43737733907833,68.07788498396131
316.3516417075096,172.55253201936665,27.17571168874237,67.61715261967728
314.3702065962333,173.26512136656555,27.969725767343583,68.67503261630432
311.84536699441804,172.92995876923584,28.078487479061252,71.42086950491819
309.04201450576284,174.3169559306342,28.088431229717603,73.47890786263292
306.6078903645319,176.66874858993006,28.283231903231734,74.79605685419138
304.3446937702263,174.3237716430708,28.77807802229335,77.31481094932589
301.7060195407664,176.14098460738688,29.57688319965797,79.28733625741859
299.7840852129547,176.84597055168746,30.376236722377257,79.51798269309725
298.20103582426754,177.74306312675935,31.256475199687564,78.67679123392097
297.4205869974102,180.4931582076929,32.08680963004016,77.74351610730173
296.3504939802182,184.59734551724173,32.64519794542247,77.13820173371796
295.9049229308784,186.5353248565915,32.75680707510416,76.84444596639537
295.2363942638081,189.55851458622342,32.51527318171331,76.77776278093523
295.14894591683753,191.65948742347192,33.5997409868567,76.12113499469814
295.38608096190046,195.44309615129464,35.16572310544049,77.38618053191158
296.8198672743312,196.88713166640866,35.7845272429692,81.09497134097799
297.098169907133,198.86682905147345,36.96511222394756,82.95495780787844
297.6646019550809,199.47440746118127,37.98006693183899,85.3355839836868
297.8995669632633,200.59153610560566,38.54349572780638,87.24319814716957
298.1283515943393,200.91006426367937,39.039960496091865,87.792518641096
299.64670713843174,201.86041347233987,38.38558244814445,87.95600703522209
300.72121800541504,202.79003183410765,38.660141599111284,89.31429436335279
302.7938977958174,204.72981257932992,39.696661061885756,89.50360484785335
304.80482697283304,206.10742932747536,39.57462565821755,91.17882942041012
306.1895418778458,204.82531039780804,38.458099405015744,91.41131974785387
309.6933623026058,206.8964692263587,37.676519899642514,92.25032008773135
316.17202972439117,209.6875550608441,41.550089063029716,90.81246556887655
317.38013905544426,208.98554937389173,41.73553923560982,89.77770998645187
319.8701262800173,211.36677836264823,42.47958622124775,89.69129647305019
322.07558336205403,211.29503862011254,42.135281916640785,91.06233707434019
325.80745994450274,211.32894424267013,42.137054378879576,91.23968757119695
329.25845128850824,211.20843025729158,42.026642831157915,91.85319682847975
332.75680779814957,211.13050811363203,41.74776762239158,91.95177179218166
336.8480154948632,210.82762419505355,40.06909540065628,91.70004771888104
340.8842513187302,211.9556177500142,39.38093352159904,91.06567578039218
343.56214294485767,213.64637700162385,39.35400769121906,90.86801281077277
347.1366834182096,213.00800192417964,38.10008408170393,91.64548743031611
353.47569757208163,213.94828288464686,37.982708506808976,91.20755842297118
355.3400900903799,216.5968180136036,39.01505618734505,92.69382718864773
360.66477981765826,217.1643408575431,40.56897053314231,92.34902476878177
363.28245406605276,217.8758136506027,41.751307068244174,91.39629429463342
366.27761131131007,218.84197519010533,42.08705764120609,89.74492870583396
372.38514942141023,222.21741389506926,43.439183035385724,89.5853451077042
374.8214293337654,221.1156429648442,44.189805507428176,89.75845426704345
378.23477391002893,221.9594541403228,45.14226302619632,90.94007029270368
381.2159440787443,223.25860808606052,45.34306203202736,90.26219258463888
383.89698045297376,225.4399551973557,45.082126444823274,89.61758722732873
387.58102344379273,225.48898732707374,44.88024443886284,90.50059145982833
390.61836022764874,227.84054715310097,43.42178800753385,90.15415172415572
395.91381748280435,227.4595307690472,41.35739422628761,91.39363888636532
399.8751302848057,226.81227419946381,39.892958586579326,92.43159703452528
404.37660636051595,225.9834827478592,38.84995449805555,92.40163141955368
408.53652717228624,226.4964848808191,37.71208919287443,92.46110343289257
412.1442662803677,226.8276697996015,36.12137112762095,93.42690921159215
415.9861346712023,226.19726475047406,34.79089820093212,92.9278251772329
419.4108904414999,227.23273903404183,34.36283536791751,92.31197845774598
424.02837380435517,227.47918428218142,34.245649327631796,92.08907748177815
427.59225077724807,227.535925382975,33.43439699927758,91.86099211092858
431.1467823990081,229.8257332726687,33.395877044942125,91.10458561727721
434.11744432752243,229.90694263250774,32.94067961079558,91.67033371621795
437.3458075726394,230.34069692418825,33.2877575181446,90.84639369184791
443.47993336298276,231.57353730062647,34.20540757930357,90.88362546033375
444.59220703391054,230.740079838314,34.932096962301564,89.79598611326068
447.94253314556806,231.9377457008444,35.32285585272557,89.75278933120829
452.45126148152,231.95545020148344,34.9686539186756,90.07260023053827
457.538149823861,232.68273115750063,34.16008776713578,89.86107780729634
462.51482551466046,229.99389729270845,32.54867631168425,91.31919893272419
466.4765106536522,231.5964968475053,31.379363917917036,93.68188999036678
470.8384035774898,229.43558814138152,29.85005991991225,94.21328687038783
473.88992205780835,228.08915397752457,28.87109646467685,95.68465110588525
477.25898144626393,228.42830558848192,29.45087214653638,96.71929406049946
479.7804632805344,229.12783797362954,29.794740238402085,96.2846652252247
482.58734495,228.2989079503933,30.472785981502046,94.70836222581394
484.0112032211251,229.74796337901785,32.78982049210834,92.86309684662271
486.6122138536034,229.8890579380755,34.41676250687584,92.34071410818328
488.8080648986089,229.63471756086074,36.17308211486285,90.86462015386496
490.36504166664275,229.736267269807,37.56344920028563,90.44236244415569
493.00145313835924,230.9091456261026,38.52771827498013,90.53492231519793
494.5809144936576,229.30400107050218,40.02873294612779,90.97581893601179
496.73019993590077,229.76160004880754,41.553388036678,89.70471991691257
498.33062954718105,229.98534261223762,40.824676278869674,90.17134366246606
500.95571364818346,227.72581697380417,39.56037366982144,91.41340929403876
503.21200947143063,226.33381020944358,38.21475847520088,93.44129343871904
506.11433202869256,224.6691314096372,35.86221912125127,95.21078842465388
512.7650867883,219.65228242026234,32.843438750901214,96.60316426747826
519.0574050943476,218.80234304526752,30.365700446606304,94.61310876377532
522.185297356539,219.2886876546939,28.64422244840764,94.08544731353446
525.6672860061349,217.86121319024102,28.198621976455726,93.77000921279242
528.9758806001744,216.93193518041636,28.399372069840325,93.70962242333681
531.0468968888246,216.01441214984735,29.733047977189702,93.85145907476107
533.5012963792872,215.59685259835442,31.191583838946322,94.15992005997578
534.5820127440231,213.82648819173457,32.87160275437187,94.60478123939589
535.9855327412752,211.53838725435932,35.07604070710303,95.24393992414393
538.1487482740263,211.06115823282727,35.73159187274093,94.28150984941786
539.9379712048969,209.43275281056648,37.48446105158803,94.77828494068928
542.643732652223,208.39872609116662,38.33576889118885,94.45364581357106
547.5746878742677,207.0157448677699,39.07935676100314,93.91697235223764
552.6675389021284,206.07107775639633,38.46806132912216,92.41617390935063
556.1854038381825,203.09743358014956,35.06232227313011,94.0993168875461
560.7119414078222,199.54810737311104,32.03428203833073,94.56934724656942
565.2697350697301,197.95990062156778,29.6401803292915,94.76731092818378
569.2097605297704,196.96883936028365,28.46434636630336,94.62491600995608
574.119170484585,196.08111955509972,27.847557592233166,92.42692355626757
578.3528605277202,195.8315520403783,28.8714180073666,90.63290386921867
582.384293114388,195.64856818663327,31.084219070908286,88.36820102922346
584.8406117849095,196.10437374505298,33.79139564893283,86.3579959621124
586.6427804503234,196.91257628541769,36.02544056221513,84.6556359470244
588.6371153240551,196.793994509639,38.08373641381165,84.11392146542062
589.5744048482524,197.78502588486953,41.44063796386689,82.58065531506293
591.1009873012445,197.83546361789325,44.091295193808065,82.63338104840395
596.663041370754,197.3881422178393,44.116695531046304,83.2163076495907
597.2184500973015,196.27254559202447,44.67789064547152,82.75733275890163
602.3155812760082,195.43306475103475,42.427757755068626,83.29487741436125
608.540947653317,193.21961731029444,38.72888275801928,84.87582383812398
612.5836845302089,192.6616991110514,36.150213947320275,87.61044335295074
619.5108517938447,188.60791168585408,32.28507429004361,90.74717679556949
623.9695033884718,187.28289913920528,29.22613806703714,89.61150609762257
628.8864358526191,186.20040314457728,26.655757139902015,88.47917462153129
633.4149477330122,185.88613013549113,26.223261310329256,88.86343039214405
636.7140139625246,184.77669526510084,27.116545305619567,88.61215562265548
637.9092471985455,183.8954091254597,29.091746176717713,88.01483720255115
639.0394947191139,185.22541992541233,31.662343016379157,86.91611290012361
643.4126564930341,186.0916708503978,34.20464327835307,86.32243384411322
643.0648035929689,184.6049857705312,36.65575390846254,86.15964196122869
643.2050436863045,184.00621369249797,38.47912408647639,85.91491333496938
648.946832080508,183.63384781926754,40.584610942478534,85.43200862494061
652.2245059123318,184.03071167371388,41.96252228914592,84.80261823816386
656.7987090410857,183.0746520332562,40.909880191794514,85.18529020195584
662.060663675122,180.9578698714001,38.88425717097516,85.73871474562344
665.6937156643567,179.04101796999916,35.14578066061491,87.77674815829623
669.7686759213618,175.59535265354273,32.58519844921692,90.8325041642865
673.5312862349426,174.1887251390709,30.058956436862374,93.01307597570468
677.353359239712,171.8479314279682,28.06469751228483,93.8808678313512
679.8501776144008,172.1596846769302,27.108340368772645,93.24470050687084
680.9406575801178,172.49866959741487,28.4369353003146,91.69411407683214
680.3867231361625,173.14549215306113,30.380394312355424,89.45747651673284
679.2322448504694,173.95329608794555,32.783117543239875,87.44513461790939
678.1020349206757,173.122137250233,35.172141591388765,86.46143378823803
675.4509120367557,174.62052257615994,37.112003039923465,84.74238907136643
672.9013382037302,174.1471750244366,38.69409447924394,84.79900694149863
671.5585461770888,173.70978181600262,39.13300137226366,85.00000862554799
669.2573569969252,173.78029621782693,38.73515180442924,84.83416235516351
666.8189513500573,173.06310749540128,38.01531631242891,84.0196157830623
663.6814343436339,172.70019355125314,36.09790838496812,84.22313186467984
660.9108965383629,172.06512204252908,34.588843614650884,83.88982219963283
659.6729660993938,170.41530981815163,31.835027292271587,85.3129046762274
657.1420399067438,167.60102790094362,29.548688416280154,87.35449532033579
654.903731923451,166.86827156045322,28.121229713981453,88.41981329678397
653.1922675924587,166.52788348853875,26.975681699025046,87.26852302387252
649.6418408976174,167.29417086406852,27.15146957128225,87.2621062480098
644.4132765745501,167.88836548274003,29.116536602426613,85.84508317475505
639.3704257112984,167.50615093441212,31.325097806926802,85.35203737211883
634.1183715163752,166.10157597330033,34.02981731127519,86.18819749675023
629.1303409874386,166.47140093669745,36.516007820899986,86.08801320001048
624.7035372259375,166.16476832463917,38.6779034412839,86.22608772502656
620.3614085982081,165.6831717453058,39.921500696895244,86.68935369076686
616.5971811731712,164.97713662558138,41.76229485284661,86.65794331936826
615.336080760099,164.31473575424283,41.47494086369865,87.54081688397338
615.0963317838679,163.82634543133716,40.287427555174645,86.9027102922359
618.3360001915281,162.16850350734597,37.876534991868226,87.43512735745765
621.0026730015198,161.60634445155483,35.59450634843215,87.37222453798674
622.7427289199675,161.84226195903895,32.72031405146518,87.68942830036991
625.4847152703793,159.0789748971255,30.194980733957706,89.1529821948572
629.3425325146861,158.1590223512415,27.479581326062892,90.74383169241932
632.0529516071975,157.6579614473751,26.266906879290953,90.2258718608623
635.2801306117059,157.8940187369646,26.263484234043776,89.24151544132073
638.4212841054805,158.20722271976297,26.68684235803633,87.90139126678926
640.4453757340223,159.76335798584097,28.87168417495786,85.56787413448214
641.8752409966226,160.40861299766934,31.51272088074475,83.75958964812556
643.914390807778,161.23598817072218,33.68865604923601,82.23552808852654
645.5668618102056,162.9829752537582,36.694670999336665,80.18715669707451
648.1553840146694,163.71443419780667,38.220376796402896,79.21869802080388
650.042913677078,164.0071987082277,39.43789359386954,78.98101926308061
656.3176521563238,163.50887207263548,38.074854242189566,80.2083417644877
658.830316940792,162.98331070878157,37.219608196049734,80.25750433384749
662.4660785830529,162.49155127440255,35.36095627230689,81.38493027276543
666.5492486098331,160.64065392656704,32.73908700579482,83.76557812261886
673.6612079694947,159.4865571563803,29.819174863009525,86.10369678398686
677.1722389035051,157.50775498140297,27.55598311980571,87.99101485998514
682.3621985749323,158.23668015193476,27.07602715585746,86.42082275733254
686.4958100877382,157.21508897085607,25.7765770909086,88.12841383306906
688.769366724346,157.08681787422745,26.200618030644684,88.95746740127672
691.4018063178944,157.7452332520586,27.82555894242476,88.32902129775223
692.9333062718782,157.85262813398998,29.98223791324132,87.81980580795252
693.7812930631984,158.37256739748992,33.134179026340675,87.01069760065292
697.3717798182818,159.06533993834563,36.72082560284383,85.79202949066311
697.5408897948919,158.92417050902398,38.946093656215446,86.6200264608787
699.006726167541,158.06641424531352,39.937574311338224,87.4526405980065
703.7503455843971,157.79221881530398,40.92285725954754,87.56111505592406
704.7252029376891,158.3267362078542,41.925431895843694,86.64143857317848
710.0701643289964,157.37082918275516,41.84558983222334,86.90743033677067
714.544250424362,157.40340653557047,39.56425485691569,86.63347761006193
720.5149467480518,156.28035999912123,36.559176792360944,88.70131725581258
726.221734436033,155.0445335986225,33.19435706215049,90.50486248759233
731.5960640502045,153.11337972644984,29.793576766760253,91.91583313286236
735.915278521844,151.6905900070051,28.069544586329215,93.279906820142
739.6598234694733,153.2793766188883,27.53275190176389,92.05680899920763
743.2766077767991,153.4449232052061,27.768440165011466,91.00989819628109
745.050806260073,153.626922894861,28.89188338935116,89.95123058357666
747.8848945125574,153.87453171981502,30.540933771131655,88.20979377549602
749.2106958434613,155.30259602671916,32.69027686814334,87.0043299680537
754.3336630883081,155.79812796678613,34.05710101492447,86.3295342041555
754.5396761151103,157.35626314102296,35.387669203415896,84.90441714356939
759.4285715382279,157.80179016160258,36.675661857852255,83.75414208504944
764.3965458866181,156.93537315538956,35.64589831121813,83.60625226343772
770.4718248266486,155.6079302939583,33.49665840906244,84.29661133301045
772.3161595638036,156.20779357794856,33.47320347332669,84.55527690827941
779.1125424156979,154.9172263076181,31.362988390570667,86.03253986500175
780.6069066367413,153.5532652088068,31.289023875943762,86.59178258684005
784.9062972670843,153.21211879710216,30.70588668874425,86.68221004951248
789.1244326428736,152.43618466525672,30.109694291047305,87.28499462732844
793.7199504028193,152.2823875404226,29.7286153217539,88.19791910580221
797.0038757807565,152.00375099890513,29.645069947654484,89.40794405183992
800.1690425588714,151.6005745993809,30.236263300299207,89.53295335504258
802.6921164116698,152.73889525284446,31.71870484335978,90.05464879242396
803.4003822408464,151.39840823134602,34.18781332935474,89.96570963885713
806.3230577560311,152.48955592738625,37.54140543710792,88.24109164092835
806.7290923010737,152.5113653201102,39.51902874890854,88.05261269214941
809.765112717985,152.73843023944286,41.30934934620799,86.21892762811179
810.9416584460658,153.5808225722941,41.97647554713526,86.91005109877707
814.0712049335533,153.38306059163943,42.63846030043184,85.79414968414801
818.1998226194727,151.22439223594364,42.88820582458915,86.91628785962044
821.2709354068656,152.50796512516564,42.12400911943224,86.11683965388453
826.9232459931382,150.85480135328157,40.117884193225024,86.8908524202784
832.3855636509555,150.4436950358125,37.12373460299314,87.91065057834504
837.7977963060227,147.77381269866862,34.36738261988512,89.7140394916007
842.4229990794643,145.82024825068927,32.313656665134545,90.8578021651778
845.4880652861307,145.2381881774004,31.45003187738176,90.31163795945304
848.4572311334905,146.81296472120712,31.463960200056942,89.37524014146238
850.2378141435826,146.34099974029684,32.036807832674306,88.17604576131822
852.5609041264473,148.3130077186077,33.07730675335854,86.47998536538068
854.2031528326293,147.03771151801993,34.277321193258906,86.31708465780687
859.5558473979461,145.5626892570296,34.42937205743749,86.5015485256432
860.0875800096669,147.23924619498987,35.54362666546245,85.01397455813179
865.4361971422272,147.09001629082286,34.85862231977545,84.1211652071488
870.6806506059645,146.03956736913773,33.736556708524034,84.09727738882171
871.8924324107758,146.56748522202426,33.50499730269783,84.39373135971488
874.4993971793227,146.17079358384763,33.91740338648394,83.80268279707892
879.9476759543455,146.30009946720128,33.425010150708516,83.75229043936056
881.3181663559209,145.93373024125995,32.794413334984526,83.96588876692219
882.9675933771927,147.1406451076733,32.35493977606829,83.8386059796674
887.8874888965357,145.305096211065,31.53546390767027,84.4131578382069
888.4864869968796,146.5064119544629,31.38694015819233,84.18209236093259
893.7616017467883,149.49426381530662,30.960288729969314,82.905622171197
898.1125867002273,149.85845534923516,31.76577941726854,82.13799474956872
898.4939167923714,151.32234970166482,31.252043041316767,81.14267076352807
898.7462616678533,151.43637989919583,31.807806586060565,80.96746679142683
900.8736812880645,153.76571269953934,34.983248031062914,78.67436672914621
900.6261254398657,159.6146099721002,36.951966671544525,75.84727206653176
902.4046975456472,161.4107539327643,39.313282829091854,73.92766464237309
902.2173915732648,162.63403095726406,39.32214633859789,73.7730841842244
904.4465006829793,164.9523649493445,40.847514430509065,72.37049746837401
904.1270660384068,166.11234435901457,40.508369906158336,72.17340098805366
907.7370417722314,168.21111654574776,40.797862198427495,71.32085354375602
908.7616140016116,169.9380865055298,40.20766551741518,71.37796384849612
915.4224329604548,173.23593429462727,40.29983356133768,70.14421342258389
917.3655830625703,177.5932851876599,40.18488803239963,69.5723472535841
921.8123432798285,178.13216249632995,40.12641055137446,68.93374401272976
922.4364040012351,178.4338036827308,40.09408355264535,68.90174766259119
923.0533002636969,176.84902450982867,40.0625868079037,68.92044689088752
929.3937383575804,177.66210254841346,40.02311667940176,68.92736938885224
928.5727652580013,176.78852400447167,39.98873970312988,68.93301930415129
927.9687452500833,173.725977501091,39.97126506862072,68.95223205044508
928.1288094671354,170.55865337899093,39.963889328408094,68.95950583633227
927.5310559590607,167.60477912268243,39.962721043959334,68.96113690967925
927.1847696885192,165.9017165580724,39.96186530707308,68.96247807474221
927.0782147105128,164.82884009799096,39.96163481673292,68.96287791606288
926.5306797876664,165.76349653693853,39.96120216666018,68.96369474264313
926.7062977446766,164.35468642549776,39.961099897220414,68.96388780716897
931.0159435255943,166.88613986703584,39.9616651697968,68.96351096483382
949.1230809884224,201.48077470366022,46.13987300170878,63.550356709065504
950.3357848581074,201.70667213485112,46.88509476368142,62.911742680738676
951.4389885437243,202.37544173395656,47.40578585741346,62.446097484488526
952.9337465236209,203.98777426655298,47.56392133156515,62.28809067773383
954.736701533079,204.5563681410712,47.829078598186804,62.019189001905204
955.0321713928416,205.5546945031795,48.17299737961883,61.66787397853244
954.2434471945136,206.09442786636941,48.42535465269414,61.414537403901264
956.3007957628874,206.7508591393116,48.871946349564496,60.9888768228721
954.6376073589818,207.11331801026037,49.21483435923433,60.64599484304612
954.4418605102707,208.10109761535276,49.45700815459426,60.40536447922062
953.9266436022882,209.18236079620206,49.81200046703437,60.061526748579745
953.4314128130528,210.16337559529345,50.08554768975032,59.788663815474195
953.24836262501,210.05588657988127,50.432947393522184,59.43994987261231
953.0285068063448,212.06261143546706,50.72707194417512,59.164850314410124
952.0313658446142,212.34612618310396,51.05365917979291,58.85504505109468
950.499435427334,213.08796525137842,51.24527112633771,58.66265946272542
950.5169997298893,214.27080180952254,51.30697700944015,58.60266471405189
951.5092339080333,214.40495886789418,51.47749002789273,58.42977732066963
952.0557427700348,215.6654800097192,51.785802655719294,58.14016532914911
951.5747072447276,216.63988577915444,52.11273585032697,57.81785809230349
952.3918629756662,217.15904332343763,52.298393565695875,57.62908121079122
951.9640658844885,218.68750922451594,52.494363827133924,57.4434570201001
952.8018990167401,219.36827025227205,52.56542872470179,57.372987067630426
952.5888385416356,220.655997392789,53.01012270760293,56.950870503652844
951.6384614601662,221.42317230856008,53.329078913121236,56.67103703525456
950.5131680869912,222.27605989837716,54.01135623316363,56.07596627761751
949.1570658755446,223.5153073758416,55.09198745583106,55.175159301433155
948.3038632146933,225.11898008076588,56.02175564059756,54.44832770269601
950.2282486065351,226.2694827282759,56.80614115650498,53.7941477212441
948.5128747898228,227.12591773098526,58.10195245722685,52.69786761965683
948.0681322937763,229.24218496190443,59.14056813643744,51.849827939312675
947.4582086917305,230.5183205628819,59.98432448612259,51.15454778998523
951.251972198354,231.08249317926308,61.22998076144998,50.11955049409158
950.3985368245287,232.37257149841128,61.801413186079614,49.64243145154407
951.2830334316634,233.80504943740019,62.659305624352314,48.9803263922003
950.7574027024481,234.32305495117356,63.35452678384418,48.448964348132115
949.4013805798813,235.29074520749649,63.86050275161863,48.03952639949689
948.4651194894991,237.28069230983516,65.36849496507512,46.95421708899983
948.2832336857876,237.88217200333946,65.99953520037998,46.46618114340126
947.3558422126262,239.09006582988206,66.38539195537308,46.23961248827141
947.2118972615244,240.28727056685614,66.81063809415346,46.017403455683734
952.8140614791284,240.56799939177682,67.08921218580109,45.805571810538275
950.9574495205189,241.94507619843793,67.7177643672565,45.45568813091658
950.1041089338528,243.50139604730924,68.15791979519692,45.228193143714776
948.3963526929599,244.4987630557091,68.4062398178761,45.073017847503735
941.4687729688242,250.23974877939133,68.74870872201934,44.83584696776618
941.931263837555,249.59878270512417,69.32865295082044,44.49834928956406
934.5060147094597,250.94399285557685,70.0010639725139,44.05121798249415
913.732908463789,231.08056326811882,64.95357605491978,48.6366243681036
916.0036422619312,226.7874134150498,59.938558228370745,53.402404150077814
918.1122367825438,224.9701812182871,56.136664996652904,56.91998116044022
922.1055862231219,222.13071078961173,49.600142116091845,62.66982191411467
924.1259165946542,219.85816153808665,44.804370393947096,66.76886417040731
925.6781278184383,218.3038910063201,41.61483689458092,70.63990230139187
927.4087311533452,218.00733258054112,37.88678079635181,74.63984922535278
928.1643554379674,217.14958444140757,35.42500914866578,75.92404763512971
927.680139002346,215.06090703347874,33.85109172770293,77.5389701618638
926.6819464468875,213.5495095864834,32.473640798122915,79.1055041362836
924.460140633083,212.5894144628731,33.11864436108033,79.77937747371416
922.4363187782756,211.76127998874827,33.23651688577421,80.22743058925352
920.3018550596823,210.29220803275834,33.56507018698939,81.05255837269334
919.361612180867,209.20480751603287,33.720097799478445,82.53919159570421
918.3180045496555,208.4663297797476,33.099727250286634,83.94187418235612
918.9853614156696,208.03770491628103,31.73110930852538,84.80799842994874
919.3377227648258,207.42798745610037,30.46869914883679,85.43999154828524
918.2207464208062,207.09525325935465,29.15188584566502,86.16060153231231
916.9467137275626,207.2734128939496,28.845812142567848,86.22587950547774
914.8414101735923,208.11068234920143,28.49113166048168,85.63406015941194
912.0419884047639,209.26434008230143,28.46531899772954,85.38586582510894
909.5781860169708,208.75254651341,28.764218748596505,86.27527748347968
907.2999127922654,209.6920674028594,28.992426574960238,86.19346952454242
904.7532840302997,209.1665802482791,28.694128789596064,87.54236668335817
901.7179492629814,209.43587224418542,28.698487918501492,87.92147857148177
898.4166510275472,209.36021663428446,29.323922981899237,88.1494357765294
896.6984954378913,209.3494429443477,28.869578882051318,89.91310711785161
894.2852470652072,209.50606042569058,28.948593327614958,91.19134740350262
892.888743710824,209.15913966057553,28.71580958342423,91.81547551256674
890.4424416998254,209.4752713713541,28.98881712409817,91.98054241089105
887.8963976545032,212.07122142055672,29.71488310475738,92.07873573442184
884.3021233981613,212.53637296953616,31.157270156564707,90.46996125003035
880.1617096538133,212.89702395971344,32.36556928298644,89.29524679647402
877.2865440574631,214.09925429871612,33.82284875602129,87.87795848365724
875.2526567967383,214.32514273729595,34.00788754825339,86.90658204957472
873.508821834143,214.5153995738151,33.96263186767004,87.00742377542971
871.4458216158415,215.59943401070882,34.27403565128833,86.40356615099384
867.798857211953,217.0693452954034,34.99150791228209,85.66056097967595
864.0248687121159,218.08938327402947,36.103685313262346,85.03162129199319
861.0860269157314,218.92263933879732,36.56860054207862,84.45787985814381
858.5648480806915,219.54784540961867,36.260142915985384,84.40519718484678
856.4442750759978,220.96409083237094,35.64653638478451,86.01185333488667
856.8318067154593,219.5855510669664,33.736409338428366,87.19465486867884
855.5176971039806,219.8706983769294,32.329953916915514,88.38473157615309
854.1546561160637,220.03271073240796,31.512782470965796,89.61870504558533
851.8645324356364,219.91719576497837,31.451485966616367,89.40770613012748
849.3132817288581,220.19684656001402,31.275110121872252,89.29463495158573
846.3686405106974,219.82856407320475,31.39126977071807,88.95362698342423
844.4688825721137,219.81122611817227,31.085363151090043,88.82462052211125
841.9951597436824,221.11222014700215,31.25115826473955,87.8930196133086
841.1741010946095,220.425291124363,31.045078341129617,87.28834963582075
838.8952204178123,221.11278413469867,31.380055652365332,87.49397389041798
836.811422843234,221.88947136772612,31.633549916130676,86.72356723022551
834.0462346699854,221.76206413223065,31.992837090264658,86.78061086724736
831.1215938050872,221.5054008881249,32.332618793358215,86.88999956864126
828.9684860667,221.7206993997425,32.67847731937256,87.09128938527273
826.8289467795782,223.16129441701145,32.54016983862354,86.84373415641414
825.0296401533426,222.45353565641255,32.37705337384034,88.1237396534477
824.9182431307617,221.1580199523333,30.79258058760404,90.33816364354598
824.421478615233,221.09519395310548,29.53084104490035,90.19092331588499
823.5018085394623,221.02871014326965,28.4387139017487,89.17304552711703
822.4971777205486,222.00701946814513,27.365687989603742,89.89621212898348
820.709020786894,223.22794645961187,27.12186912452143,90.75636200652369
818.1612179446917,224.99087909391798,27.410329690212873,90.91625056023811
814.0672217041343,226.69702261119704,29.544532555696307,90.42520290174812
810.5824270587144,227.04927080402703,31.445285157540965,89.32743131476747
807.5929754481931,227.51443644202104,33.398496392499595,87.95251620556182
804.9022598127088,229.54737690605685,35.19079940762399,87.17729351304013
801.4637851601095,229.9016776860133,36.8802448981252,86.70783221036656
798.6245711545497,230.0736206745473,38.01115751694144,86.88757554104546
795.6810627729819,231.11875949718984,39.20276450529673,86.41711276850207
792.9898659505719,232.16325945681587,39.09559325448678,86.71529246236346
790.0667318072575,233.84333495581512,38.92633429273315,86.79211360563079
788.823297331907,234.4393270280048,37.46785641115863,86.66888031955833
788.0883509909199,235.1715127069175,35.73180741603949,87.49178761392409
787.3878330672751,234.46995755883938,34.159981019676664,88.11826262088809
785.9955729656706,233.60869300091872,33.387999119080064,87.99325815308838
783.926809487006,233.61597614980897,32.39124873265939,87.91427634828933
782.1814355080653,234.217306263323,31.962144672184493,87.35470428320659
780.4515861068818,235.15971978468042,31.400500243350326,86.95172476513474
778.0606494962153,235.97256780805225,31.292118490317915,86.27912320081293
776.8724254058395,236.66941095246816,30.909925904925736,85.71320654908897
774.9709540769079,238.73103912084846,31.131908289046258,84.42759097465745
772.7886263740148,239.38030563992675,31.34836842810882,83.4137497769111
770.008445415233,239.64860100062256,31.882610636657493,82.47266173009912
766.9484410307178,240.82886231204327,32.44561638444779,81.97014141228854
763.2894741088218,241.11208974733574,32.41081804669073,82.92575528064097
760.1380265867024,240.74928752396121,32.67825500300839,83.70320795268555
756.8748301052074,241.54640531414736,32.67458338317364,83.40516060759612
755.6157017825028,242.3934694110651,31.725500751315447,83.97421004704623
754.776579997816,241.6017561491103,30.202924113093097,84.86907781365068
753.4435353434736,240.95359534001335,29.3862119844001,85.04235017265874
752.0915049528962,241.19669870483474,28.122289996542285,85.35856566849128
749.6649225360545,242.808927824287,27.879207634028255,86.42841418465271
746.337546880156,244.02207626605656,28.466686282708825,87.1514445792508
742.1371157639386,245.28457436360605,30.09946494275586,86.80008529745132
738.7800739375448,247.19298918594671,31.826474220390885,86.60442450462247
734.9527570349298,249.2984356284977,34.3752735415205,85.92862325808548
731.9109733688331,250.0130171776746,37.04667070197641,84.74715830285626
729.1092281013304,250.9066439032919,39.16029998705821,84.09224564046298
726.7823235246412,252.74263284391336,40.28289418796752,83.69979923810189
723.7657599532565,253.88722581215262,41.49056947984592,83.98363733612351
721.3869956024726,256.08109510799704,42.28508763186839,84.32959329780994
717.4794734212888,257.48321267302026,43.26146889303959,84.63978907215187
715.5371678808782,257.99848494217485,42.14755864588841,85.97881621963367
714.287851360394,257.8665910835358,39.48530921386478,86.82123956990355
714.0667082606079,257.57265769407803,36.13443473648081,87.64465733355942
713.1674686935937,257.119128853163,33.26817283123313,88.84475305578903
710.8739787481293,257.18935951181527,32.18278514937776,88.51110415897193
709.0967864438898,258.06310158787306,31.094163433088724,87.82268904429372
707.017790497422,259.6772268533059,30.223767779484817,87.30991645684848
704.2029283390727,261.036009526624,30.10212738823668,85.7640428855342
701.0326087885471,262.3001525874133,30.620835603972843,84.05888868286277
697.8332813044509,263.59418413784596,31.38629946346158,83.23699846789225
696.1743966386726,264.4981563207393,31.121748343281773,82.53705724160142
694.1014132639397,265.49265376156336,31.32256877049738,81.87069216933281
690.9619891676368,267.2335591917126,32.295421498778026,80.23069225073064
686.7537213079091,269.99228079068405,33.55862307745595,78.67948135259229
682.2407680786706,270.70251482098325,34.89089788691551,78.14574229399284
679.2065699633979,271.91472024682855,34.95075014926037,78.5319648632464
677.5662722200025,271.98470268989814,33.922264081638446,79.57250429915925
675.062677335074,271.70366876319406,32.56358194521481,80.8801074070459
673.9401239524707,272.41559417490515,31.415879319399604,81.48661537497502
671.7987741928222,273.2894936577928,30.559835438122896,82.14060607442194
669.9567483028629,273.16129981692404,30.094534190697694,82.43045546473496
666.8267325229834,274.0518334665056,30.592958103514498,83.46792873869184
664.4225323998035,275.71655457773966,30.91346333797256,84.32055963252631
661.0397654806279,277.3050506896675,32.414213317070754,85.1449330702917
657.6633234570916,279.000070263361,34.53796557016767,85.68870034227723
655.478160116951,280.71158914482294,36.88925738793044,85.73605909806064
652.4606781723022,280.09654755976584,39.1988871097475,86.81637016057373
650.301287536046,282.7398821608434,40.86326994094546,87.08141776292285
648.4421548295453,285.1886573457087,41.807004466343045,86.73904555862812
646.2213473237849,286.45077559743487,43.519642036075886,86.96377074226385
644.6233977814588,288.4552396493169,44.398783441742665,87.36562497568848
642.5849125635284,289.7320981626922,44.58047280117212,89.02245873400258
639.7532099347437,291.94080607467066,45.591504744837806,90.09885642475513
637.5417766186524,292.4579859431302,44.42604015448616,91.68574231047089
637.0323300760506,292.9505662385679,42.15648514436808,91.98583524437583
636.7264643009436,293.8807183318486,39.28144773362949,92.41299424598579
636.8729631665506,294.9737308850629,36.945049714787174,92.23698748825115
636.8674163711955,295.6627368451602,35.17366831083787,91.95936528706578
635.9219509922668,295.62279557895226,34.236218722397,91.26800847917643
634.7196760851012,297.4025773137984,33.53637982289151,90.20460718561625
633.2865746526546,299.8031537470983,32.91236714785268,88.57069231607154
631.492153712107,301.76725531954605,32.48157239793592,87.65902230754381
629.2348501261658,302.9491989554053,32.77237318859251,87.00103630096976
627.4094065670406,305.86373395606466,33.448358630665126,85.1077599378804
625.6308497001842,307.1967674446138,33.874067249250515,83.9381003504229
624.6401880475643,309.4138095399962,34.48593426329154,83.23811101782772
622.8441930680016,310.5834783541208,34.73290798134333,83.17795820784627
621.2600171353199,312.3339011947926,34.85674423696534,83.27320832690245
619.6278380252336,314.51733646344985,34.82431519517523,83.15268521695606
617.6662031261691,315.54868544255635,34.1343027896299,84.44379017813094
615.9819505894685,315.8574799773384,33.601840503488035,84.88267960893302
614.3609884139888,317.20637447342335,33.400575471894314,85.00694738708779
612.8681548835947,317.99833657140925,33.11615719790487,85.41654452385687
611.9725696967034,318.39229038948145,33.02122537213286,85.4821701556873
610.1396750654795,318.29547276480935,32.86367970225345,85.05902208412775
607.7990531349276,318.75724787688637,33.33872105633833,85.22640995125175
605.763579482469,320.51391315896603,34.89125195653118,85.70351570262898
604.3939094981116,322.1662577146991,35.62859922276204,86.5153117100287
602.6052752491923,323.47587564718697,36.920043660160495,88.41221296816096
600.2894961464491,326.13949894759605,38.85863731181401,89.71485442505153
598.2359711087142,327.8162080207185,40.107401960190046,90.30886641262617
596.6041674587416,328.6073483841764,41.412906318622504,90.61870664308492
594.4293700115454,330.92728602590245,42.7234427661306,89.81700331855623
592.5504223671636,333.2877468445781,43.71495178437108,89.8454818200598
590.9436653582396,334.1131605766925,43.52121635153539,90.39692438680638
589.2496482431009,336.94661909133714,44.96340414340506,89.87226314059816
587.9268023555849,336.7833485259826,45.52278171708204,90.95526273259189
587.6700196001495,337.46832777174995,44.266075569055396,91.58243821131785
586.6126313499063,338.5454095237436,42.389987315818715,91.79682023955705
585.9007232038024,338.936114874184,40.06709950646413,92.84992570631698
586.068848626436,338.1214348545216,38.239688030016964,93.61277767898756
585.6817526601278,338.35725689269276,37.24904889650168,94.24143868305907
584.6893456760288,338.6858306379364,36.36876772615001,93.00076023010458
583.9690212396245,339.3606354020683,35.791342801732796,92.55598056157437
583.1726619189299,339.6701011054458,35.12597976854616,92.16764797705545
582.257478561356,341.5276017970082,34.84190675781801,91.63000140655271
581.4328304092087,343.64488529070474,34.711480490739746,90.57877353811715
579.6189981788073,345.26331480750656,35.63736105604988,90.50073656414486
578.0616321068657,346.55840461493386,36.715144280636935,90.41672769895452
576.2194568776258,348.7966607122312,37.62211331898111,89.78849617261861
573.9902578176094,350.44092707380696,38.37328182475616,90.59578530691942
572.548587803725,351.08919995014725,38.765783324845316,91.5782732151275
571.5885909000182,351.7750044785894,39.399786894069486,92.89500792159471
570.446467748957,352.35104883617294,39.60944132111541,94.32324552516846
570.0417128038465,352.79709012073215,39.59967386520228,95.1315224197417
568.3084164790279,353.4008220008054,40.198343970360234,95.04558144382821
567.1613884922787,353.97312795394333,40.2171957621875,94.45699450617656
566.348543635473,353.44715304798143,40.30706034247514,93.88984148244518
564.5236134607248,353.4411108569357,41.08291418219058,92.57406646283368
563.0748131420827,353.6807578606355,41.63684015974591,91.31217401955546
561.7814515997117,354.6120501837036,42.57381813779076,89.86321351105914
559.9102279490317,356.12363364888523,43.62020931160248,88.98634737339003
559.4430998702484,358.03908787483306,44.51905654017878,88.85951640371783
558.5103180571508,359.3287586360085,44.82047448213159,89.81118479385776
557.8958401530467,360.41604109011644,44.98071519481976,90.58186014481242
557.3396541145844,362.1120957755835,45.235202447468396,91.36081801173239
557.3658951871208,363.6917633995838,45.59595969205356,91.73064445539737
555.7793472874932,364.15211515691465,45.52595222554643,92.00100756346974
555.5331932312397,365.16021826080714,45.93674553249816,92.09734684594966
555.1106866227749,366.49412609424235,45.338719451370224,91.52098425448818
555.53499447886,368.2227618854908,44.710958558021076,90.73100741266822
555.7658082907427,370.0292010778194,44.59415939089591,91.21460939757888
555.2320235848626,370.58681432745254,44.450331870054,91.12322439859487
555.4311683428813,370.8548641619681,43.352124918370734,90.8342994246979
555.3367157947879,370.8212271942829,43.025308395428254,91.24034556756682
555.0634496738545,371.2899204217851,42.890660696594594,91.37155094567706
554.2574313685637,371.41978836544274,42.59817476899085,91.15782110087204
554.368165148204,372.66652765356093,42.307129575375974,90.27282619677771
553.9916428528235,373.1259901670794,41.87186425822364,89.76209142013747
554.4411008620337,372.47895440726774,41.36640010929091,88.97588001320136
554.7221999501801,374.98413109505196,41.034847053142244,89.03166061361557
554.3770336469961,377.4742150910603,41.093728231573635,89.92279808729728
554.8752183738335,378.37102273175213,41.15379424371136,89.86706220139844
554.2859399251454,379.58289437893814,41.539094143025544,89.19991654515665
553.0775833546844,381.0685919943502,41.51357443673369,89.44498321122886
552.6846984908598,383.3286178232383,41.14983640338143,91.54036620005911
552.0693509807021,384.6161317103967,41.09927248300012,91.45519180785286
551.5196875728655,386.28458621836984,40.798801859098106,92.71514796906112
551.6965839497349,386.29847835772335,41.365976565038025,93.89163143060372
551.7441612224897,386.91514003261295,42.07052359099283,94.72920995155215
551.443243651552,387.8322159026407,42.34625066464041,94.99819928090884
549.45821571483,389.7756730083513,42.862335628965816,94.18860326101594
549.3963392136075,391.4324619003515,42.47909152295152,93.80029603441918
547.9219240896199,392.11125421703275,42.77895021330947,92.02529348738132
547.282918856776,391.9358811969511,42.589610076847244,91.31579234469865
547.0558964065167,394.27994110219777,42.62124732045778,89.67291985056573
547.2094765984766,396.48147534336454,42.38587652904239,89.81665198163549
546.251470625111,399.65526685298323,42.775413523076026,90.58003755218084
544.926440339015,401.7834769866479,42.514299797935145,92.51228029068028
544.556750064833,403.6232325677423,42.411362645913286,94.5416099755069
544.593046867719,406.379751304936,42.62972133520608,95.69541639226323
544.156723522098,407.7736163323904,42.00680070467068,95.41797767532132
544.5029401297529,409.772595765019,41.588310794376525,95.58853973749342
544.9230824777134,411.40825346183743,41.93343314095878,94.7791362605893
545.1523656891386,413.38856202814094,42.73294660454485,94.11982728304208
545.7105924581087,414.8099483254871,43.1708763444977,94.30443634690388
545.1271767036053,416.26417783157876,43.93620175737983,94.1967380807227
544.0561047221222,417.2193020623743,44.6896057768418,94.46858347785057
543.0241186096483,418.41674094770264,45.318112308315634,94.31419995844506
542.2814657113773,419.194819198067,45.64827794334339,95.54323523208464
540.6221464690532,420.4913460978413,46.21641408004541,97.0849918802289
539.1559764584281,420.50723895281055,45.864460926551985,97.87415864536139
538.1244225503256,422.06664280497847,44.95912511063122,97.70825850328136
538.4802263058309,425.46269490470263,44.96252019599893,96.50201932458506
538.1073459192309,427.37011571868703,43.87794225269201,96.25673917809205
537.1947393737945,429.31871836952297,43.22776467088096,95.99154099845997
536.9066681335358,431.74950580244825,42.40698742407297,96.72700344797809
535.4689057395458,433.80149970610216,42.22975876356676,96.74239945262099
534.281509156816,436.2357425192154,42.234060901194255,96.69265371744669
533.2525310404071,438.4463460129373,41.62174597579369,96.66913368831588
531.6421164682487,440.3216329105007,41.463192509789394,97.40385137420716
530.948732842768,442.2661856236114,41.816423088158714,97.77400421824942
529.9973737507632,444.4131742915574,41.960184839825715,97.3118309194515
528.4693929931952,445.6494817816626,42.13274686841996,97.86396998663494
526.1534608309087,446.6274860387702,42.249237963012504,98.67981730356598
524.603335216321,449.16007220528445,42.157645682513724,98.05853268110877
523.3735137100754,449.5364879783019,43.00613914552078,96.83773961511724
521.9747076438684,451.4870537634126,43.64911918641258,95.48787686089024
519.9372916357157,451.77286517549885,44.630576950398535,94.69328049629237
517.62688056257,454.88657452917613,45.24087720795694,95.1932349121067
515.7689147101086,457.1177018325016,45.87893997443402,95.5635928199516
514.9245912036642,457.5424672621611,45.08256015092719,98.608702883179
513.2109693909896,459.1611769828786,44.885013584626165,99.96231928463948
511.3655301690651,460.3994945326363,44.33740144696278,99.75371792802875
509.7340639789413,461.1536862871027,43.92885603256314,99.94976011165429
507.34249919446603,463.2505922502236,44.39590312394412,100.04222404906002
505.78620441300353,464.4048910291252,43.94915054094928,100.90083110971065
504.2772864649822,465.5654822072673,43.586204309611574,101.59121062400153
502.75045606022155,466.7929895064753,43.64168997493729,101.65305484173231
501.4819051948272,467.2072595885197,43.33085769808131,100.79289548274852
499.14916220402864,467.9463063607021,43.646492548239266,99.81061828836687
497.1708197072776,469.04873729952027,44.59912323380372,99.14421356595827
493.46722756869514,468.43119676814507,45.52091064893869,98.06968521556169
490.2466326528694,469.8256051703773,46.02255532601863,96.76864635947676
487.6546298485697,469.16252529364004,45.72246583802979,95.89174381703756
485.43599195437395,470.41174938943675,45.826217399279,93.5045832192857
482.5236149994388,471.0683461945766,45.002971545660586,93.15967564645106
480.8684220736722,473.1259091661575,43.25147394763927,93.7046735283625
479.42095269648365,475.0486038439251,42.62957391303014,93.64155913429889
477.30662966303584,475.6639749227455,41.73051774375032,94.33793694697962
474.8781563109028,476.8075474489915,41.03808843712164,93.45791915564956
473.88363020362067,477.5837561221298,40.22666743849005,92.59430083300117
471.9658329729093,478.0758815753885,40.003118833506534,92.9497234456183
470.715203400846,479.6834829340151,39.681539909624746,93.32654243208515
468.59977863061687,480.8324394442573,40.011306695947866,93.52425204648841
466.56664202537604,480.573213884485,39.940296581234186,93.47528989555953
465.5123966411009,482.15208044299123,40.62998592289692,92.27631608640843
463.89979532999706,481.8863664365989,41.310481485244395,92.710687695437
462.14591538413094,481.54387676678425,42.01873542795625,91.82661994167486
460.80473271763435,480.8567322254289,42.44213026191079,91.4490186034718
459.7012500732961,481.02152056638874,42.94767262082347,91.59535753234246
458.33935559999753,479.21723648944607,42.95060227825128,91.57267745052528
457.55245261310284,478.34709573643,43.72531911830113,90.24004888613814
456.82778505416854,478.7425719997843,43.96211205992317,90.50873116415514
455.74907470834336,478.93244729090827,44.43768827868834,92.51618260636707
453.2907387666703,478.8584277184831,45.2143669712691,93.62616138411002
452.89816423270594,478.70262164648625,45.5365653923205,94.8475301885651
451.8613805039899,480.1711504750205,46.372267878591735,94.13069571989683
451.6526989471818,480.39046621133,46.546593559775715,95.37457295432438
451.3888451948219,479.38267964091267,46.03930980015231,95.92337341964476
451.11083575558206,480.09447213807476,46.44278406097912,96.33291628157517
449.9457479645755,480.6299171155745,46.25589531003018,96.74091769925647
449.39517930924603,479.01253610986004,45.69494935252347,96.83117158728749
448.03391777802653,478.4844754156878,45.84682469844033,96.64709114476793
447.90757158886316,477.38501357263743,45.74814140752612,96.79328951577473
446.89506342594734,476.951685840064,45.72415484753921,96.17562136012543
445.951596898859,475.0542745598569,45.751369698171274,95.47307653849012
444.93648945296144,474.16741155984965,45.195126145371084,93.97960039960383
444.3572220322369,474.4929968898323,45.193138883510514,93.06298921601405
444.09992203971103,472.52469117334095,44.60428964313658,91.16171860706561
443.34808700489293,472.0254418306545,43.908881152897244,89.90157295001603
442.7232374130223,472.7306740549041,43.24224844939338,90.92646654900213
442.3401678224462,472.13411354892924,42.141418164336145,94.0890150273444
442.9120625784828,471.26069389592055,41.08681302588012,95.79634640040084
442.6786001121877,471.40646328784,41.44617759207814,96.21944221386345
443.1417615812528,470.42047581065106,41.07475690948306,96.25473780499057
442.81225655108574,470.30701861040467,40.921521422045714,97.24814421464623
442.23909364702774,471.0881485123747,41.12842724534427,97.25372546371526
442.43874300334363,468.9830836244025,41.603792958562444,97.38826796701557
441.8319594386925,467.4482452907473,41.447597071164004,97.68433642662335
441.5330312188559,466.7550928124421,42.23757927830646,96.3927079287201
440.7903113159944,465.1864415275039,41.97024460702447,95.79080084664957
440.00110328840896,464.1778686468902,43.13756489398215,95.23268668394205
438.83839379802816,462.42011340075624,44.90898290104224,96.4964903376021
438.1038366178039,460.34758675728517,45.084240640702234,95.08801102414142
