669.5,392.5,22.0,65.0
668.5185921504861,389.9635687524642,21.615244564460454,66.13330255854817
667.4808591548017,389.4812602410188,21.569143306531195,66.7950342576761
666.5643336737478,390.34055168472986,22.21324015372519,66.14704830361879
665.8947611677166,389.1132396520102,22.895540609455782,66.70529361348869
663.9312806828334,388.8862250171777,23.601146140989933,67.08842406716411
662.1953506112258,388.87142682908143,24.362651240793795,66.98695641580886
660.6717416218303,388.1461700452826,25.494757200999516,66.51150193244979
659.082302929869,387.83009481924967,26.666231926459716,66.15963674091898
657.9758652299444,387.8409991727542,27.055013030807288,65.85238660548697
656.7363742269988,387.2350333008054,26.976738099671337,66.23254083635737
655.6837267406573,386.42050994236524,26.500794564129762,66.98971506855375
654.352130522447,385.26641860155485,26.283294280137213,67.58643954399787
652.7865825195922,383.61490211742387,25.62096186482632,67.79023435498739
651.5424306722721,382.9516558894954,24.632427686007844,67.16143363228603
650.1056907795129,382.4585504987376,24.330272372115104,66.20670987496032
648.7493845853292,382.000873675609,24.630285196884003,65.79824436075609
646.9747385807639,382.3526989523841,25.473780248998438,65.67519496296376
644.3469600650749,382.6875020168584,26.417998378856716,64.74539989682808
642.7065663659496,382.14474862585064,26.89932536603554,64.21662085216055
639.9337081586923,382.40608549492043,28.2406493473837,63.493286959797466
637.5386117546011,382.11217786759056,28.95194038783528,63.01573499262497
635.4017839441865,381.678623837802,29.50162869489802,62.0985372412738
633.46902177361,381.02129786717023,29.599533187799686,62.37690533186746
630.5996388504985,380.1722270887225,30.091128585719474,62.970976940566565
628.0067669997113,380.07951450397496,30.289140830537228,63.07754923304074
625.2498241217013,378.87523858261704,29.906557470346414,62.78169386063816
623.1704673835146,379.00095160490133,28.578520820834765,62.646297778966826
621.4051324946765,378.3488423802069,27.37671722509768,62.08071530310085
619.2775366004432,378.08278323447786,27.185960889632483,61.367233490226994
617.2343812110371,377.5257731378917,27.313817536364706,61.442590892147216
614.8910165876904,376.3564285860075,27.724053710548244,61.70021219539371
613.7392192369257,374.6672858806643,27.22141238340636,62.79818316058463
612.5429139453865,372.5210711324345,27.53161668405991,63.915747649643706
610.9093844385283,371.08627155967457,28.014024656745562,64.51892428501637
611.3899987404459,369.5400793733654,28.28270869157453,64.95777686785502
611.4895621587921,368.2397169750999,27.519394030156093,65.78351968883072
612.3350084502175,367.7434683965041,26.57789687739313,66.34502564342934
613.076325221424,367.9331084583093,25.51827457832349,66.21540358287312
615.102484508828,367.2909084265957,24.45436957582703,65.38520084211626
617.3071485031574,367.3291055258644,23.844921614939157,64.4163406349158
619.4427095141615,365.52785469323914,23.893650514561795,64.7453218305008
621.9273254891651,364.2614663456379,24.417994137522168,64.4668311497571
623.6019948693329,363.054297063846,25.517380123890774,64.08350840886719
625.6932269965422,361.08965011797716,25.72483753466375,64.77037209049132
628.2652365858257,359.7220897283405,25.463846863329202,64.59191936627028
631.0018959623835,358.41046564159353,24.53875732774307,64.38066794221481
633.5747415425981,357.2664854656689,24.683917760331514,64.20979579169901
636.8397221300122,357.321113589696,23.531292610741353,64.70161298753447
638.3383127985298,357.64383124743495,23.085147631585613,64.70961153140485
641.0582410993651,356.7286214778545,22.953931509956632,63.703006620263466
642.7664286922356,356.67950038943553,22.668627176495278,62.77649451128907
645.8458987120914,356.17727548989524,23.067527960910823,63.66256442690151
648.5863138411729,355.26622601592777,23.057362680775277,63.810588725025745
650.5138240359854,353.1897210635503,22.856688757214748,64.07810821230024
653.7057517243799,351.33319682367267,23.282442793572777,64.5462195105826
655.3238357983295,349.3799462876181,23.904588444577964,64.93532603999765
655.7039498295891,348.9688417445905,24.77438564965964,64.47070946916202
657.9035700374586,347.8307010770908,24.777511395267,64.79675853678174
659.4921347942509,346.8860789507406,24.548732788054533,64.80252534006489
661.8289689333199,347.12875481006057,23.15522231440576,64.65255101657803
664.5458115899502,347.70639373995016,22.201585180771573,64.9627644516597
666.4902459855202,346.02843671678556,21.189227725004343,65.2042268511841
668.5846664909224,344.8081146367722,20.16625022814675,64.89921785874506
670.6399466967335,344.29092836617525,20.244863038112456,65.56606678934702
673.0611968365216,341.5835596182646,21.49712413014894,65.6309159604308
673.8980803648649,339.81867152673954,22.17578312555582,66.7681283235957
675.8490644185155,338.2760965666609,22.166783672887213,67.19354137203354
678.0249893619051,337.4072184880331,22.493958005620964,66.70538209731285
678.9842427455186,336.89179986215737,22.679911477804342,66.16364497200433
681.8361461824396,336.33720125734914,22.500061379627525,65.66106797545936
682.867902572946,336.7226989457446,21.821299441662866,65.82979239484916
684.9823100797806,337.40168237072726,21.33785362393187,64.81641629820069
686.114499666375,337.0178008067823,20.936290307676657,64.53942146386376
688.7716549294017,336.25336479607773,20.866479465003213,63.59821549378729
690.6236399740536,335.64910528127706,20.84673588860856,64.09968008718185
693.025796582683,333.8698681212271,20.916241545708747,63.802065292138934
695.2611850531786,332.2922413878199,21.113883965832272,64.60651562212769
696.6852055716447,330.6975923984402,21.81277181149881,64.75643519626993
697.499801487464,329.0592023520223,22.565880356752338,64.83513999461101
699.5468207663275,327.82801065518765,22.758645044569715,65.10150183142605
700.7105548617412,328.22243534724424,22.701234293546253,65.13002953776699
702.6867939575084,327.12713811265354,21.981611183570383,65.0651029479121
703.6056757457178,326.16127585068216,21.087316952721096,65.15796994030731
705.4616323663248,325.89450823820744,20.33068783015932,64.69976428286003
706.460099949733,324.7724678734249,20.12287154933683,63.99355290198203
707.4455485739664,323.14920719161887,20.000338654049955,64.85643111526447
708.7782079413405,321.5708200392252,20.188922974492957,65.76927436498279
709.8996035160376,320.0156807056104,20.646329044947375,66.02235550909539
709.8066297520093,318.2790125961887,21.35964583379201,66.35521812373659
710.933729954118,315.84952696470276,22.19372586895127,66.87763676677433
709.982593875601,315.63198309527274,23.02732381925161,66.23272851583488
710.7457388480179,315.2541403888349,22.8775475939765,65.86372184630545
711.3987794808327,315.2356105829782,22.39831632539058,65.28697461426121
711.1668479218622,314.77737737613404,21.71514360615805,64.08258283550573
712.432816018709,313.926186526739,20.508857746822628,63.6651527609956
712.7784841111645,312.81906263029305,20.12963442974393,63.89153427142452
714.3213924143653,311.6420737426957,19.432980125359514,64.30007938365534
714.5162313704409,310.4105887316018,19.29698390270923,64.3008673608601
715.661026092236,308.9387410102771,19.16516127811898,64.91936677575376
716.0392204215352,306.7904560363429,19.721745761190853,66.32730752554792
716.8739496993543,305.6186756981762,20.479023083543623,66.16711716237626
716.0025289742294,304.5421396541426,20.690682244669787,65.7553982863169
717.0818599976038,303.1097511186602,20.931554661803336,64.86608027976706
717.8174625749804,303.1566044829199,20.272471494393024,64.08007162225063
719.1035088382063,302.1460097113634,19.869357420623917,63.51926234029041
718.861955253931,302.0348619108283,19.729424747522394,62.003703937454375
719.1987417637301,300.1357176915059,19.209243044457292,62.03011770988522
719.9552639807417,298.1322475095585,18.95505204595053,63.12308402707281
720.4454011722535,295.2112556706466,19.281992519074645,64.0370195710465
720.4137602259148,293.7499490585102,20.125672005727267,64.33903781698673
719.2054160604423,292.6346280055173,21.20902934778814,63.64204663745006
718.3144065175994,293.34761290628376,22.604160734108355,61.982945948766385
717.7477874555891,293.44230827176517,23.347055132447657,60.550154763282436
718.4387680454843,292.78163901169444,22.876711946965727,59.67971295467332
719.4229941349039,291.34077674388607,22.08627476179403,59.32057965070564
720.4458391844673,290.7059537198602,21.720225790253643,59.715672733593216
721.3690297934527,289.3555811130883,21.21933395502674,59.43862186940878
722.1396161790889,288.3425402223281,21.030377785126138,59.6559027151838
723.2127831616708,287.1457997868202,20.598725206909766,61.05244678810398
724.2306060663889,285.12783479742757,20.676860134397003,61.48859263107076
725.2067373080565,283.1130666120923,20.919127661285106,60.765068184022724
725.5133614468757,282.4224602618657,21.34139135416681,59.399749397964754
725.8057244785592,281.8595445863373,21.994764746633102,57.804597959028385
726.1544305600153,281.8980010990551,22.086303086593425,56.979469258238694
726.773514802153,281.6393312247964,21.35670098186499,57.54650776935169
726.5338173017335,279.6260016634311,21.602245965514065,57.70612435057846
726.7347166608931,278.8907731902608,21.952913150953812,58.07278576850712
727.1174831003316,276.877311056613,22.629816847966673,58.87280588197896
727.5365344274067,275.94993282096004,23.26335394620455,59.361823126943534
727.4637656233485,275.15624532236245,23.991051550353482,59.37576436731051
728.5325809161418,274.95233398201907,24.06472801356454,59.37462974542689
728.8290685291731,275.7398099406836,24.532849217326685,58.8363880903964
729.4263858889184,275.1141790574409,24.092819791110138,58.48971608765578
730.9657360561973,276.1602609206907,22.43331689669965,60.588707794810944
731.4133764239664,276.9190735391802,21.99429496476744,60.74716457286948
730.7656381218677,280.97346735061416,22.60508574266338,59.92621588585357
731.262560543749,281.55371878674777,23.592054640584696,58.06679234641489
731.3571572518308,278.45297163484497,24.174897657640958,57.12770265821607
734.7678142307309,283.9219537637637,26.004297620434134,55.451838620105164
739.5018203352004,285.89700252244677,26.53341485180283,54.929625443025294
737.9502075356561,287.4708327795297,26.711109301980734,54.76227441524856
736.2885640079523,290.5310922311191,27.05222625240771,54.437234332870624
730.5748551447257,302.6027057895011,27.5968028686315,54.09137240470521
733.6408077984465,304.2328315690892,27.945621895906616,53.88654863521706
737.3696902759388,306.9559311743346,28.180174903568815,53.71092971647441
738.3079708918027,310.87369013850804,28.327911862911346,53.603494444987845
740.8641824617212,312.51375177627637,28.477952769552694,53.49032687890863
744.9971507688234,311.2720595975923,28.995703746900933,53.1203288872624
746.0451587192665,314.57246133624335,29.17925747186919,52.99001348140204
747.8017354777254,316.3875029718548,29.304170723597718,52.9095801640212
751.2453117500523,316.66070524743947,29.431970838550754,52.82191784398251
753.3787176682149,317.9182880714599,29.802205339353396,52.56642626820722
755.7742365849792,319.3653429262165,29.95365045412795,52.44856477532312
758.4111303301167,319.14220061019637,29.99728487699987,52.42116491763642
760.8319741225546,320.9766903462874,30.199810110269873,52.27472863736406
763.5105623262205,321.205832520448,30.298230149929257,52.21145511801474
765.9209369927645,323.2349856011802,30.363432335853588,52.16536695505499
768.1179894524576,324.49685206326933,30.434299912500055,52.11801628643093
770.1258728889461,325.49357950615183,30.520186138583195,52.06389281298131
774.9709625528195,324.8192997922772,30.958657476119384,51.81423320367453
776.4692707042095,327.54464962115486,31.316783700347425,51.60165553230844
778.2554977792985,329.4571205402157,31.87287435760377,51.25570639476343
780.0010447248529,329.3219968990993,31.94677384799509,51.22033893733986
782.8321302481838,331.4674336545267,32.148442904482685,51.118162287752185
785.3273304011498,332.3354596704862,32.386691261118,50.9811276375012
787.5700092377784,334.35856994629336,32.77600981543017,50.7430924248609
789.4856582004279,333.79267808395605,33.2516314648688,50.55696404778991
790.8457130649984,336.5474821800406,33.5505430083869,50.44220992437693
792.1013706184199,337.53811170010084,33.70208543404531,50.37212351265922
793.5526421196458,339.48023088571694,33.944979433775465,50.26086130147646
797.319538479109,337.5504061037085,34.432963867864146,50.00701456193491
795.897111176265,340.6890951837601,34.61881736156802,49.93826696366029
797.0104302401816,342.34018174513227,35.54820488185199,49.576269135792145
797.7159359381274,343.50206867351085,35.89520899938033,49.48681830378468
797.8246341903824,346.054385432574,36.31032834255318,49.34772614842084
798.9673404203099,344.87914736491723,36.53663916265125,49.28357377802762
798.4947177495934,347.66627847351543,36.58373453689067,49.27338178559324
799.3262928690831,349.46786291304863,36.80382511688878,49.24181429736537
800.109271208243,348.6604505481139,37.41158212265091,49.18528866731826
800.7334413597786,352.26812664770483,37.60287793083911,49.16525993539093
800.661418539282,353.92651659462115,38.26407302022718,49.04061728292191
801.1728612880695,355.53804070354573,38.58126384997606,49.15939478872081
802.1090242513221,354.4424110132837,39.372302810708234,49.40938381783493
802.1403592536503,356.81849864473486,39.91635438608044,49.58413707513519
802.9619015985734,358.997007951161,39.9986094665514,49.57303377981833
803.7059502091089,360.6395834485803,40.28071428615266,49.60046384729664
803.8567981754932,361.5728040960514,40.653745972078475,49.83619492707975
804.6551049987887,363.9823858868342,41.209820828752804,49.856554660943864
805.4318553441387,363.18502371868635,41.31683055885201,49.914516282853555
806.1046727493401,366.58650385433145,41.46036475002836,50.02787395132172
807.1611958489439,365.89803668156355,41.755655190225404,50.28403295486985
807.0936750858289,368.6739209821239,42.04555548444165,50.533826186177166
807.1456531329812,370.988092036701,42.2212465020295,50.6963795390591
808.0237777808074,370.19757797355214,42.93321124141127,51.32635458241387
809.1982796192955,373.9292460429929,43.06624773129016,51.450669696278986
810.5376891487049,375.3328478143188,43.22090020910766,51.57195726919717
811.5374767331184,376.07530643355085,43.47585213226046,52.10962566114993
812.8452738549223,377.68895869615807,43.62039187035748,52.371128337321046
814.2118874118521,379.8395267338366,43.90404336138692,52.637404161530604
817.9184360127458,381.8358088282987,43.91280876183331,52.68653985892844
821.4508805464566,383.87150745448605,43.92301820896854,52.72132899647687
824.7707903505199,386.50394379880044,43.940492397381306,52.73741019197279
829.798379832099,388.9631031082421,44.098548335651245,52.95345713171381
832.3684665963366,391.93967324252594,44.11627990895232,53.15158057698271
839.5141931563585,392.99480065139824,44.269650053984044,53.51563401157274
842.4307590120867,396.0735400497478,44.299253137144525,53.612626516906076
848.4722966032986,398.8040745340457,44.38175584320948,53.87701712396332
853.7206341119313,400.8937101970231,44.48048735823156,53.93081903256669
858.9552786015859,403.410172630621,44.57593951356605,54.007718345973935
865.5087940139256,406.81323022140174,44.59929885612298,54.08966039631552
870.7623950296312,409.76023746434026,44.72108985907452,54.208572965797295
875.6256572301817,412.4602692672654,44.812052220974095,54.4141607385786
882.5479512410348,415.0784130314948,44.82561372777127,54.42627962033713
885.2819065809756,418.02751585427995,44.86989148249034,54.68585605255613
893.388970254151,421.49354389856444,45.01959660989461,54.79010586837555
899.5266976489072,425.47746768671794,45.089976552437825,54.83632784925853
902.3237551284842,428.62919253431943,45.12743002513798,54.90978502585124
908.0423881298518,431.332842510737,45.21394198413369,54.95145872871671
911.1089638972843,434.39254963301795,45.22662012685056,54.96603000356399
918.0750663298259,439.19112761475265,45.33199765922848,55.00129553362489
921.1113756630442,441.5046307467361,45.34136923479598,55.017660851689286
924.6606720947638,445.2354573713744,45.39799449574662,55.03640911837332
929.5979204093766,447.7291833601643,45.42812471283455,55.04713705336066
932.6349113869026,451.226086582027,45.45439443243452,55.05932969792268
936.521812649211,455.55684161072696,45.479283180553196,55.063721778279074
942.3617278857369,457.60986299938025,45.55101768705478,55.02490541088461
945.2426535582632,461.49650626962176,45.56975973723517,55.03381205430048
948.1203259413636,464.45050127448474,45.576314919154484,55.03688905354669
950.9480222052763,468.3149538758564,45.60219394436883,55.04836556848525
954.6060670104356,472.8577240141326,45.62205375497906,55.04344605761892
957.5202289411507,475.1287257823139,45.638663880212704,55.03445061985856
959.884300029607,479.1193667657884,45.648726182517755,55.02979504908871
962.3811607765433,482.8268865404396,45.661727615738464,55.02229343695066
963.9445007413265,484.1436430385551,45.67674652345247,55.007275905044594
967.6423889688804,488.6062103030676,45.71029231108144,54.98364875364418
968.8754789960398,491.29769822903677,45.71338534712521,54.98168104989915
971.4331825388998,496.0857927042168,45.71658768981085,54.978200229421994
972.2791641471264,496.768941497815,45.718733674789036,54.9753543615096
973.7046910505843,500.91209136322294,45.72883347047341,54.96501078456329
975.6011941463477,504.6202400544616,45.7324714897621,54.961404518419045
977.1396858414165,508.74837999787803,45.73995884852581,54.95272518700607
978.6620132645788,512.0544817984311,45.74215063039016,54.95043398137738
980.191864249081,515.6974402905727,45.74500373607744,54.94727380251407
981.5712479309267,518.0210798816242,45.74677781144254,54.945304545490224
983.8789569960317,522.9101836647734,45.74938689146834,54.9426192112475
985.9992919985486,526.2810899618657,45.753513639364066,54.93823766640983
987.6300985867665,530.0961358937896,45.75581933957617,54.9358370714832
988.8749047225388,533.5368125925379,45.75776395088998,54.93397881787676
991.2125184131215,536.1587425242351,45.76227890599753,54.92992942124884
993.2508804813939,540.6990812687834,45.76452520173433,54.92721576119275
995.0229704900116,544.362708214007,45.76731841295358,54.924079054430834
997.0414307156186,549.2286044041164,45.77527406037232,54.914784614275426
999.201425091527,553.756121784363,45.780421493248,54.9086876513285
1000.8461460167123,555.892205219345,45.783541173944236,54.90553180202496
1003.503288906895,560.0299930242292,45.78537935598124,54.90345663476159
1004.8878809803664,564.6351060944232,45.788587481987555,54.89969526182954
1007.0983114699375,568.3050130368194,45.79098242325566,54.89688889961998
1009.5233032026267,571.9890907069337,45.792239115958154,54.89541465832971
1011.0321658628951,575.85733998509,45.79397852663782,54.89329491671428
1012.8953279206951,578.7256887698865,45.79504207774021,54.89189693437104
1014.4756432813505,581.1804552594324,45.79567315338063,54.891090647478926
1016.232523716338,583.1311463868549,45.79579992721954,54.89091226340731
1017.0885207525438,583.9826589034742,45.79583233166812,54.89085129762763
1017.310138533673,585.0741087571714,45.79584387906134,54.89081482570687
1018.7200742373868,586.5408072040909,45.79584508935534,54.890808310820034
1016.6891298673968,580.9681671077271,45.79582272322573,54.89083055371849
1015.4605969490503,574.9088482487826,45.79553234539515,54.891178324097545
1015.7694423454823,573.8363869080079,45.795028516089545,54.89187803087004
1017.4516788034488,575.0328384654454,45.79489447497339,54.89206111098698
1018.7462553589763,575.6900309593243,45.79470654145434,54.89231426104651
1020.49248933583,575.9650495321629,45.79453766764217,54.89253944733202
1022.6720701261636,575.6198324821132,45.79440824105804,54.892705388518515
1025.103254380664,574.202579025559,45.79431342514167,54.89282642973987
1027.5186516047104,573.174669562887,45.794228911283774,54.89293456254239
1029.2360274461007,572.3927821656956,45.794165796618366,54.893010469100055
1030.4637691287298,571.869385149665,45.794124859949,54.89305848561253
1031.818361310156,570.5900395517366,45.79405957859388,54.89313566589015
1032.1694247378186,568.1133368107305,45.794002601846934,54.89320633955276
1031.4898179597012,564.7745770360268,45.7939259158865,54.89330002760144
1030.5660492179495,562.4043269951763,45.79389512584585,54.893335421955086
1029.3065641882743,561.6273889719582,45.79385344928002,54.893373334579344
1028.908045602279,558.2931186239997,45.79385445031134,54.893372599069274
1030.2357192353377,555.3531041592728,45.793907698796275,54.893319874928224
1031.3856374138397,554.1532583287731,45.79403529290298,54.89320336751647
1032.7952463418578,554.3652401686601,45.79414145343818,54.893148130001194
1035.002773391741,556.5930328247954,45.79422226044068,54.89310538212281
1037.864489622476,559.4042483284197,45.794309124226906,54.89304080324923
1041.060156784035,561.5738602068302,45.79433746819254,54.89300609901003
1043.8457451917316,562.7153306635464,45.79435530154184,54.89298530772436
1046.610228402264,561.4905098538201,45.79436579774397,54.892976639548785
1049.7261103433475,559.1371273421346,45.79439150450537,54.892954553544826
1052.0039833244418,555.7935045299166,45.79442881410613,54.89291618521328
1054.8372565170719,550.1695086595425,45.794484563550775,54.89286868035603
1057.6996641752985,544.6821470081653,45.79457283062405,54.89280045631612
1059.3783449654381,540.2643559914909,45.79466245083011,54.892743489726016
1062.8528409460434,537.6049942536985,45.79466321880637,54.892719444864014
1064.7222158759357,536.6818811644943,45.79440417895274,54.89285792910429
1066.1387068236738,533.7456543699728,45.79424555999655,54.89297179265273
1069.3563530596255,533.863570506642,45.794298260975076,54.89291381285649
1070.6856268909337,535.786890416426,45.79434925978151,54.89284424666071
1071.4654173820318,537.3380291928254,45.794378525197374,54.89280153425499
1070.928870921273,539.1234507393394,45.79441451045078,54.892754215686544
1070.442068380388,540.4817016327571,45.79444298690063,54.89271837886346
1069.6100669197313,541.508865693678,45.794463516856815,54.89268603529634
1068.4324888052945,541.0840904326313,45.794499563693215,54.892631950761235
1067.6553066905594,537.8057406505155,45.79452354982389,54.89260076776986
1067.7441591720997,534.9536693565724,45.794538120186765,54.89247633066227
1067.8343997362692,531.5105922549513,45.79466000429002,54.892005720824464
1068.4225539188667,529.8542082086856,45.794716776195614,54.891754537690666
1068.9857670053395,528.6286682728586,45.79490219363511,54.89140075074485
1069.3369975604992,525.2131914365308,45.7950019849576,54.89116574465903
1069.9853694591886,522.5591382923373,45.795083119677294,54.89091193325371
1071.4112524398072,518.7178545367226,45.79529140732639,54.89073160360148
1073.5424218495025,515.8878684232807,45.79544286045773,54.89056522346027
1074.1575196896974,509.82347819194996,45.79299295147584,54.89337389199327
1075.128361846218,507.3434231829698,45.79363077340632,54.89249348102904
1075.4176336836624,505.2424287415737,45.795207065978246,54.889194907308855
1075.7382988819174,500.56987151374375,45.78768653398883,54.8938171144335
1077.2300063319,500.236783830003,45.76605122844523,54.912514974323756
1078.308072117652,499.82360844781186,45.74129020137491,54.945744043187545
1078.4170326162907,499.395301144663,45.72254719942149,54.970583878271746
1077.8615737501252,498.9303091973912,45.69339485099543,55.00289368910572
1077.2090397474894,497.82830888959325,45.73380345151255,54.945391561934265
1077.0514602778057,497.4057079867153,45.72605792329709,54.95028792011169
1075.423028683872,499.20265222841226,45.72778271394801,54.94535317016196
1075.3634375314532,500.7382683591145,45.72903183487706,54.941437202473914
1074.3560646758847,500.3193001628525,45.72953298958671,54.94008929419373
1075.0280923573202,499.1823727333222,45.73098548689943,54.939153389399344
1074.4020236733663,497.8307799330473,45.73275545177678,54.93807005760661
1074.677413784568,497.4796358389868,45.73451189576682,54.936073100921824
1074.9024537380794,498.38249963102066,45.73695474341318,54.93285995071486
1074.3502214860948,500.110243421738,45.73826184629742,54.93099685620342
1073.8760208722565,500.84285506474157,45.741567415671994,54.92611573900422
1072.120997778262,499.74851675627434,45.74251006705461,54.92488337461546
1069.9598248525924,498.1493776312438,45.743337974058136,54.924028466946474
1070.6748819892875,497.5426507428516,45.74383149638327,54.92329521770693
1071.2743402374272,496.09374133953804,45.74479381194043,54.92252751272217
1072.994085483392,495.21925640870535,45.74602459343299,54.920859604688445
1074.8347370693095,495.9044467166814,45.74714692056018,54.91865366086317
1076.9058608349085,496.8702539598293,45.74766586503991,54.91762372447112
1078.8098546046767,496.9111721420137,45.74801768287928,54.91706623557257
1081.02161599048,497.7342850590843,45.748429847795975,54.91650855042578
1083.315877899265,498.4441360018944,45.74862587504447,54.91628651175992
1084.8992468139104,499.6962144727687,45.74874290415187,54.91607730484406
1087.2403630016736,500.9303349850632,45.748891681732246,54.915732741741856
1089.28416584483,502.97192534219147,45.748999236996326,54.915370535633535
1090.7515575211844,505.0624233376421,45.74909184940637,54.915081522576585
1091.688887002055,507.88499005531696,45.74915071927676,54.91496189643093
1092.3347981580948,510.30473421169904,45.749292342095536,54.91471651884738
1092.228757327968,511.057013863541,45.749434339654215,54.914492857024456
1090.4609560018348,511.0089989498313,45.749509047355744,54.91436309962351
1089.5233453726285,509.79901848628805,45.749775486089256,54.913893128043696
1089.4095851150348,507.89585296771327,45.74998322781054,54.91347267555396
1090.22596270571,505.7492720899598,45.7500821505023,54.913198380645866
1089.983983462815,505.47843274203905,45.749641943445525,54.913384614329196
1089.9128960939906,509.08194135742605,45.749785518117484,54.91312874372358
1089.7204936795106,510.887954831433,45.74990843680119,54.912830463922695
1089.5760852945111,511.4562826323791,45.74999524111321,54.91262777531476
1089.3310325467903,508.91151531614935,45.750073845323385,54.91248984231403
1088.9054516209217,505.8698050669969,45.75022269228084,54.9122750104187
1089.4707406222853,503.13176186795215,45.750479269021255,54.9117178461913
1090.1428166482335,501.5789935185937,45.75051256945036,54.91160268943949
1091.1188471544253,499.4996336705685,45.75066329469921,54.91136347359411
1091.8245644938286,498.5720442721608,45.744728431833465,54.91752333902067
1092.390309020352,496.64690036775517,45.746144981241784,54.91590580191514
1092.2929548974168,494.81770318666383,45.747318599555285,54.9141064823809
1092.4657084050323,493.7329790431175,45.74757341989972,54.9129204997593
1093.4476899021615,494.29453852732036,45.748337827374534,54.911467366734065
1095.8018395814797,495.5066339520623,45.74857461680954,54.91098686347207
1096.6582432931843,494.4433797673313,45.74850213106828,54.91102776657975
1095.6897699263789,492.1091275386276,45.748662451486545,54.91084201936675
1095.0450756724729,489.8216089797781,45.749389360138835,54.910282327678644
1095.49123798129,489.2180825894797,45.75008567041074,54.909607318396546
1095.527614622362,487.19601100023624,45.75248530696305,54.90720213033685
1095.5085936819057,483.9453990010682,45.75425650238169,54.90510305051739
1094.85209171262,483.96375610411593,45.75629263795185,54.902588685742394
1094.1976922418114,484.72126677662436,45.75721105874866,54.90140873133527
1094.2335485029648,484.7984663976321,45.75786047509686,54.9005735848169
1094.4938173556206,485.6728567048256,45.75815161290213,54.90030678821708
1092.8417637113305,486.5594031059828,45.758600892906955,54.899740130884034
1092.1114851922002,487.97630650351834,45.75987147982781,54.89719044068672
1089.676026804315,486.1366154474617,45.76143543806302,54.895509616017215
1088.2653398995662,483.75939526238596,45.76343420941336,54.89248653096846
1087.5647331245518,480.20149274785734,45.765023054127795,54.889816122861326
1089.344340355759,476.14675289094293,45.766278695930644,54.88701499104811
1089.969469277152,474.8861822633628,45.76748772345242,54.88507112886822
1089.065916009855,473.1723269446994,45.761368273473096,54.89015622450796
1086.8988381641075,470.64604321219326,45.761050355043864,54.88948577448124
1087.3024341826228,467.4964585073672,45.761106314343685,54.88890628658092
1086.2100349721957,464.92352957929336,45.761390689482475,54.8882773835428
1084.716744989511,462.7174274037367,45.76195819605064,54.88742536105991
1083.7748251596568,460.52561978241306,45.76255417575878,54.886201068947706
1084.3440347701826,458.1096170843823,45.76280933310237,54.8850136396918
1086.1853160835676,454.2747572238799,45.76240922960194,54.8847804912814
1089.0223752943907,450.616792382048,45.76171219085973,54.88541590919808
1092.8402312419446,447.75412483040634,45.762393842809985,54.883402684844704
1097.0868799894256,446.6420563850027,45.76386353687395,54.87997047241094
1101.3918667422565,446.8150415145544,45.765853303306734,54.87194966809192
1105.6845058172044,444.70324189499496,45.77245595175098,54.86049346058609
1108.628173557913,443.66140887328123,45.771423418331885,54.855494495468655
1111.044028541095,444.3239258440709,45.76901051770261,54.85475118709082
1111.8843524552976,444.8335504733976,45.76641308812411,54.85653306971863
1112.398479675606,447.1259082428334,45.76429301926442,54.85712894365823
1112.1241413017563,448.9668686891681,45.76212998520319,54.8584484646546
1114.215891269655,449.618330109364,45.74982603329204,54.869622075068506
1116.1938912803391,448.9934178241552,45.74892940929332,54.87008644174317
1118.1789729904986,448.06659662822307,45.74810059133049,54.87003201048733
1118.690326456644,443.96430052173724,45.74426246301759,54.873443765390135
1117.8487776541156,439.8378872260403,45.74396849702952,54.873378816256604
1117.0746666902185,437.704950276499,45.74404393854153,54.87317853473617
1116.5815101728233,436.82843635806336,45.74422637812464,54.87278017741648
1117.1093302773806,435.6107861480414,45.744786673312866,54.87180964523571
1115.8005995388878,436.46406146244976,45.74023458142019,54.8753988870626
1115.213551465561,438.78193791279006,45.73614073516931,54.87834170323991
1115.834032593781,438.6938786338242,45.734031575690786,54.8797615656312
1117.6277820220373,440.8862608970218,45.72643369917435,54.88606883565319
1120.556896794078,444.71975862478644,45.7141957665735,54.89426382888492
1121.7393780020097,447.69332169815436,45.71027871127522,54.89734253139222
1123.1725940389588,449.47815401365847,45.70742543376412,54.89986103255567
1124.770139953934,450.8639490901427,45.70755025954486,54.898880973657675
1126.473064688467,450.8672195899769,45.70825000579538,54.89745551329044
1126.286102980051,451.45407981872546,45.71115659242147,54.8904361342082
1127.5676708343199,452.14464446270983,45.71186079629834,54.888445554354064
1129.7767135275008,452.9113817511982,45.7122419779297,54.88703195817419
1130.8530100381201,452.65977279262904,45.71472999039781,54.88324442220279
1131.504054220145,451.1926956247196,45.71638796900692,54.880445928660734
1131.3906840242446,448.61698250505185,45.71694323271516,54.879172220639
1131.4183889195142,445.36310978037545,45.717453979737144,54.877373774270325
1132.356868932007,441.3848917911674,45.71762339029052,54.876585383637504
1133.1820768268033,439.26672537910173,45.717475082501814,54.874605963353474
1133.0197452905784,437.34228348852486,45.71766039296781,54.87389753564488
1133.8561000563673,434.95198871505806,45.718807358200955,54.871650168516
1134.0986481399127,432.2821578951036,45.71938089340165,54.870166769820194
1133.6233377300853,429.5800890291588,45.718698052186774,54.86846076696861
1133.0773150709556,426.4479501750316,45.71931473294189,54.866672877688785
1131.9528866092621,422.8201161735854,45.7215030791343,54.861801348873435
1131.78770193796,418.98797836193455,45.71538295292588,54.86647766797596
1132.815527938608,418.96854653934344,45.719174902282504,54.861586217706034
1132.7074021913893,418.86597468907246,45.722596493952054,54.856190547472785
1131.5366760014065,419.36573087758205,45.724396335618195,54.852242631207986
1131.2408423156912,420.34126380427483,45.72582990425346,54.84943195913499
1129.7889132763905,420.2970637966699,45.72764678603169,54.84583702565975
1129.8383393602082,420.0594478646799,45.731488422004574,54.83900365903177
1129.84012932526,419.12880254452364,45.73316884627444,54.836038155774354
1129.9320833465495,417.0548583527559,45.73493433856589,54.83053088653875
1130.3491451467196,413.4946316824643,45.73542882980877,54.82551835721848
1130.0835434142305,410.24308288491693,45.735729134215156,54.82310848313591
1130.394239292959,406.0112463210908,45.7356443325724,54.820925058664066
1131.014694225027,401.9980689834472,45.73527902600811,54.817937082584166
1129.8264696767249,399.5373570318439,45.73493020810721,54.8165470934263
1127.7020941261685,396.6367844426972,45.73586999177578,54.81416682387419
1125.3978454745134,394.87097358734474,45.73672559815607,54.810128029284336
1124.2586840066247,392.1615822804622,45.73777273322888,54.806073385664114
1123.8602458517553,390.690598579594,45.73915174472681,54.8024188200849
1122.4792523945741,387.22230314302425,45.73806187686235,54.8007305413079
1119.8965250103124,383.899870484074,45.73729168887367,54.798472999253626
1120.5820687215776,381.61804014684435,45.73633659342304,54.79541175751407
1120.959832672925,379.3586167899828,45.736482576073556,54.79259194444273
1122.0140765706226,378.9072823526533,45.73678851618258,54.78939586510704
1123.12798720742,377.9368078311929,45.73598893677112,54.787228243141385
1123.0142891521557,378.8444632684622,45.7360852527451,54.784013845157574
1122.9775281238196,378.6404692725338,45.7231711569589,54.79626782488757
1124.0308732519331,379.0587017764995,45.72305805870629,54.794207941143576
1123.0837245740302,378.815246859706,45.7228968821786,54.79199517536716
1123.6768505380767,378.01110960371994,45.72256936490556,54.78707939402723
1123.501769409531,376.6240361033602,45.72164142920198,54.78468420800966
1123.4375768154252,374.01145268219653,45.72103064752223,54.78254230018444
1121.238739559547,372.2277318798659,45.727238064857346,54.774443600661755
1119.516440259408,369.88106374914884,45.72901659296119,54.7714311949511
1117.553147963771,368.357343460501,45.734266440735624,54.764479434447686
1117.0055990090782,367.8015032147778,45.734382560532005,54.7594886021178
1116.0662767732872,369.1110978969381,45.735837157465255,54.75243846280339
1116.4555368709557,370.840680390835,45.736857083683546,54.74809839947851
1116.2182628235385,372.9297180336094,45.736446699113266,54.74205880805212
1117.009722539948,374.75887896278937,45.73716271570408,54.735631042252
1117.4921770846024,377.19617118269616,45.73603772502001,54.7324941656097
1119.0391058694577,379.4637932333915,45.73147339681036,54.72933309873444
1120.4796805940164,380.52310350917014,45.72977093103051,54.72646524416814
1121.244696377035,382.81591438610667,45.729716925036314,54.7223363911435
1121.6357403546892,383.0403190965863,45.729669088899364,54.7189741766814
1121.9222695020271,383.2203546979127,45.72958666817089,54.71568326463224
1122.269662209432,382.5837884781651,45.73000604776778,54.71400085999591
1121.821355086913,382.6634751249936,45.72994607701237,54.71222633004319
1122.0098731893565,380.02684330289196,45.72989685256322,54.710628638492125
1123.2982135738393,377.8426524919065,45.730562170099795,54.70808292663133
1125.4243840919962,373.5481683684831,45.730915740567205,54.70752499702538
1127.4571889908389,370.0688308800216,45.73128733097383,54.70660906208321
1129.8378536665357,366.7609509855572,45.7314778884853,54.70310043365356
1131.9806517243587,365.2101332077731,45.732559610210785,54.700259775766696
1132.4301518219297,363.5776587733398,45.73310001822992,54.69801747298713
1133.2683858963355,360.89312062491945,45.73327488337231,54.69637529067135
1133.0871602044292,360.2079873338128,45.733441577043216,54.69561416483105
1132.753267950708,357.37516379586367,45.730620126977506,54.69799791980639
1131.3579234154934,357.43133778191583,45.73025828645716,54.69675734180139
1131.4737681865581,358.57004601224077,45.73018021967598,54.696137460512425
1131.459718166628,359.6142416081613,45.73106502087594,54.69395270482856
1131.4603333133,358.4094428342254,45.731284798177704,54.692100581908754
1128.9821238134125,357.37143975030335,45.7321230865879,54.686455062130754
1125.1254676141673,358.18954029459724,45.73195930404811,54.68543933445158
1123.165252218399,358.31152497534737,45.73167142569332,54.68455589376195
1121.405268945254,360.245494493664,45.731431997404385,54.6816404701048
1120.9313295017391,360.49169255370873,45.734497752147774,54.67486669641649
1121.2333762418325,360.28525418573884,45.735094764114244,54.67088437183038
1121.7292864127114,361.02691662064314,45.735853703686715,54.65970291365821
1121.2154547997468,360.850606157098,45.73810162829287,54.65334795344988
1121.957515985458,359.3658826168575,45.737916877987075,54.648936915873634
1123.0031837784716,359.24334698894944,45.73892366866904,54.64346165670182
1123.7689169574205,358.73360869102504,45.74077881059573,54.63845945940632
1125.5084791347033,357.9871255040788,45.7426470116483,54.63297436197014
1126.703258785347,358.14175391939847,45.7436807622712,54.62893625772732
1128.5901948708693,357.77678821974,45.747781766275644,54.62009472832949
1128.6148854274618,356.57788709110395,45.74892461964163,54.61669478375833
1128.9885667604274,355.2854360509461,45.74971492497798,54.612472661345784
1129.2671370162589,354.2404971064491,45.751125009552254,54.60719364230448
1128.9915953754787,353.30153219045707,45.75203846555856,54.60446294038357
1127.6450208983952,351.4484304705606,45.752063840700245,54.60059934640878
1126.2820418119504,348.3050669994336,45.75283566562829,54.59887318655089
1127.5232049155454,345.6029681179453,45.75399301137126,54.59418785473993
1127.6076502345836,343.7413127092736,45.755020716719784,54.59204624898771
1127.5236270160574,340.99741296592117,45.75676056869864,54.58903915610269
1127.1269261072757,338.49014045694094,45.75730229552955,54.5880588330292
1127.7570985102866,335.78369461791715,45.75772244598203,54.58687752065932
1127.5979860014493,333.9329371017435,45.75819334402193,54.586168536817006
1127.250787167071,332.0259083627951,45.75840092784444,54.58576359138923
1127.3424721467204,330.9739489162704,45.75854042267672,54.585486174395356
1127.8186950371428,329.6681232741115,45.75862401261645,54.58528433600193
1128.140255343806,329.3402833913009,45.758725552476605,54.584937499831824
1128.3474692820425,328.13550731057455,45.75883385411604,54.58454155070404
1127.5148997502458,327.16848761272485,45.75897140613555,54.58408549733722
1127.0085160299434,326.1186810031581,45.75926919742533,54.583260598489815
1127.099213997584,323.47248187010496,45.75982070205317,54.58236729583996
1126.6416321423867,321.2104583500029,45.76046993042659,54.581266897994745
1126.2260856745022,318.31504478538864,45.76108699940116,54.58014094037025
1126.2025023779688,315.0744080749766,45.76125852636156,54.579831242755596
1127.5580709087365,313.1628932020473,45.76159755239638,54.57948671722138
1128.421809538058,311.3314408951628,45.76172623266494,54.57918141582921
1129.668692726918,309.77754545614675,45.76185252462271,54.578578386314405
1130.969879079374,308.2947790481248,45.76219268935417,54.57769746601491
1133.2293379272762,306.41660445706646,45.762702293049635,54.576387689696496
1134.8677504532552,303.3661184889655,45.76342030902366,54.57481865604971
1137.194731991041,299.6569839350679,45.764059761070854,54.57377480989597
1139.1365447062333,296.35010163203333,45.764753874524644,54.57210095466147
1141.3755052494319,291.83954239018465,45.76476905598002,54.57208315448431
1144.4042296131668,288.4328280432468,45.7650839050181,54.571085903077986
1148.6091692283287,283.9820767487088,45.76696977326567,54.56841178011792
1151.541271236034,280.09029981493927,45.768853671368404,54.56415770622012
1154.6160570003694,277.75425237748857,45.780541793881845,54.545065199377206
1156.4861540544387,278.5951741625363,45.805222144056096,54.513936265130724
1157.6446586002023,279.17634716484355,45.819025029915124,54.49430166150191
1158.4281455382895,280.2637220677621,45.83240310247912,54.47686281834188
1160.7496121985225,282.66982942733995,45.89609238256856,54.40911488080233
1162.5351954251964,283.16643896127533,45.907031804235935,54.39645182413148
1162.7912990666803,283.84725625823404,45.913693086827486,54.38857473086263
1161.2904027613295,283.5484236091451,45.919096785328335,54.38155388802637
1160.6529682945516,285.6558460536372,45.9270632721371,54.37255960023849
1160.415010117048,285.08731917595117,45.93246920396106,54.367040595028634
1158.4953812169956,286.5924685168194,45.9380191946175,54.360531815025546
1156.1983601583208,287.56578987408955,45.95151827073765,54.34141950839077
1153.4375882596132,287.8724183781185,45.966756373573,54.32574448294555
1150.1400146434796,287.35749490686476,45.975672374150804,54.313909182105874
1147.7815973972408,287.8379939821233,45.979343013936706,54.30996224914477
1145.5278075143171,288.9935830618744,45.9849906356189,54.30394246633628
1142.1635779004403,290.217494199218,45.99290504830907,54.297335468367294
1138.5888816315196,289.7846540159147,46.002611001677835,54.2872331067785
1134.345029913039,291.17147632489974,46.02004237443012,54.27203708957753
1132.0884044400875,290.7960211059454,46.028294636403466,54.26391813905851
1128.7150921937357,290.8734913465406,46.04105625221502,54.24712748558677
1127.8815590835459,291.46960360877773,46.046837787459935,54.24045233950766
1126.712060687748,291.3010904800118,46.05165493923974,54.23317776071484
1124.3085685835733,291.7059862368302,46.05979719431112,54.2241741727983
1121.9461961641866,291.1949880398265,46.06863779724457,54.21286265684017
1120.8394594342626,290.7797117643597,46.071420281903535,54.20882870665223
1120.4014102910232,289.78257871096343,46.07416502748494,54.2049634190584
1121.0593708828887,289.39692065490004,46.07868556662378,54.19822666472637
1121.1388006476147,289.4640826187992,46.081078193071676,54.19474078836641
1121.5020659043605,288.63377155674766,46.08292949215272,54.19099166040954
1121.8469160073382,287.9494380513998,46.084783892158356,54.18768551417622
1122.5741988364814,287.17687034043047,46.08638819675478,54.184890576274455
1124.5689397692183,286.9085127428866,46.08773269961276,54.18220865088646
1125.3962434409157,286.646624161276,46.08844087459743,54.180831342710185
1126.345909782256,286.6507653597675,46.08947044510583,54.178488711560625
1128.4389070300347,285.4330642262279,46.09073610045775,54.17556509668185
1128.0970006490911,285.61490450657175,46.0913471320937,54.17333675786446
1127.8721256851866,285.8631096899938,46.09274967020494,54.17033811081944
1127.9718593820949,285.6230511424131,46.09376747607782,54.16791212493569
1127.9488948923638,285.9707548386938,46.0949655649981,54.1656621072332
1128.162755182038,285.8610984300221,46.09552432591676,54.1642480024221
1128.1857300528366,286.615242409563,46.09626457522739,54.16294225063863
1127.6498286052142,286.87550072163646,46.09716679183744,54.16121414301316
1126.9170177921042,288.54891812110344,46.09868173909498,54.158018002602745
1126.2621919360256,289.7436677308412,46.100587517719404,54.155123092209216
1126.9612863735802,290.0751331648679,46.10193477542269,54.153003231178666
1126.5908896357757,290.80845356530807,46.10282325129856,54.151632591927054
1125.6231920121727,291.98634383076615,46.10385537175002,54.15027319977433
1126.033999246966,292.4781073879558,46.10546407578155,54.148547535647616
1124.8993917682421,293.3169738377346,46.106787149379436,54.14723568234689
1123.903649711282,293.12301097183183,46.10786022013239,54.146227457529506
1123.3293006208617,293.37952080331814,46.11065886674749,54.14313041819111
1122.3110209007043,293.1186473631074,46.11217840532877,54.14104789807323
1119.7506528885272,291.1011214548238,46.113125306148035,54.13885253370179
1117.98516196599,288.9491723500157,46.11248974819178,54.136502555299145
1117.3709394720352,288.35847140080284,46.111441594927264,54.13480041548632
1117.284165647755,287.45426039324764,46.11031593952621,54.13176694239175
1118.4880435411483,286.968333745021,46.10908671829118,54.12839484984123
1119.2899522338005,286.9800432030065,46.10837082491474,54.12498194045382
1121.022418954904,286.7199603695663,46.10606288624785,54.1211106634217
1122.209295875038,284.4775897283431,46.10472744960558,54.11688023566305
1123.3003166911096,282.64113053298587,46.105155900698676,54.113054642155134
1124.9748443867002,280.88703087887,46.106035087459716,54.109168035775006
1126.0079287546214,279.7184717485006,46.10549392653795,54.10515437093104
1127.4054401897602,277.71471927552085,46.10706519917419,54.10255799853115
1128.8784885341881,274.9914086695267,46.10874983470446,54.09979738221122
1131.106773607629,272.8200849394939,46.11073490938021,54.09595588964021
1133.8783414479074,270.4511304610628,46.11226122757262,54.092863240514816
1135.1132966447958,268.27982828176437,46.11382262029457,54.089487908559974
1137.0965039106252,265.244716456507,46.116261085462035,54.08324356819946
1137.8843552992535,263.4385725433412,46.11727520807743,54.07609536891155
1138.2652255534422,261.4057893696329,46.11821654155049,54.07130773149544
1138.9548632563422,260.42675196722814,46.124121370659246,54.05233449686853
1138.3788615590884,259.5157827194767,46.127671887168816,54.04161887383353
1138.029874371397,259.21507223038515,46.1308089903843,54.03399750553912
1137.5436992279815,258.9335781377813,46.13339611746324,54.0263186623197
1136.6554995438412,258.2063298765407,46.135384880313325,54.01833916970996
1136.4654706534493,257.4803418012239,46.13777588968524,54.007803423256405
1135.9616510040596,256.1864829938067,46.14501023450792,53.99199539951057
1134.6057972694118,253.38238073525056,46.15128099726041,53.97850201394336
1134.3377484714586,250.86394934312608,46.15713936873337,53.967563303593934
1134.6135494222228,247.18791540317306,46.15982579489876,53.96107634341209
1135.1729091794923,242.9027634107325,46.1664678421349,53.9501053420261
1136.0163936850372,238.2172960837243,46.174262014638806,53.940114817514626
1136.9000222184075,233.92827973664498,46.180248494384266,53.92906002540622
1138.422652608136,230.03587739344056,46.19355261627871,53.893129734092895
1139.2232815347309,228.21366798226123,46.20701427316752,53.85479117882704
1138.868894936202,226.60508401364612,46.20706803787151,53.84344587524307
1139.8158663605327,226.29952990623528,46.21520906295904,53.822578200858786
1140.1785449964448,225.5418738330713,46.216442841759616,53.793716987315854
1140.9937670064205,224.47236362737436,46.21983997876755,53.7734389787573
1140.9063515417017,224.66555743465878,46.21995979999737,53.735436370377855
1141.9139819628272,225.80759861553372,46.21932212287721,53.71049187750921
1142.7520947876458,225.54464963107375,46.22831754925146,53.630078644379864
1148.941642056828,238.26340349732695,46.261021488060265,53.389485584725044
1148.5082852480634,236.4648001381331,46.27047452075804,53.353957050732326
1147.3785139781537,237.10152361881183,46.25421492511008,53.29047984836231
1147.3327148988521,242.21050341639298,46.2581420496747,53.248233792323546
1147.3454866168654,241.4687368464492,46.27101607963326,53.2192065646269
1147.2590831840075,239.91196101407007,46.274400020830456,53.20704964936805
1148.463842505027,239.61164327131422,46.28449044861539,53.170297978393236
1148.6623862605031,239.11495864508177,46.254679010165525,53.163781492962165
1149.214282465245,244.26441612701205,46.204379146762925,53.15792015611575
1150.8908963875488,243.53903039990408,46.197114064988575,53.10936669253847
1150.8239775313252,243.43090733826313,46.19909406933908,53.08761351069132
1151.1987372613542,244.0656707991831,46.191504915238795,53.05464121150153
1152.124028648162,244.22173912078404,46.191941524099775,53.03759852190912
1152.0497840251892,243.9773472257753,46.1941466070476,53.00893078719206
1151.6714534857822,251.15704792857434,46.16270595313081,52.87799541552956
1157.1575410583825,255.53186539617508,46.16484931226347,52.77682754423191
1155.9635133768636,253.67851675040004,46.093547890480785,52.739735162930415
1156.325764980752,252.27593861670042,46.07105650635826,52.741396738480894
1156.6584645763094,252.33344041568165,46.0537771224869,52.7175012167928
1156.688804443696,251.8626877125112,46.046277873677525,52.70733597646624
1157.1812177470108,256.9589518130243,45.796442698284025,52.87563140672662
1157.9676836817357,257.23707884665475,45.361217108588846,53.098688638789746
1158.2378465916292,258.0305097271679,44.97614945261144,53.30935788648384
1159.5979304660539,257.18056602472495,44.98434903240596,53.261984005587934
1160.8022037699018,257.9932212129538,44.314301112454515,53.666303336466676
1161.3462096045273,257.4822331637139,44.235267571636435,53.694632097986656
1160.6091238483286,264.3951995572641,44.131711170177454,53.75140976773436
1161.561185726413,263.1465290199689,44.071649742347375,53.78500644039299
1161.573085018868,263.291609992889,43.9958631778764,53.82474484869978
1161.686720028138,262.6804354123239,43.86481519492291,53.90061201901573
1161.2147016429508,261.79339388398694,43.7508568843495,53.958106340109225
1162.5807923307118,267.65373121789406,43.3004431155626,54.17739215203132
1168.8911364397993,275.5300803296946,42.615544959338614,54.76105867452393
1168.8896333177788,273.47896278664285,42.65730361021494,54.70862209162114
1167.5889810058297,272.6310096890982,42.48127044457775,54.781732228055645
1162.0761520764624,271.4981846289024,42.15882382638368,54.93620156612916
1163.0783694613363,272.3447876224906,41.450881871653586,55.279285986133466
1169.2794601596363,276.0991452825219,39.6627322667403,56.03936567949868
1168.1032817671164,279.5419041533644,39.22284056430789,56.17203069233032
1167.4307569444,277.7184403667237,38.42979053933058,56.50291298134043
1166.812684757059,270.2705250466426,37.4204338725998,56.71433638731073
1166.9120576661232,278.0631511969475,36.15755762901858,57.33386275796555
1166.6142146012744,279.84482416083915,34.7354105258366,57.85987802097815
1170.5467904810375,282.35458904577,34.049845176832584,57.81461382652536
1169.2058810610283,284.2137677528888,33.35968954861964,57.20966020943736
1164.8225953204085,283.15330460932984,32.538570676466115,57.53379971142969
1165.7002309087259,283.07147906548647,32.2961706460334,56.74237905181335
1165.7459920658537,286.05602996022157,31.990057543890252,56.74745366920351
1166.4435964259874,286.08921374028984,31.67094750411894,56.19978930153944
1170.0857876448372,288.46113535813544,31.63485512837007,56.14263496584219
1165.1056631145482,286.0891559726921,31.106260271101366,56.47325412186073
1169.2663759056202,291.04504920115596,31.017470187003955,56.303766744827925
1168.7632544941928,292.4407040858756,30.822818534875974,56.6059368471385
1168.0537073670298,294.36951757119334,30.831606573915636,56.63931920725263
1164.6935070960383,292.4298042305154,30.747080243645037,56.546355236905576
1169.4595651266163,294.2592267766666,30.133889467828467,57.41904863108394
1166.1145344857014,294.4668411872676,29.29146001937255,57.37326826306977
1171.0469153812583,297.9804957068206,29.27196552409616,57.285277880885246
1170.8028727425358,296.87283124033246,29.30571698954304,56.96350077672166
1174.7659085655123,300.2829061778119,29.245494361686813,57.157206835905804
1173.7959381380829,300.9435990368454,28.92786494982197,57.031844582041714
1172.9133557353264,298.61130291348496,28.788958305101616,57.32833380141882
1173.3756231815662,300.65669843321064,28.712558764756487,57.73312343518528
1177.3132909071899,303.4615055963968,28.920159600435387,57.82699030617001
1176.838346823638,305.5551085914273,29.09248383798142,57.80857942490423
1176.1980891142284,306.28867493012245,28.88964826459788,58.427934756013094
1175.9299968983253,303.48079634149104,28.869490213837445,58.569718659044916
1180.2817386137624,307.3083566218296,29.000890472843224,58.86735164222165
1179.565772558525,309.29470464413123,28.72140681564875,59.53743351738763
1180.3193409194541,310.42090728927764,28.413221338144268,60.50288964105047
1180.7596513807098,311.90286113604134,28.640243781492934,60.70797971211045
1185.443518305644,314.41419071460894,28.573120473922163,60.727492986921135
1188.9016995137335,317.2596942843334,28.763365018039778,60.46891611480613
1186.4150509779217,317.31991067041866,29.37696474774441,59.6439166254878
1187.1884018464773,317.85908425987327,28.91527341998831,61.144814060226
1192.0456384077795,318.586609786443,29.01178776991788,61.61483579627886
1191.747914494992,321.7742365830047,28.946228548793588,61.235199115997126
1195.1814269430665,319.83170436203756,29.26613001754302,61.04340217640072
1194.900294979029,323.20804123774684,29.87416117839393,60.6707199563542
1199.2490699459195,326.16837478314653,29.143440544539732,61.74454587321476
1198.880115938426,325.8572655475068,29.437250563768913,62.399499483625675
1202.992669723474,330.87874311988367,29.528310825093875,62.278693043400864
1202.6302880188234,328.1042516830616,29.503793364433875,62.35668287505276
1207.754937313292,333.00384097582906,29.25959788676371,62.153380029569114
1212.9263782107028,334.62905871622,28.83252476961559,62.8543813068286
1213.565442529298,337.2323007387824,28.42670694966683,63.32552625569189
1218.237656903475,338.6313032654813,28.08270449373245,64.16206462117836
1217.5806188926356,336.70527719554383,28.77936431238894,63.07773494418925
1223.610452282174,342.0941251236349,28.62678867405927,63.23561743425955
1228.5689599304749,339.77061371790984,28.80118401435965,62.89874446705366
1228.9978167089707,344.25619569912,28.24401316957954,63.788993506647614
1234.7259307876088,347.39819415677107,28.348820168553388,63.71262341095601
1234.743111767214,346.5368015490389,28.46351754970046,63.639499340875005
1240.816371971536,353.2349689661852,28.384787172489837,63.400630441335814
1246.4789717235774,357.0231674893123,28.33376617335094,63.52412448547463
1246.894630938975,356.4883233431368,28.404800314042987,63.58468432647826
1247.5356458379322,358.1417550285068,28.43010315105467,63.44907821319982
1255.0589884680119,362.2903005485872,27.137022779811247,65.66070470996533
1256.3640583535428,359.56156171911584,25.75281656053777,67.69742221418389
1258.2727513038908,364.10217631500245,23.860093607496406,69.51481076685647
1259.0366551378013,361.26834593849634,23.46927183769299,70.0634529651812
1259.746700201661,356.8155004202646,23.434640775410898,70.12576498095387
1260.6698018228838,361.42345095903397,23.31777057606404,70.28273148764362
1261.086459879267,358.3088893569247,23.273538361364878,70.33926538979915
1256.3739474461524,348.2183364178041,23.229476580560657,70.42185480380688
1257.9944065118689,345.85149623654394,23.217699207642163,70.42909473663977
1257.7707077761456,339.71093209263,23.168770500776205,70.43424875078594
1257.525654257346,339.92239148605086,23.134854005507727,70.44609536244664
1257.3551145230767,340.20494168612777,23.10799310777855,70.46840493543728
1257.3552888464415,342.9144057299973,22.965324170841008,70.50394509797286
1257.7140142764777,344.981483883494,22.908829872333857,70.5110951912786
1257.8081134984284,345.29682520736395,22.854000158977822,70.53892567229614
1258.099159986441,346.56458453544167,22.810231956263838,70.56965042625116
1257.9958113083626,349.32100485720866,22.776509075237243,70.57993733856443
1258.6265623949394,349.8037140051281,22.690090658530735,70.55200753902915
1258.7842366195073,348.1445669196088,22.666705905874508,70.58235882371514
1258.446090950836,347.3801080945277,22.651253511718437,70.59144255149116
1258.2006682534884,350.25000611387816,22.638108256236702,70.58683881167936
1258.381153533401,353.3693535876743,22.618559837009705,70.58614616434951
1258.0276961625525,352.1684388514221,22.607603031961503,70.5918596185587
1257.8897763008556,352.8887311304411,22.592980917109898,70.59736194406558
1257.7791406495196,353.3260985885338,22.579641021475734,70.60440967882772
1257.857262170488,355.36783791648304,22.52165441850959,70.60755135373978
1257.8541055328521,355.47535134948237,22.500094304358356,70.62210015154619
1257.9804861626108,355.9574312353724,22.481933231189227,70.62241380610816
1257.9264056669565,357.021658756635,22.46063013262714,70.63031368683122
1257.7576696189394,356.6055439406599,22.446842877884407,70.63861985019162
1257.7202098618784,357.1813843205466,22.409983544133546,70.62610282294692
1258.208869944358,358.34659831240884,22.397117612820566,70.61906365414856
1258.9930054979438,358.97856133457475,22.38518767691342,70.61363174853439
1259.7326274656266,356.5126350212869,22.365630020845117,70.62145121013211
1260.6915514455573,355.2763566071872,22.353397390726087,70.62813288955824
1261.4273222056445,355.17321268833894,22.334789658851278,70.64334762251566
1262.0025511890935,354.01890089134315,22.32597116300711,70.64965049774199
1262.9050302919345,350.76553276155624,22.321659023990744,70.65294971507946
1263.604762523505,348.84801522672126,22.315224608266444,70.65797198644012
1264.8822052322887,345.9790318932329,22.31222956392918,70.66048790878787
1265.6041180158702,343.5961207936529,22.31117102080642,70.66148524069935
1266.2424839203818,341.9954718774755,22.30990064710091,70.66282498704034
1266.6772302844063,340.085186947321,22.30915396130396,70.66371201081677
1266.9347128043921,338.3910472671523,22.308555309652814,70.6644557991021
1266.9666510473198,336.9139307401231,22.307802392689975,70.66525247849637
1267.3962660833406,335.1832432042601,22.30732898206352,70.66570793161566
1267.3206038469455,333.71632455607937,22.307172094656654,70.66586421677718
1266.685014942184,332.4697531613143,22.306995944142926,70.66606681885315
1266.0176525108013,330.32296996670425,22.30675080950202,70.66641459540229
1265.3977682484572,329.1585200990271,22.30653148400099,70.66668555229897
1265.0555771735662,326.95202045377135,22.306269173104823,70.66703282712443
1264.179057007852,324.3140967364755,22.305876992250013,70.66749535876208
1263.7042365253328,320.39630361064064,22.305216429311145,70.66831712984094
1263.8379143670509,316.5934524051512,22.303890193192107,70.66977101710772
1264.0650939647276,312.2826361050727,22.300367477502835,70.67402252137848
1263.962527455568,307.84645002183925,22.29831242600132,70.67709766025742
1263.7802222067978,303.5195531664354,22.296672766185434,70.67946410208322
1264.3057687298347,299.84905405890396,22.292052865596826,70.6849573084486
1264.7921743926008,297.10674235854407,22.289493338694037,70.68794227761933
1265.208374214565,293.32598399974734,22.287525334913852,70.69065162216592
1265.3988476310021,289.95467695961787,22.28552879987226,70.69330264776784
1265.4788232850233,286.7555512313513,22.28430901200579,70.69464725157871
1265.11127011036,282.91570712732306,22.282231492447224,70.69745843784574
1264.8640674539204,280.05267272226996,22.279918577463594,70.70116711382714
1264.6365908295566,277.86226758329127,22.278661630172582,70.70267870480336
1264.8714971301424,276.2444383131043,22.27701022451786,70.70413795967012
1265.0909384973613,274.0660041631971,22.275705870187824,70.70537729219942
1265.4383841362014,272.51372134290614,22.275154583123275,70.70583650654228
1266.0885082396164,270.99982038263425,22.274580529621336,70.70631160480511
1266.3247790856185,268.35195901005466,22.273655344193465,70.70732800535988
1266.4999454902224,265.3096723485055,22.272654301352926,70.70837424029287
1266.348612762653,263.8382782614511,22.271907915099426,70.70915558800093
1266.3448655736722,261.0810701027697,22.27016812635667,70.71090281890747
1266.4951520075492,259.21820117257,22.26879272378413,70.71248620695573
1266.4446418698005,257.163522708062,22.267582890007066,70.71365593733287
1266.423920887273,255.48212432424845,22.266628544345366,70.71458241611106
1266.2803963918461,254.0650050675973,22.265759265564657,70.71577544677785
1265.8156778225932,251.70890834003376,22.264975025266978,70.7166995232428
1265.1308177513567,249.3780069831247,22.263769264419846,70.71793686077925
1264.8634562680177,245.80178983641352,22.262295522418924,70.71933679903799
1264.626086385155,241.38491799922434,22.260780258703793,70.72066203164391
1264.5144603856397,236.69090187857446,22.258572100936163,70.72320576281179
1264.0166177730327,232.32313416338093,22.25485373022594,70.72696114101383
1263.3492785920232,229.69787573057482,22.25089795890626,70.72878597095098
1263.1895978700961,227.99047034541115,22.246883432634863,70.72939834268821
1262.8123592067602,225.91838919626736,22.240115866232752,70.73200580851734
1263.0964713391895,225.17718823221867,22.22869035749685,70.73231857474187
1263.1721690222846,225.57699323225444,22.219359517983577,70.73550684584951
1263.1106102685221,226.0309118487827,22.21125845801833,70.73572211685563
1262.8991349966952,225.46217209730025,22.203864420068122,70.73712564630976
1263.0353009089858,224.9433312946261,22.192276839346903,70.74168840762582
1263.2994317148296,225.9059256676658,22.182377153738262,70.74089224253242
1263.3420805177493,225.79281778883373,22.17517072971362,70.74812963990125
1263.546529587269,225.48226259607517,22.170200721538784,70.75305143966015
1263.6670453215413,225.9484762164103,22.166687801960116,70.755418326931
1264.1125510126096,226.58114546442945,22.160945108025146,70.75861151099986
1264.1655144295548,226.0239266371895,22.15789953435097,70.75967910455901
1264.583081759555,226.23725473082862,22.15639090622637,70.76109784341874
1264.6552137277513,226.72233657687482,22.152631359835123,70.76482660165895
1264.7423321073206,226.34264038378333,22.150303009099773,70.76728786172426
1264.6535729828242,225.8377198996089,22.147745344424788,70.77017654430648
1264.5693772783322,224.50697922304832,22.14644751533749,70.77173839707672
1264.2265970036995,222.85002596288805,22.145514727448628,70.77249212732768
1264.0247374159685,220.6410679302212,22.14465646884766,70.77297111609275
1263.5131482094437,219.43700106865106,22.143229965324743,70.77399462499966
1262.9850359134284,218.28633168465464,22.141580354627173,70.77579525746394
1262.545441281343,216.43979765245444,22.138710223484406,70.77856476458282
1261.913534367548,214.11748341462433,22.13726371229148,70.77932193287
1261.6142495672107,211.18205758749752,22.136459197498958,70.7793626015584
