772.5,249.5,6.0,15.0
769.4792115688324,248.97972384103147,10,15.088966913362185
768.4304744107858,250.54920041982328,10.126887420150524,14.016887544612189
767.8660740852356,251.2414748398603,10,13.715809287500207
767.7579384073615,251.52454680724745,10,13.594723877334504
767.1513308510184,251.81922712740342,10,13.49489329373758
766.7559105977416,251.80403300906133,10,13.191027891438981
766.398913256824,252.4156321288538,10,12.921108849070098
765.5735870525241,253.23460377360405,10,12.72603784541245
764.7222865745425,253.3470974510533,10,12.555431853607823
763.7439681813121,253.437244138294,10,12.35374141375512
763.0787050649524,253.56224919171416,10,12.33522238088085
762.048495285213,253.78111082764144,10,12.347912067886657
761.16079711169,254.0923123911018,10,12.538490904123599
760.474467150867,254.44809269540724,10,12.777824532077354
759.9620796963573,254.90285637701515,10,12.830470749984876
759.8690802156925,254.77538899784818,10,12.776160160342153
758.8912520110607,254.8415614448526,10,13.050645219526988
758.0164715945721,255.08484829939064,10,13.370144222395494
757.2076669037342,255.24241732773993,10,13.317592729522488
756.5156356394291,255.76822901002183,10,13.589989989119498
755.8277383744717,255.74218784678638,10,13.538744475023723
755.2398543655872,255.74627435363303,10,13.432530232380426
754.935877263546,256.5828361107081,10,13.43209234139917
753.6489148736,256.8705587191728,10,13.439742436588404
752.6056776642799,256.71478560231856,10,13.348047214741845
752.4884839206934,257.3795667881147,10,13.189963114633974
752.1073885709047,257.6569959947046,10,13.0498567973919
750.7773592025042,257.55010766512277,10,13.014768865433844
750.9123890250921,257.42248779270926,10,13.308397197795362
749.8765724748373,258.11723565391213,10,13.58891216131034
749.9589393185458,257.9737117670224,10.063905736430115,13.511916729113283
749.2549829035997,258.22375180607764,10,13.537893655931427
748.9506814032793,258.8299978718362,10,13.439566353668363
747.872475579381,258.9884592831777,10,13.380163908621345
746.7219657450914,259.4025029125279,10,13.185386193053787
746.8669584840536,260.0986115456442,10,13.190666223154512
746.4887794703245,260.24742765595914,10,13.090195677024116
745.3037541359663,260.77658535444937,10,13.038578053977098
744.1926849335432,260.6351636137576,10,12.904308290827139
742.875898167491,260.7001615090174,10,12.788182435954088
743.4435498565435,260.42251003922485,10,12.877245297328422
742.8900362104177,261.3388900878617,10,13.000231493122541
742.4847093373537,261.5810685266219,10,13.267484954290085
741.4700779467821,261.83449506420305,10,13.436021467007029
741.0300721732481,261.9981670029971,10.043155777910613,13.316787787797487
740.6096295590804,262.14163537306234,10.049512321629866,13.237398891123263
739.6373811513186,262.30417022125573,10,13.452224312019297
738.8844695836306,262.9446348709171,10,13.506845320924121
738.5919404476881,263.3385596436345,10,13.305955614356503
737.5811930149794,263.5906117100788,10,13.638463229209641
737.2592500299215,264.09207303707126,10,13.665505260664752
737.2087479898121,264.31800132762163,10.032418475789655,13.675084116766481
736.5393313765526,264.4820283751183,10,13.836119361744586
735.7343708276749,264.67528580074975,10,13.896964489634415
735.1653689146042,265.05763817856007,10,13.922346182206422
734.6368834376335,264.8896216981894,10,13.745071333118112
734.2592684328556,265.43601641947754,10,13.856406698853263
733.5279048979282,265.6630519942339,10,13.762798721537852
732.703894585371,266.14650212277047,10,13.800594714426584
731.6225628554821,266.2068510874622,10,13.581499880276542
730.8963309824467,266.4034884427821,10,13.626398821332
730.4304312169552,266.9877805165409,10,13.975257734689336
729.8146845400333,267.62337651766455,10,14.292417339764722
729.0684075057507,267.6693201412556,10,14.267023343012275
728.4864588677883,267.917020154302,10,14.089992467081139
728.3325559049845,268.4093021715035,10,14.128786896919207
727.7441499382257,268.48082503761503,10,14.292266037476013
726.7929113060236,268.65741026828374,10,14.140514467687677
726.3308223634958,269.1950344269973,10,14.055067795539417
725.3273155838251,269.4461183514091,10,13.92789297297243
725.1418335437775,269.69133155106056,10,13.812495630933938
724.1424711346626,270.1265971947538,10,13.823945299148185
723.3435139656067,269.94118861065436,10,13.680864333115409
723.0877579152584,270.35720157546143,10,13.684272780694716
722.1284448802471,271.0686591652964,10,13.978984053470782
721.5747265456694,270.8008559756306,10.02571786670353,13.737901737848416
721.1482023000717,271.446708363043,10,14.045456816386732
720.3142330646515,271.72671654432907,10,13.894085010813768
719.4107769727707,272.44508156943294,10,14.189402399227575
718.7732179760933,272.737393365874,10,14.258225123064399
718.6160713583231,272.6405670543719,10,14.194843295299322
718.1050002723932,272.9979693254032,10,14.356237164224636
717.4301921874285,273.29494844039436,10,14.326948424102753
716.9382363408804,273.7089926316823,10,14.562519828704898
715.5927336066961,273.68475893023447,10,14.361884490120651
714.9527579511572,273.7240202355176,10.021444655384812,14.202205104199038
714.8325505852699,273.9073429158849,10,14.309742885649662
713.2919556498528,274.0256353039834,10,14.529952669408287
712.9193629324436,274.29932722491253,10,14.533723083417101
711.9466907680035,273.81836781173826,10,14.453510485815368
712.0733074247837,273.8318549365481,10,14.644808117537625
711.3472579141551,274.42584094570424,10.118751343072745,14.804545516568517
710.3655160367489,274.8176431325148,10,15.156750087649609
709.6881846264994,275.0329774799387,10.097018167178788,14.898600778616384
709.065423789081,275.4869309271812,10.213017876034911,14.9844322373838
708.4458094484562,275.935500550376,10.313454161692679,15.089187345814498
707.5498831828517,276.52195400801384,10.49172300893428,14.882639449818278
706.5668667488743,276.67406954628547,10.371825767864914,14.547576335945354
706.4696078169151,277.3691552917448,10.353722494283552,14.90071267392987
705.2353073591864,277.3444520776382,10.267762748425067,14.77256634249563
704.9410560850206,277.433247581892,10.45734535676187,14.986695450126627
704.2455775144547,277.6550665849271,10.446313395530009,15.009620996674336
703.6841925102856,278.0171644113985,10.305264543814197,15.236669399956416
702.4531691036998,278.3064572619107,10.49080660196565,14.857261291924857
701.7015623079175,278.3755368965653,10.480688065005495,14.616595265833123
702.396350500085,278.49249182367095,10.378633519812468,14.759813833882077
700.9968272810721,279.4640405428377,10.479753198118273,14.981602631739305
699.9124187302315,279.56270012099435,10.557527542765278,14.811276407388062
698.7973438505232,279.9524352002978,10.749965205013659,14.813436943647314
697.967893077678,280.5371616064584,10.921003329263959,14.962956003655805
697.5313437322023,280.1290758590268,11.293589837502804,14.721052308928634
696.9140584242676,280.68329575764716,11.168043971591317,15.244666363769156
696.7503387077476,281.12721247648744,10.955421871180384,15.445734565073227
696.0902738300115,280.9339394950876,10.753377625912496,15.610374759955308
695.4505528280921,281.1976843994078,10.845851303182489,15.854867263517328
694.7919484998171,281.4765706356521,10.961110363327577,16.078820674512755
694.2217768133687,281.5315859906772,10.964238479533279,16.46037968948007
692.7832411750386,281.8198029753406,11.48513695612954,16.344181882100465
691.8730192518129,282.0696229495858,11.752588697096863,16.69028338439676
690.2848289015104,282.38342143062323,12.370043530621246,16.888074436638348
691.1087375287254,282.01374598654104,12.542715444358198,16.761934769039453
690.2802319659042,282.53579015833054,12.796952474465392,16.962846787856712
688.9386879461266,282.51745054096256,12.953467332868236,16.4425989972746
688.8680662198121,283.2075633454037,12.977136995244985,16.387367117983654
688.5281059015232,283.66498615452986,13.000211168142592,16.847594336607273
687.485470607679,282.72517933917004,13.179592125513443,17.16695816187644
687.5925670238315,283.5201909259078,13.043784653747293,17.785063440701986
687.1529592294218,283.7389536074763,12.948259141301744,18.057259702416268
686.4792271553846,284.66853304231853,13.21195694816684,17.84860434892896
685.8625254534898,284.93456110141557,13.292130876935003,17.764275404301692
686.3229566465554,285.125342671177,13.207359115136025,17.886253913166627
686.1515538320853,285.3764293172985,13.345660358486032,17.745627882400232
684.7930482527473,285.88202538869336,13.537952755717715,17.372635784242405
684.2135542442081,286.4540485002965,13.686916225219083,17.175839271596075
683.0716093271067,286.5520636629477,13.691658196034064,16.900980350714946
683.3085103372229,287.15844274984556,13.725888795754809,16.740540869126555
683.5149009379456,287.37069728666995,13.977969690618824,16.428143155312448
682.9111681229667,287.65686888275104,14.171388055523913,16.28125785795236
682.1182522919382,287.48485189627854,14.221625850279025,16.550754739940146
681.7236105144103,288.6676929143838,14.43358817396954,16.72710899866678
681.9354754215531,288.70353738484965,14.524698068489286,16.65236845452221
681.3947415815479,289.23014254809107,15.097922962568916,16.241712709204695
680.452199469154,289.6132116326917,15.49857854317626,16.423463033541292
679.6168018109034,289.87412298608655,15.867997874532072,16.526385099662704
678.8972238007888,289.7957003440702,16.280479862549992,16.68805421320836
678.8829909285781,289.5207530793387,16.359000913376214,16.80017250494523
678.7103177973331,290.07736043476876,16.59946373602728,16.62457986439752
678.3288254428493,290.79510393574384,16.91278274956609,16.550623404821078
677.5737087320697,290.7543765006029,16.925569872525983,16.62643767010394
677.3502274110346,290.61778833792744,16.59210291292695,16.93276618083539
677.0230741167644,290.5584361660001,16.431142057810376,17.07182647386847
677.9436807779709,290.1707665832575,16.290648211143335,17.72425048316801
676.6110909520982,289.4691720123934,16.247975737721063,18.359104044070328
676.9674282004796,289.4192310936539,16.37644896177189,18.787495838147695
677.3584140347571,289.7601633994542,16.396891352856095,18.821828776843844
675.8457672918045,290.0727213113835,16.412496938218087,19.015333217515497
676.6794310813723,289.6489872540102,16.320326882237723,19.20436086156652
677.3659753277278,290.78238999279597,16.49962598470321,19.291420292213374
677.4279912860238,290.50408681792896,16.531171623410067,19.396495619160348
678.2428529955946,290.5244593609754,16.542886688460403,19.640145363532756
678.1756809554084,290.8936606265837,16.77153819892132,19.764616803778402
678.1755143320358,290.6280893803131,16.889477511833825,19.851819491288772
678.8168266033573,292.2590918945607,16.81662341024611,19.907833852899756
679.643990951182,291.7601726542444,16.710172264721916,19.962469480329588
680.4856207848115,291.9623217160323,16.403391746327628,20.17230209215106
680.0864256571372,292.010417880019,16.33533318203908,20.159279872674773
680.6745714153903,293.9083976501604,16.592571757772035,19.310593825205164
681.1941349849932,294.275575074834,16.827650303228268,19.053835586642464
682.195655058277,294.34248542011585,16.498078508024765,19.278272875233338
683.5928855324852,294.25613662603814,14.050147997077916,21.637383513086604
684.1181362815219,293.7322539385507,12.588397725668054,22.74342501608543
685.1488490045482,294.4616932791256,11.289665088720296,24.039448936177642
687.7636340342964,294.4147530436778,10.71136303459505,24.163325558177746
688.3238782454282,296.9382015174516,10,26.33999514276519
690.3049562741071,297.8944431356133,10,27.710144972619226
689.7741961050779,298.4002802901413,10,29.399554800526015
691.7582193184644,297.2360290501948,10,30.411503568527856
692.3234182763845,298.71086819216885,10,32.002067479709225
694.975019114092,297.77596736424823,10,33.2740008122244
697.2344096613424,298.04382738844214,10.193900198986796,34.018993606777826
696.928779323834,298.00064935662436,10.411145382994789,34.4712815687689
697.3196378510539,298.6940006726783,11.097548307459727,34.57015651997392
699.1296502303359,298.9693471146277,11.725393517309993,34.92123232046247
701.2004296150749,300.08661937007315,12.24454460577266,34.965141398057185
701.7100083995967,299.0814955616113,11.897664427685783,35.801401268742154
702.2461384444448,298.8651168725605,11.685618988620694,36.51621357776909
704.3833712614136,299.5546324528554,12.033305683174284,37.13335651424056
706.718784940246,299.24575531372966,12.392549584054521,37.54525016281425
707.2874061253087,299.81526833310284,12.720721618798041,37.38304244720326
709.5243183963044,299.8606112189602,13.126470421991234,36.9632955845424
709.1455667310465,300.1997496622592,13.304491793163898,37.19582553264202
711.4586623886389,300.59889659319595,13.559449769971216,36.961203319270886
714.2488329635468,301.74432476816867,13.564927864540266,37.24837278719656
714.951907762361,301.52828666233074,13.52770026207494,37.335090120498265
717.7081044541492,302.57558836870857,13.52888577025254,37.58823284154701
717.5337839803659,301.7796145724254,13.540443020500174,37.61195707691276
720.3719050242483,303.2930883062186,13.474640233272373,38.02452090845965
720.8690579726484,302.81442866873647,13.401503975105978,37.9900442263354
724.1488974525624,304.278895689305,13.312021262378652,38.314987824968895
726.5195595598746,304.9982364809029,13.192110755487626,38.70384842755641
726.2189950485757,304.23954767066954,13.062501793904856,38.806729626209204
728.7608550528155,304.6297468746456,13.471326436456707,38.92511686898716
729.7170784839554,304.0111087894315,13.28853126370628,38.94862563009081
732.5285060285325,304.95545020312,13.14421134987558,39.2227149813637
733.9325981747903,305.40727078661786,12.97751966256946,39.63126315495933
734.6609894401225,305.2272315459485,12.994604429077501,40.22744937312399
737.136945451965,306.1540365115886,13.302532893826633,40.40563685090154
738.1578883014531,305.3269882699075,13.169494646060272,40.249505582531796
741.4449925953206,307.1097765060257,13.003993677038585,40.954040194279784
742.0880562314884,306.21639691940186,13.332501633813822,40.24828451881834
742.7382335546386,307.4570645292846,13.520477590159299,40.2075725824391
745.2698035244165,307.5554816468558,13.702865394896683,40.34164283109186
746.1611209959598,306.57338519169576,13.180333677518174,40.766319173228034
749.3878326724339,309.0293327674521,13.229425163742304,40.68109228419698
752.4071207921078,309.70655971865284,13.094469644304073,41.47249929221117
752.7348426185752,309.2225485802595,13.041216605116112,41.93345919345239
753.6738061021946,308.6717122253028,13.260774226500216,41.468777151778774
756.9124219476522,309.4164572511558,13.198368928712398,42.31623263382528
759.7343191249712,310.2995833377777,13.484697426399787,42.13109844821432
760.7163416915977,309.9122351422235,13.589609383524717,42.13125161355741
761.4897971547349,311.23785611131774,13.566424682149655,42.35570418868983
764.7627842850349,311.2505291813154,13.444400616862037,42.90471764447011
765.8555050875767,310.0341103588702,13.424043612227049,43.35522830495508
769.0324396344959,311.7749753521951,13.619344535631186,43.73539149533774
770.3601937532547,311.5527388430529,13.710767135744568,43.799648511157805
771.7399074795342,313.0798794613192,14.041064700733296,43.73408840690368
773.5294578833996,313.15587120131534,13.848492623395009,44.53111535867785
777.3931564342338,313.65589232751915,13.687603338041397,44.82545710895582
778.6487652471421,313.7794330516384,13.778554987508393,44.706338562905565
781.7009027339924,313.6496953051115,13.840028133162145,44.7660461832683
781.9764933277078,313.222088399204,13.863908207385396,45.07061643181274
784.6769983714272,315.5422065977807,14.377836092968954,45.10005967638294
785.8773311905871,316.2860166060889,14.339232193616937,45.70327141635837
789.37691618094,315.2329573020752,14.148513865438066,46.24353702469857
792.4642726303854,316.177972195077,14.127749273584616,46.98857803947607
791.7918564591656,315.6608520786253,14.179219475368745,47.784399469760615
794.9919743934925,315.32026955351006,14.48369504394038,47.70803925477424
796.1356476833429,315.76626413679,14.248628175009195,48.436181103991935
800.1343532114195,315.205257624421,14.227104894277183,48.99603423283303
800.9970134845985,316.56007706314006,14.251076125529828,49.78594259851315
801.224061948009,316.56280048531187,14.4964245059637,49.67668381957924
804.050364985812,317.91305033121705,14.627739672117826,49.795299528083156
806.5826581709172,319.20762704589765,15.153226887417777,49.86424455796583
807.2372081010886,319.1483226425344,15.448001948873564,50.40064741347844
811.2285484767392,319.9383738757096,15.405486717286845,50.57911514137241
811.2530346213628,319.5515900131383,15.577419076343679,50.594542838992
811.9813171389125,320.4481102736522,16.259214779998565,50.63644179779199
815.1787813413705,321.74277358025415,16.637248468435736,50.61010847262833
818.3360958747231,322.2703372779657,16.35969635180375,50.943956339847084
817.4951661483634,321.4062176929924,15.973237675937378,51.86253972423311
820.8090654845206,322.64375096110496,16.05216269365598,52.26189001616357
820.6439452518687,323.608253338334,17.329714739140762,51.538848277261714
823.4781210808578,323.15334731996256,17.406094507401598,51.91063791505596
826.589910900657,324.10807071623515,17.680827817937683,52.00525949714462
825.6647464875688,324.3099961478188,18.177489861734806,51.61801091359568
829.4087612359315,323.9778839003485,18.142806140613736,52.18594714473855
830.6106140981557,324.4996412376727,18.935151536923378,52.394987482793084
833.8288592835435,325.833940394059,19.440262919382576,52.34061598810514
835.0434866703338,326.03748855473856,20.107215764515253,52.17915352220811
834.3856759730513,326.4252882200398,20.657975754184434,51.934847166554505
838.2146865395343,327.62509488216,20.775672833346114,52.544989930570985
841.1840013570153,328.30011472526303,21.453447254933288,52.82807423823848
844.1565555296698,329.428302204069,21.86978767442524,53.31386174667581
844.7283412218727,330.0553192599589,22.032975528262597,53.71916789730905
844.8594362245908,330.53585623481155,22.01855978108243,53.86832856579065
846.7567522178425,330.9959336360695,21.26517683136785,54.64075589370694
851.4253638772727,331.04205068471947,21.016792089777866,55.51312158459584
852.4502104780466,331.1884604230663,21.049699004959894,55.73465675410806
856.9051449708996,331.49662778676986,21.2857698462191,56.136676919431736
856.1643649125033,331.4001314949055,21.431979091925687,56.1785227038345
857.1149971637298,331.0333390282245,21.56077297341456,56.701416334181744
858.3871083291535,331.42332916884635,21.698946577625446,57.85543058456945
860.6245036578839,330.1352434167425,21.12453915418874,59.62464842018278
861.9340154552353,328.9728165073622,21.008099540046295,61.14230961532814
862.9968962567483,328.61211699026614,21.010562071465454,62.226534609441195
864.5305255474343,328.24240700960996,21.3438240532191,62.54318368314022
870.5333246712095,329.8062086800242,21.120409452824624,63.953576634425986
872.377635042129,329.7015346250861,20.821446208391627,64.73007640998975
874.6818758736956,330.3275078451739,20.73942328549273,65.25320743201048
876.150687670362,331.55902154365555,20.64116183663009,65.6655386165902
877.9649661470288,331.7104170593843,20.546171358210973,66.40202346976099
880.3297167972539,332.156255361061,20.963176844107338,66.54908297137273
883.329522497202,332.64350228873013,21.04082927630347,66.91292808717252
886.372422493493,333.35828143407923,21.755265508849497,67.4092364003256
887.8378479792934,334.27180904896204,22.62820105343824,67.70939917860142
889.8006887892441,334.0736921298629,22.898520486393515,68.98846411344891
892.8366732919592,335.38832511106233,23.320688291266038,69.301930485187
895.3871093366614,336.22368744650544,23.364015573199428,70.38040925782803
898.2648762391042,336.83164826312793,23.532489660922536,71.14200856727098
899.5006260926517,337.11802459266767,23.920802690338732,71.2422309119108
902.2411629469486,337.7939448596444,23.763944870721787,71.93873928161337
904.8233555229599,338.7408106795463,24.090338641733922,71.95953625013172
907.8530371015164,338.9505488122731,23.9411732194537,72.79814487790475
911.2728191955354,340.10496982866897,23.82720259831043,73.42694112788888
912.6648547767387,339.91212518796135,24.10137256482524,73.45471593171739
914.4466505052849,341.46203204133246,24.36869560510827,73.50944014115863
916.744320969399,342.54450327941163,24.491933015503058,73.5673754058603
920.1175388725931,343.7333948187207,24.364463311715163,74.10298916256929
922.8765980681002,343.8855097148572,24.81384083897472,74.36097398325704
923.4995110566597,344.36506554995606,25.370154263291646,73.98410486152507
925.6466666994537,345.6177755222572,25.573060632885507,73.99804736656881
927.8622176625375,346.0921302714888,25.697737686972985,74.43328917444866
930.1193181495781,346.97820181206237,25.740339939362578,75.24076597779256
935.1040761114606,347.4308242973068,28.300220072726773,73.42481019568862
934.575288128787,348.2055111897632,29.788441444320185,72.83789919363569
935.1590209141551,349.3796915213933,30.19353749524968,73.80570040133199
936.8486496541038,349.8970301438822,30.77571771753128,74.45384955615722
943.765696945028,350.77036251819686,31.83890001403993,73.74767901109539
944.597083867709,352.19790582723175,32.230199979255275,74.07167955504346
951.2942244429528,351.4452221982436,33.292030736726645,73.38297838116557
957.7606472886697,352.09630149934367,33.76117021374988,73.31618695788228
958.551623044161,353.5091780163093,33.9922366671303,72.82605599617091
964.8661305780358,354.12384179128867,33.94133134059168,73.04832959386383
966.9626867544383,355.54705038971395,32.97298738797886,73.62126445160919
967.6748149172957,355.2587049182546,33.661440107674224,73.56731071545849
973.2704471554515,354.75136567310614,33.52734459193407,74.40872337607297
974.4776091410791,357.6276323742336,33.52647348437202,74.99398380087496
980.7191373300021,354.2464517782103,33.08819020833262,75.20378895501865
981.3537950289569,359.78930900457607,33.31458089181346,75.4068852322677
981.6982846197951,359.31184600787407,33.55190950756911,75.6755330612849
983.8478747146089,360.1285760893229,33.612405679025514,75.56936705732272
989.1404400865634,359.2864361171325,33.589358179440055,76.71145770164337
989.7569677344032,360.7056994934869,33.83010592712588,76.17020482321738
994.7944804976065,361.23256853191776,34.503520189537866,76.37772165300993
993.9572535343634,362.2708877142138,35.419471811470075,76.75914689086534
999.3282360524123,361.9473486173975,35.18441996049191,77.72242519183409
1005.0311060296108,359.08661044147857,34.716122785636,77.49482012277348
1005.4623223266276,369.6187432071614,35.22287313589994,78.14198228000652
1005.6002196315554,368.6192920267008,35.634175717855,78.73100853275807
1005.6383448251725,368.4333191547044,36.02074803612824,79.06471632132966
1011.826821115379,368.02084288740065,36.11942716958247,80.48546132829975
1012.5377198417453,369.020095947076,36.9881515769724,80.90562133329288
1019.3294903898068,366.287437014214,35.9811619182273,81.09061187891803
1024.7901193190626,364.6705765900977,35.449586829491025,79.1371197831198
1023.541111393877,361.38685336451533,35.12445323718955,75.0143501698315
1023.2303869765672,363.72831588580766,35.62062169156033,70.78620922253408
1028.7240640015627,364.8388197435622,35.03580212643217,67.17723511260053
1034.4204657640335,364.5003153536711,34.02824964671788,63.4454947888366
1033.5615978098663,365.8641964770565,34.02450077474088,59.03031169703412
1032.4124315805093,367.6614858010043,33.775443726160844,55.48678595475771
1030.8345190335247,370.5305492153818,39.062495359742144,49.110487274367635
1033.3428336000318,373.0792672966007,41.592069840008975,46.50897773050603
1035.5080756350706,375.4188685966713,42.1437426188391,45.433975970361026
1039.124616321633,376.5925178926099,43.0926070464953,44.190584129162815
1038.359033000857,377.20407594095667,43.415436142652595,43.779481837381894
1041.6039934731111,378.83170576359163,43.36654570046366,43.708162602726034
1044.3804317661386,379.5423544581027,43.416918187437254,43.60300455410459
1047.6163343015978,381.6663561791751,43.286829406039246,44.183484693502706
1050.8242424088019,382.66065874696966,43.520806339671616,44.3814111016453
1050.3960433805235,382.58889229369163,43.585962154369156,44.41328730514643
1053.7575245616292,383.25033849440695,43.74534785276538,44.48388950973388
1055.2259550710003,384.6459160450537,43.21636332556996,45.32390062815176
1059.7021416252244,385.65860207773824,43.448405080708056,45.59744728684265
1062.2763006451428,386.87073596396215,43.01757294556488,46.4111198258268
1063.1264370430515,386.3014760996621,42.996620485135935,46.113182874128896
1065.9407768377462,388.2050952415715,43.442430966089475,46.854208616952036
1067.9075711871064,388.5548507751262,43.48321727690549,47.31371988108039
1072.0899243287006,389.52430167261247,43.23919943213273,48.00677299447882
1076.5777641024706,391.21997586251365,42.95138514185578,47.756016474494004
1075.8663528422671,391.02795207632124,42.795236395516525,47.750987277526825
1078.0898771005145,392.69614524767456,42.38381285994815,48.66205605490684
1080.7144087458253,393.1088983124539,42.42270437660807,49.16998033477962
1085.4042828225556,394.269290088586,42.40558039154334,49.55158673803618
1086.2849263082408,395.19800434970074,42.67306339011351,49.9134680226304
1086.306963803571,395.06631252618627,42.785329773372965,50.262184145261905
1088.9334132807219,396.9938773692311,42.456527880228634,51.094035660344154
1091.7620503676533,397.9831729677129,42.53122020187974,51.684899610170085
1094.3719579362282,398.4071027396085,42.07282006946028,52.86676609482128
1099.1993049323123,399.90084584047815,42.15704342806089,53.837853949707366
1098.9747698962256,399.79095380424735,42.2575364180776,54.07840019749051
1100.575745389466,400.74392662380444,42.02551250412181,54.77049823856737
1103.1159426121096,401.2352691736605,41.74415980688116,55.76662619103257
1108.7184660094358,403.01965169571866,41.30291077223863,55.9092559337511
1112.5547892355057,404.47484970743596,40.96578887912,55.727516917533926
1111.3004053491643,405.58363220891863,41.17382475444846,55.11193069340763
1112.9712607109686,407.06043315559714,40.82153420639225,55.785099296419105
1115.5193462248055,407.9103319181079,39.90638296173852,56.655997410054205
1121.3472917838026,410.47330419193503,39.637873397394245,56.19760962509517
1122.778865357463,410.74393433998307,37.446125545403284,58.15010848427251
1123.423570283906,410.1886193132096,35.78526231789313,59.333811984570126
1125.5204622588633,412.03156670342617,34.909245034391105,60.063257150883786
1131.4794022884555,412.9350920485492,33.139910240404376,61.47991985861741
1131.835148465715,414.43309812055327,33.054394448385224,61.70064593863889
1132.9753867959978,415.27628673740367,33.095012300759024,61.920013019131794
1133.4059451220483,415.6445534230511,33.01370190495254,62.130606572828555
1139.012906487136,416.97925621244366,31.822787521334565,63.59037093499193
1139.2666689449534,417.9978293357612,32.42262380317146,63.81344569284294
1144.399158544886,419.76766700854046,32.03758749728847,64.60033656661423
1144.888342480461,420.852105733987,33.01538148278972,64.84243194935456
1144.9718261546673,420.6927736748479,33.42224181830273,65.46267625829137
1146.0939780276956,421.9891763874563,33.77869447902995,65.86504381052198
1147.4278653213526,422.99218435655143,33.98059028279886,66.69422603631796
1153.179075654678,424.70820389677897,34.00227945654095,67.39640994017691
1153.2792277101416,425.8853713320055,34.46025291681507,68.42819515067173
1153.1851936895102,424.6949075855459,34.9376561195253,68.83829637539489
1154.9528767394006,425.8561778094918,35.49390569662473,70.05212382072204
1156.0551431669255,427.2957625359951,36.36205569908836,71.03649787815237
1158.2436400087136,428.6694314429391,36.91566170499567,71.95432262758833
1160.1299740649051,431.25732539373473,38.322295808188656,72.44621069798197
1160.2090288559705,431.5940630049157,38.7296476232291,72.81203067215324
1161.3202557657587,433.0421888761101,39.70210051523089,73.11957174020452
1163.2274157786887,435.33146083782685,40.71834498827211,73.34968927764744
1165.4480860872127,438.094925166398,41.471228251992414,73.31781248131446
1167.7558516993786,440.0586008562566,41.41720949790587,74.25344003683907
1168.671583557107,439.6667136826456,41.17636105497108,74.17820470092883
1170.605069583779,441.153547898916,41.298749572534575,74.9560363980878
1173.471616265928,442.89091471677045,40.591420196731065,75.76473810707495
1175.7004540493385,445.17551570700255,40.46670905022878,76.39859150838555
1178.3253838624291,446.8676543747803,40.40532980124513,77.12783479508352
1178.452171548088,448.4464935283165,41.28506653605964,76.78458076436303
1179.5885690176804,448.4726135951563,40.03746767231452,78.48215382972666
1180.8067969426445,449.54673570039637,40.006046364470066,79.50774132052524
1182.7077052756858,451.08665494097966,39.58772431394227,80.94732537048662
1184.712474355347,452.9050383301454,39.59001410032903,82.04872206337711
1184.6357808785397,454.9638788534758,40.743187013664304,82.06009747042108
1186.1034209066124,456.270645707779,41.086521240126785,82.4725492411695
1187.1052908802567,457.99221026297994,41.96092984859392,82.70605348876941
1189.0789214010226,460.1444903896891,41.8491814451542,84.27338330340521
1190.5449791521444,462.65707480156135,42.578513467935096,84.75432324049453
1191.6005393443684,463.8137849398836,43.1596585940461,84.37269081232256
1192.8655328734146,463.88946948588693,43.92373248146422,85.64960636539652
1193.9799460153472,466.1145920893364,44.9352593050516,86.93503840077668
1195.2779503403485,468.17667686195546,45.0627067993819,87.59943639856834
1196.4302192243717,470.47094365652777,45.37537322063619,88.60499374799184
1197.2935980770442,472.73471097048724,46.00486532455638,87.7732782595534
1198.7158359671218,474.50547063136116,46.139989258680274,88.26515089032026
1200.19130350323,476.3476510244848,46.07247370016603,89.34963900009967
1201.7998651091502,479.543879912831,45.80830001225141,90.06021476604022
1203.9239735814178,481.9999359860119,45.05005828172065,91.02178941014473
1206.1848481368352,485.2984682429161,45.36105567662346,88.83066399850912
1208.1341124194373,491.64270377906263,45.020723894485144,87.58881672840118
1210.6484851968683,499.20554220034506,45.418152026604176,84.33893048184464
1212.9421086576826,504.92231221587264,45.99425902495842,80.69150752766325
1215.025474776622,509.4962087286697,45.88656113461361,78.12698934337766
1216.683399739014,510.63720212230555,44.94658692127099,75.93559928413293
1218.3872624861883,514.6676087501647,44.1674996944392,75.46441234067039
1219.7910428154278,518.0341970785508,43.424905476161044,75.14751213882366
1220.8548699590926,522.0515396361,43.30228444345486,74.68266602442728
1221.5453914859831,525.3029089042875,42.70061026708481,75.05487074443045
1222.0194437550942,525.2687359578033,42.49013132777003,74.2384047591945
1222.1542256126675,527.6029113559432,42.07419986901223,75.09357681676612
1223.8261693417048,530.9727376524572,41.798099581347955,75.5112041919997
1224.777300872407,534.3719085717992,41.604143666969144,75.81711326121385
1231.474308177965,538.0901923332448,42.58197811591225,76.00963032541972
1231.110407357385,537.5871242006044,42.51283472161465,76.62822961793934
1232.2749457890686,541.4061200851237,42.14265580651244,77.4033171106806
1233.456383980723,545.1680284767001,42.24323843809586,78.30216496986168
1234.6260571912967,547.6601786101955,42.2273711925161,79.12844686382041
1234.5178406847413,551.2144019037299,42.51942847040408,79.97275143641971
1234.463200534576,552.3882691401599,42.787790378791556,79.78827193983241
1234.522509945346,555.5564940694217,42.917436957780325,80.54736260483776
1235.881532712334,555.7249241264057,42.653526603323726,80.96156708943013
1235.589214350813,562.57551408016,43.00553417621339,80.45202612845475
1235.3693531631006,565.7824473612931,42.59539099587532,81.31212444808557
1235.2329067145697,563.7028761520257,42.362135614224044,81.9804002055485
1234.8131180388732,567.8932796281251,42.18585157359573,83.10482987902098
1234.2397105638584,570.8551804222975,42.46951956289007,83.54977171032358
1233.5872271251244,574.4480718756079,43.08956481808164,84.10365383513587
1233.3641887407566,577.8900519756145,43.7542719602954,83.91269728960268
1234.1314055939495,575.6473290320407,43.61531149571539,84.53280294390112
1232.8535510950435,581.1250858598536,44.15993283750642,84.65292138361218
1230.9072129704934,585.4510124640952,44.98365294990293,84.7411451938667
1229.4495044444197,589.9725534190087,45.29788992545119,84.87765446293388
1228.3007928451054,595.165491539396,45.990330271143904,83.86887439830673
1227.7558196803088,595.9079228823502,45.97325061978782,82.48141739192218
1226.3495109446208,600.2306795361644,46.415612144050826,82.85788341626396
1224.339559921509,602.7527770655654,47.34035346754222,84.03521688758292
1223.7683555193546,606.271775457052,47.64842366644707,85.494972294246
1222.87380756596,610.6237690749011,48.927269481683,86.28223986506616
1222.6249686103645,611.6172449195656,49.86037628048017,86.1240901652928
1220.5508161909067,614.0502887899781,50.277792991115035,87.10229458831657
1219.2945309799736,616.3738389222394,50.829559308176165,88.66969045950557
1217.5166198309637,620.0562583954281,51.03958740529883,90.10045717261289
1216.5014345576208,623.3535308060535,51.282231311283155,90.83225731825064
1217.0082885830873,622.8323557081551,50.95990185379516,90.14265651574112
1214.1798063768044,623.4062979775888,50.524324571719575,91.77881648103937
1210.9552820874617,627.4464050896554,50.5862447972865,92.590817985666
1207.202831660039,629.7624475078542,50.82863916714632,93.24251372406708
1209.891134079361,636.4172461389091,56.818406436961595,86.96222192002585
1207.0042289774656,637.4736592515067,59.57306614522339,84.55485579619688
1204.8934380764188,640.761583374895,61.26828314400311,82.34553892149043
1202.5927412872245,645.7352316991793,63.72214616666652,78.97430304486423
1200.002175159884,649.3086477139135,65.27661831278093,74.88658046478238
1196.6662926656209,651.5459950062584,66.37210223059787,71.90776898727783
1194.6808281715914,652.9862324903239,65.03609590829299,70.15703842966178
1192.5957118981964,654.8620981415766,65.95142776118992,68.61059839836616
