564.5,29.5,80.0,201.0
571.537291723183,33.06783814988921,75.66989668669066,201.44656475857118
579.0355138705401,35.43495948245399,72.71244336640277,202.5321796907927
586.2821490071203,37.44153222262105,70.18832935850105,202.21729976297934
593.8426006480838,40.75101818055961,67.78981625143987,200.11938831386857
598.4885905933921,43.98423878591905,66.85174585331586,197.74887005007963
603.572118436814,45.33867474512847,66.78819816207772,198.4026082333606
607.1622820102716,51.15164191803518,67.20192142257206,199.75491008597248
609.9391483627955,51.86370221978366,68.03322470919284,203.35112277257562
613.4908723080376,54.013824600316056,69.50422731156749,205.99037977390097
614.8657433368427,57.945041281008855,71.37018597569815,208.08390573258373
617.4610692733239,63.771134769398,73.99997344141977,209.87528889282936
620.3265774582394,65.13617871152039,75.63867896108457,212.32815055158386
621.6102515748141,69.03181441178035,78.16966313302554,214.7699495245991
625.3184763894243,71.40682912985744,78.69487819954504,215.7864773050892
629.1318919572292,74.42982314607721,79.17150356112761,217.30631950336254
632.7741764572503,74.79477519309813,78.89636640007453,218.93664060997378
638.0865170865584,77.31649010704325,76.66895343674642,221.18597544577983
644.842201013298,78.70970641091705,74.72625394874575,221.7116825875592
649.771808962708,79.08024128089474,72.8440273191824,220.66473477462677
655.7735040254476,80.87282759974035,71.119215951943,217.77670473794873
660.5460449175483,84.1498821261757,69.29149990947116,214.179892056538
665.6909960160414,87.77992638603982,68.77917415901831,210.21380034772284
670.1050815596915,95.26706649816697,69.20459365551935,207.65573029802908
674.8569988646641,96.33364658480502,69.34999381730273,207.09633599866197
677.8335668581432,103.05146770627574,69.70963582640772,206.02171575126496
681.7832191845233,106.81854074418361,68.78816539834838,206.06207548141847
685.0105919748709,112.62669605559171,69.04091407653391,205.69622739064573
689.3174216008241,114.75332720181328,69.5714341688047,205.4037962635163
693.1426030753572,121.03893222076712,70.23699300318577,204.67910092745188
698.5760518849959,124.50127718843316,70.11426748016075,204.1143505673151
704.4600737449821,128.3063027187666,70.73527710491499,202.69771467159575
709.2458241063007,131.8157502243573,71.71328352339101,200.88346672462336
715.9976051274214,135.26771521687073,70.83016673261449,198.98397275567928
724.1569894202685,136.93880827148712,68.89776213007451,197.45501108129903
729.671202211519,142.27976534854372,68.62474292727325,197.32112015106284
736.7565652403196,145.28182640136288,67.12604827226014,199.28044943092257
742.7679719621196,150.1323093461845,67.14219242448502,201.7588000619702
748.211826375431,151.73403983917498,68.01436557112899,202.73336813635302
755.2815932425109,154.94347843736787,68.935164135248,205.99627843081197
758.9267596081206,160.04488421002648,69.31295464926768,207.14005215923743
762.7112700859763,163.2745255225863,69.52330114045589,209.61320743084633
769.994462184516,168.56544568954774,70.90962614137453,213.27970674993853
773.7290590986228,170.4770181330772,74.12067485161313,214.57814246361815
777.8482331593827,174.41403274904286,76.94454158147244,217.70389770129137
780.5013779216208,177.7955978596288,80.14951399699886,217.98331422923445
784.4146214304013,179.76606811762085,83.80217012213794,220.26243549227257
789.3706611354742,182.44420859822463,85.98960376588649,222.29795302731134
794.0017967812627,183.28387481806618,87.52767980249546,223.6656846535615
798.3635763096468,183.13792440936027,87.83216067797824,223.911767477392
803.3670166278695,185.0169901755072,88.43750557406449,221.5859228036568
809.8224093537173,188.0981422106537,89.08265979674647,218.87799113936967
815.4920522646132,189.62311093811516,87.75786314884351,216.4158295109009
820.9446142555819,193.79414141876168,87.18861277072716,214.24714987819064
826.0343071927061,198.51242375860147,87.2365065595645,214.14886778365508
830.3026819259555,202.3591530693921,87.27213048326348,215.32141410592143
834.3992338364872,204.99525690705076,87.36715837606747,219.23689621179312
838.2560708983295,206.7113047601188,87.87955656378405,222.31645869733796
842.0692311510063,211.9049864427195,87.7223308116958,226.31492811869663
846.4636004346554,212.86499085981688,86.97185842634357,230.15903938643052
850.0116771886933,214.47016466414104,87.13099542653805,234.51602213819484
852.5777358685099,216.9437327955457,87.30246979511529,238.07954413954562
857.5136860979047,219.52279073549008,86.69711558571531,239.40687614326288
862.6518843227319,220.72793932908533,86.49540327912715,237.10925297630314
869.0907319941555,219.63767493359018,87.17804595660485,235.42698140756747
873.3185484249324,219.68721588161708,87.64680484157195,233.43719249552248
878.9593073300462,217.56483294604772,89.32285615365898,225.53656976345076
884.0481630253744,223.50580593173711,90.01961642743115,221.5525587057072
888.6278203663159,222.52561611120447,89.43036247552871,215.63576110830815
893.6626909031063,228.55518613800598,90.2474126311958,212.37024497896053
896.1310009064088,231.34752687278345,91.61371630394277,212.05944971317143
901.0919431705471,233.35584323509553,93.57962150192338,208.78157477768224
903.1027838461445,239.2551513235879,94.45230212353759,208.7962797142839
905.5995026615581,241.8211750444271,94.82782248907867,209.29658653209648
908.3811787293464,245.94727985158198,95.4223954824387,211.4091211041881
922.7384089519435,246.8557801889809,95.31522911988628,206.8499529565509
922.8548074117332,255.7473109606292,97.17102782904522,208.6561991982885
925.2597661060066,256.6709260312085,99.50984739423379,212.84491018109222
928.9068376982061,258.9839278169958,103.57198835137528,215.14454480837023
933.0893391362813,264.2903214326753,104.11039066473899,218.2884332972261
937.508304776336,267.19461667591565,102.93491828126662,223.4600311804963
946.8775787479098,263.6652891075465,103.88604662290913,224.34542419794138
956.9299098223684,260.6925852465365,104.19207096691187,224.07054459696337
965.4065580365019,256.52255698869135,105.90565609992406,223.99092242460438
971.3842365217644,252.39835448253945,108.504811153325,222.207880979999
977.5839033346251,252.0737311606725,109.49689598463456,218.40248103636105
981.1257995753404,249.72273846205948,109.51486102960179,215.91100978380683
982.7825871029197,250.874820465809,114.73547996705803,210.05613557504438
985.2151007158446,253.36888432562574,117.2711704764986,206.27610245227368
986.3929994846276,255.23699131582407,119.10206183892655,203.30587270907108
988.6724886079775,259.6400961026487,119.66803447799944,201.6747510641937
988.0585507860059,261.5708820268873,119.74461517527212,201.041776141452
990.0295645408581,263.2896054412902,119.43959990883859,199.7156605370879
979.2635933885826,272.40566818415755,118.32225785059651,198.1268036365582
985.7912984806321,269.27795138947846,118.55237394213248,197.94219854488605
1008.6035273688499,258.4726575889223,117.47191106926122,196.86880711157454
1007.1629064564368,260.3366820037874,116.56157984644958,196.62150073637312
989.1405918604042,269.4472755811204,115.65081047894431,197.7247841017268
1009.4398721580812,261.1346580830892,116.00074765580716,198.03348696277934
1020.7284571246153,252.87486824662398,115.28626006526828,197.53896560726744
1002.0918701314997,260.54028367826817,113.14031707762243,196.57934770326858
1002.4875610186056,257.6196966729509,108.77327745886743,198.0505776182915
1006.0513655285066,252.09992937323392,105.72654240528223,201.0452437484872
1001.4166594085026,248.49054688184427,102.87028325857156,202.0330064004865
1008.7505661301583,242.73555505730448,105.77097224140766,204.5900767652643
1001.7838402015848,241.52096988521663,107.53272838932608,209.35195928290196
1007.5373396922467,238.5481883327225,110.08949111912281,213.49247284927782
1005.9817408176215,241.98826672156008,111.50245204529142,217.98660939893418
1005.7482489434576,237.1255585557371,113.21170435593592,222.67299041029818
1005.571138939617,235.9276661585033,110.01175113249238,226.42943468486067
1008.8999836076943,226.07720494813697,110.120980455548,229.72002728686778
1010.7373124625091,218.08503452897148,111.32988531076836,235.2976784813389
1014.3201781413162,208.17582686416227,112.80475034292445,240.27591150657494
1014.684333342044,200.779733277733,113.22895964438021,243.63714946831297
1015.7326413379227,192.29906370258166,112.90268755234976,244.78132229018541
1015.9277062810445,187.54718966528873,111.8580267832707,241.7874135425667
1018.3158202726169,183.66776673290605,111.69866014350985,235.1577057879473
1018.6622734786123,180.1559590509068,112.0397863147556,230.86921025106685
1019.9132603393703,176.57771615675784,111.70195472504531,229.07847046868605
1021.5517087476152,170.0968100885592,112.30260684158449,230.49245393076694
1021.2276845964973,172.90369072490915,111.84297017391819,230.93097785246403
1023.914030219896,159.8154512291427,112.67427320126036,232.36415735974398
1026.8308972036152,153.49310318858215,116.02395273937617,233.17041159211024
1027.974121095281,147.7341372453718,120.30261659316017,232.6077827943268
1030.0043290320614,138.38254431303596,121.31768261123133,235.2020991063862
1033.331672260714,131.87802429718664,119.82876763830126,234.63542502675674
1034.4952208282302,129.29535192135884,121.4610306259494,229.48370453945967
1036.0469506698264,127.62248920679625,121.07974463355285,223.86404548524746
1037.3191800442905,125.39887970155976,119.1233996694144,220.26819942461447
1037.4316817833349,123.67532750231962,117.14589756461702,219.1973933425955
1039.3942127822545,117.84421182391114,113.55064290787638,220.06824190980063
1045.4118331539394,111.50930234455527,108.82485517506565,224.92273036314128
1049.0945968880023,105.11688538014815,104.82362891162106,229.7670983648315
1051.8020244721647,95.87454903850016,103.17464359917702,235.13079746109133
1054.7849569648865,89.55432405242115,102.08648657195481,239.05552439552963
1056.6608958079119,85.70182958181266,100.76605424608807,240.2070889783787
1059.806679776493,80.77472872157517,98.40671201311909,239.12516303619498
1062.6896511364264,77.57389912753774,96.38955025905734,237.2189465910301
1063.6883045104773,76.70976726587932,94.265238574618,232.312291147782
1062.9506607808235,77.52990158016317,93.63098461775715,225.0320932246281
1064.2692425753064,73.69364814411963,93.75135839375133,217.63348746396372
1065.320268985621,71.93104045132574,95.34906958641234,210.4389410011018
1065.6433730972535,70.3680916494574,97.03602033302641,208.50281496515953
1065.7308559966793,67.02277342402917,100.71039473459886,206.25349188995398
1063.3807339775765,69.54321402630465,100.84278579886657,207.09498258786883
1064.6624243843992,60.07069206399936,103.10853944948525,207.34741291079484
1067.2668254044545,52.0564015568672,104.27760653855556,208.8894350108746
1056.3469803351375,57.078372596857434,105.20368431146699,210.0234533267071
1063.128939760621,47.09943421723803,105.650275905141,210.00992314930042
1054.3182416097166,50.726302477059946,102.34631629569488,210.11363282335165
1063.0616272008886,44.21475678859815,103.12552678754557,205.6709191465643
1061.161280155054,40.327948075661,106.30379508461262,201.1500915345968
1060.328414898391,39.960440640381194,105.45069219912027,198.4726937617238
1055.7417180405325,39.624300123661854,106.21061755393612,197.0510307224391
1053.4209489848092,33.51115291600104,104.68378065012413,198.18233154645213
1050.8712808144094,28.295444031750733,101.54575126826727,198.46772365729893
1048.4549885342208,24.555329781058745,99.33077370629964,201.21975363039311
1046.2957265456146,20.20359654510591,96.64213368204723,204.0896167201882
1045.893748517741,12.31982781869003,94.51187538423301,207.51931123173577
1042.5659453557366,6.868829739170195,93.15616350145451,211.22603017672515
1039.886163838103,3.3155299893870875,91.31974694153763,212.68430614037217
1035.6505746118755,3.8086511798248637,90.13313807099448,210.75428840368073
1034.3078576638404,0.09033584191186605,87.8150715054862,207.33403889151845
1029.8458013758868,0.02722125504806172,87.8741185067473,201.81084971121163
1026.9158149352036,0.5172175171853155,87.49706898821145,196.36107006611803
1022.7778967078027,-2.751922917323924,87.51702604085263,193.71366768470926
1021.0819544752809,-3.747605882766635,86.81701969397608,192.14989550448018
1020.0580121723854,-4.697231397756127,87.33228386977453,193.27829808141428
1017.2343972443192,-5.886762810596053,86.90312059846545,192.7556427674457
1016.0087174765829,-7.04322789416868,86.17428146450456,190.31976741167225
1013.6582947786186,-7.6916595869389965,86.10006048470066,188.55980897409276
1012.9756613162064,-8.438856522603174,85.26012649895682,186.99155955585508
1010.2206711909073,-9.646128643267957,84.81976933958174,185.4069666340224
1009.5180159079689,-9.753601839766077,84.44356514162659,182.22663195058738
1006.0794414899644,-7.6143544839032415,84.85016773206046,177.3222457321898
1002.8344247630899,-6.792097114662226,85.33384685383922,172.51796074338733
1003.6486853592609,-6.6603709145295085,83.88133838613545,169.79634913482417
1002.7656821411917,-2.9548140774278693,83.86886357723276,168.52754226527787
1002.8699558597642,-3.236825880044705,82.96519622269507,167.88209667133094
1003.2257763501154,-3.6633869073912706,81.75737595932736,169.17757146798078
1003.9460359374374,-5.756983510935527,81.08194099174142,172.22718189613863
1004.4694505975971,-6.305946864451613,80.02990363269714,171.5563371931824
1006.1201430550877,-7.091052592433414,78.91474842352636,172.69506907589619
1006.3428035825789,-8.736775415351033,78.41198507597305,171.94888368688035
1007.0337759886372,-10.254508971371024,78.0018980500349,170.22707569439763
1005.6377481679856,-11.797918906896342,77.0465386255728,166.3652332844119
1005.6527725269059,-13.340346466697937,76.70806728266743,163.33395423729755
1005.0423952957655,-15.629808619165317,74.51056331637463,157.69172432928065
1005.3585127680683,-13.240417990309709,73.59692632032016,152.9129340653709
1002.1011726998265,-12.463574729707886,74.99432263569781,148.6485663441398
996.4945360272492,-10.042700201007833,73.62924400636503,145.651038401852
998.3405994999889,-9.157284367472428,73.54499574588324,142.63188973153106
995.1505556474403,-7.569817613518694,76.21914844960705,139.51748456902965
991.8350731816748,-6.6066316287365225,78.18099259256384,138.2746116972894
989.1236339966409,-7.8781380393470215,78.96822366572603,138.3857295008865
987.15289050478,-9.346635210358443,78.07979131122173,137.40641949301005
982.6177363026821,-9.919021576460878,74.46526904982895,139.0236971092195
982.561167263526,-9.447064118981132,74.10398425607471,136.8378503981861
975.8591911980343,-9.17146721744433,72.00264254092781,134.0801353224532
970.5446113449626,-10.010097597097754,69.94224993994223,130.35621724493754
965.3334481076324,-8.543426070754201,72.17646701671437,124.51682446385688
963.1707591488365,-5.309012062990448,72.14456658729101,122.02303068523733
958.0196730692747,-5.043435664767216,70.70370342994718,120.1930322400253
956.5990965788386,-7.22047278642691,68.84135327895305,118.3856427458569
955.4348655527301,-7.893169119359271,66.07115486211467,118.21633750236646
950.4711649756421,-9.625534495055874,63.85899245580513,119.45041639829091
947.4543705220552,-9.839119278181123,63.77364673163096,119.5732496253061
943.643404277153,-8.926445350793927,63.674846055694616,119.5618895024653
939.3649199140102,-10.536380164595514,64.00787107165297,119.49111734540051
935.2735778045746,-10.390284595967614,64.51343651229547,118.32688146603732
931.273278056941,-11.786466481341321,64.225743122736,116.32368010845832
929.4038432535921,-11.089058419425413,63.006566769961125,113.11053369669315
924.415889244479,-9.590072639159331,63.83479832029188,110.29717609416213
921.8841799732465,-8.783921186863921,62.626330514032354,108.75653335804026
918.329364333152,-7.282091252412094,61.663936495149365,109.79147917913905
917.584220620687,-8.632426689143692,58.87478447076881,111.93899880271668
916.9128188648453,-9.834784298684383,56.385936533248625,116.74508383190243
914.4011824839777,-10.3200230404045,55.12276558465698,118.10062150649715
912.8693840121977,-10.307908585358916,54.59979989470256,119.9953536445322
906.2717877182783,-9.327841546733595,53.967990910885916,120.65823330209906
906.0117485282533,-11.397826189100698,53.927995736420044,122.84326834744576
903.9391211373085,-9.776953141398053,54.230577455031664,125.12015514083441
897.2060400926209,-8.459108028646739,54.76101528598383,125.5647607164945
894.6121118772946,-8.923565620864863,56.668310269492835,125.87318022393643
891.3083925967127,-8.84565747687735,59.022513490538415,123.90908346797434
887.3939981481315,-8.017142743650567,60.16293263672419,123.02765413684716
884.162141186598,-7.306303788036729,60.0588918143077,122.59569591451185
880.7251653692219,-6.005677062839524,60.078325035516286,122.47038674474183
877.0292396992871,-4.956240078287891,60.874015486713944,125.52830827734755
873.8616426530594,-5.333039347328224,60.73210396164609,126.19844433869787
870.6042061042054,-7.084858518956381,60.73943731020857,129.8140412676337
869.4083114833662,-7.288043353228346,60.21738578116556,131.16218274146405
866.473353541772,-8.356420108450152,59.78643792152559,132.5925234000972
865.1206198315422,-9.857026700745124,59.51873220050584,133.11454122831813
861.8638801769278,-7.780260960860858,59.47199269869952,132.40651751336588
858.5121405711509,-9.025912486155548,58.32799209000175,132.21817168776508
855.4513437666469,-9.148049486075791,58.26912381546475,132.15649045641584
854.5448700839888,-10.382854790024467,58.498645182093156,134.7636485721953
854.0098200659812,-11.776075368196729,57.38247712690659,138.74717975825632
851.9138973720007,-11.504725090846904,58.81765847716316,141.43054317030777
850.4455228100031,-11.911691573250465,60.30309303263884,145.2795274809401
847.7372517646337,-11.63799306821312,61.12612926400273,146.45580977498832
844.064072786417,-12.366333907611292,61.76486326184833,149.35485626568195
839.0085823410479,-9.847606849021702,62.437195928709684,151.43868091132015
835.1671872255778,-10.56288421232236,60.810692412701606,153.97108698203004
832.2021881313827,-10.553907994306428,60.39126957676926,155.77683533163508
830.9467643149451,-10.935676891052992,61.164549308033315,157.17430619245
826.5028658246445,-13.511139885929154,61.14560133166432,158.48643103664872
823.3057411054737,-11.818970316994239,60.93074375248878,157.3474441669979
821.1755904030016,-10.344447226689368,60.18187462520627,156.41479641625875
817.8953033497958,-7.56234580800151,59.68830148811814,156.2659273267468
815.5027938825908,-6.738288863920545,60.1430978158691,157.92247638147123
812.8606400216443,-6.263289447819346,59.9614507571837,162.25700723524295
809.7610567223039,-6.296799869226021,61.42957306341438,164.66796094510647
807.4081976208713,-8.725966635494359,62.38017361147912,168.5282813388721
804.2682857617982,-7.838080588647017,63.09498535147601,170.73405660082926
802.8604302988522,-7.534248980644136,63.560010442483474,171.23200780857533
800.4445164040488,-7.570057334734017,64.84791676144793,172.2378189027605
799.8354037410003,-5.59136370209265,64.53783047732333,170.69510210485447
798.3409072352475,-1.3923752877715572,64.28527495062076,169.23502915728528
797.3401864921464,1.2904520950544054,63.85307977147885,167.71008979995855
796.0511657154686,4.385614686743992,63.1861023657889,165.93969555148539
794.1919876782039,6.954790492729117,62.6563815245775,163.76660063049414
792.1718045577978,9.351865957509943,63.60349081501121,164.08903066406725
791.8505660526419,9.838176092842659,64.17391756680588,168.47074236361667
790.5287184075179,7.641849549926462,62.365357608030344,174.28310727768087
788.7868933744545,5.833049094346265,61.69754416555102,178.01187238616697
786.7749575544915,6.545898716022947,62.317893075603536,180.4857023614873
785.4677952876095,5.879639132240243,61.40929461666109,182.0012560086708
783.5403622164692,6.308993270427962,61.498714096038725,183.59621322721418
781.9899524656291,7.865599200558435,61.646369973909216,181.77720107207713
779.8091534865149,11.12973541481881,60.987878305825504,178.0068448556383
777.5902112719612,14.421140903481074,60.139237962288945,172.4482283573024
774.1702664821112,16.65334064000089,59.11735738894311,168.89088837494347
771.4461098345563,19.811360035305796,57.929703906251376,166.4463069226668
769.1791570991238,19.802984994201353,57.25525251981661,166.9151739115186
765.3598392943584,20.64344583900555,58.02889837180966,170.82947898658915
761.416757325584,19.662229583560702,57.982319713685875,174.61416365182913
756.1817950535785,18.300629683574556,58.01721427417618,178.40636822589505
751.9953751926491,15.849046670019021,57.88719583410885,180.43165463340773
748.6613495409076,14.796710850896247,58.201512167499075,179.87134156858932
745.1850222512126,16.02420360940627,59.627511549745584,177.61999828577547
741.5745908543305,18.472688211814244,60.46169517099389,174.9226633945429
739.4456580313058,21.583727183651604,60.124836161891835,170.9501047990127
737.6105198239696,25.03897856108614,59.03770920284581,167.60705805114742
733.847231872557,29.711769256350777,58.817765540088914,164.57556548202928
731.9624023382097,31.74883729726625,58.26507553728091,161.7556336734222
729.0082675054341,32.71175312020753,59.25362359943854,159.71342676748458
727.2307895838024,33.75545967276382,60.30443835040147,162.67589416698016
724.5737927846216,31.114974266042594,60.179604910951795,166.5965031659237
722.6269006304634,29.86646182109932,60.83925645254446,171.18189194168977
721.0210468824855,28.212434380192818,60.28292019201537,175.33528147258878
718.6703016088978,26.3404136613363,60.46000192189942,177.54264531134856
716.523890985439,25.010019651433225,60.56511479097887,178.38394993176354
714.2914488595668,26.930102869360724,60.45555570242186,178.07645804691867
711.8212213000006,28.099845127601043,59.95160621950346,174.9443387452627
709.367334094446,31.542026030073856,60.26310959255712,171.22221696869843
706.8485680023615,36.03650063684515,60.96998763243924,165.93761655772238
704.0648036505327,39.23368847070465,60.40641425098328,161.51211856315248
701.4370626337993,44.08821299668266,59.05193429790819,158.18768254830584
699.7865097243038,44.5225923506473,56.70117034303469,160.18941462979
698.1957680550597,44.0660372632243,54.37857338596004,163.34565286593056
695.578694487316,41.42194279404407,54.566217931267786,168.9193879282725
691.8038509860322,39.94129271266078,55.793918735410244,172.9571709830755
690.1988217817326,39.35636299838413,55.45455917144476,174.3755371662656
686.4840730802335,39.597864423551044,56.707012659647894,174.73385185037847
682.4869645002096,39.88819198825803,58.64391256276832,173.30549862850387
679.47019178865,42.59537002172479,59.06226128102308,171.51476021064872
677.4174226656758,46.89511344413603,59.21602183036208,166.64458173260175
673.5589573289234,50.52146456564816,59.56235561818565,162.21563451544114
670.986475929161,55.986299185031044,60.12056361882135,157.69920332522884
667.3151311303249,60.035944910963835,60.7916438147907,155.22548360111594
666.2291243798945,61.07858138305339,60.35455125180846,154.97910371285266
664.2905232806521,60.8337015883387,61.19794164266084,157.4120749769723
662.7346729275085,60.62263057992246,61.598573957148034,162.10575095986923
659.600623688842,58.74418301128057,61.61764995065544,165.46792187711554
658.1047717919456,57.80655168780339,61.58904286569462,168.59710841704475
656.0341024879062,57.768990037434264,62.24321959900226,171.00294808931926
653.6698264768695,59.258292083394394,61.394178294507014,172.3843064607779
652.1911797190626,60.58128061966954,60.45425024487437,171.55226621779457
650.3480598358253,63.29171093698851,59.02715773977302,169.84873389316945
649.9089880240184,67.14273445100584,57.42406752816641,166.46108944539603
648.5124508319213,70.4071954988523,55.367753789802,162.1158397778342
647.3740421069577,75.65004852605014,53.381057197828554,158.65979299467875
645.2572683792882,76.98614666804897,50.916849316406186,158.53519864892877
644.0679109915276,76.0558963658426,49.66813556028076,160.5811431166142
642.2009460731891,76.99276201181033,49.58111584251424,163.01525121829445
641.8960689851689,75.98219902366458,48.78495916898359,165.5579711825277
639.758799765545,78.1873485234631,50.125023855256,166.58263397873753
637.3417021185128,80.65038591305843,53.45036321040871,166.18981382295996
635.641638143216,82.85891894150771,55.104489917410945,164.051268827005
633.78821760604,85.6480068859046,56.33768315889259,161.4958745487001
634.1565210017187,90.10829332730822,56.966407540478315,159.17865898095636
633.2023315899417,95.87790998953551,56.627965437366015,156.57454814643097
632.600180864926,100.18987634174074,55.85865839359254,153.90026954434595
630.487616893858,103.69180705601394,56.03255876614845,152.42644551890623
627.8400111029364,106.87569413927521,57.56034743348667,153.5893143386813
627.1069289183888,109.0103789925456,59.16061773827457,158.2345287919916
627.8308542005902,108.27534758371128,59.600239922628056,161.76961932343588
627.8802540604842,107.54518835361432,61.053840911038904,164.81871306076755
629.1109038838604,109.13391055328816,60.41939966558486,168.41001169959736
629.4014426965061,110.11230395664667,61.84253179714467,169.63959335830393
631.0014209272122,113.79202562749467,61.55731613659013,168.66209991818874
633.5815388167857,117.50073084264956,60.553371842275794,166.00292875713555
635.7167257991047,123.19059578123691,59.96163514379701,161.3547042739428
637.9426558239294,128.04078302532906,59.36725061332784,157.62262679045818
642.5090175322763,132.6109107888587,57.63581809018867,153.66796915997486
646.6261597573282,135.9939973208705,55.875258482156354,151.230056040867
650.2269755059967,137.4935229568941,53.979906644090434,151.2575781883907
653.3606982427804,137.67316641558693,53.948906120626944,153.87901465204754
657.3082082809897,136.58439637230993,54.46648179310971,157.02072596939456
658.7289570855287,137.4588070377797,55.16496292663125,159.28429191415077
659.722194825142,139.4685641227644,57.08327284207324,160.81598576343802
661.6524240284552,141.88176720183282,59.29532229372318,161.2007598154147
663.6197338648557,145.5451440771416,60.16811476844409,160.9883954843528
666.2733885952488,147.48391008852886,61.08306673649099,159.77710558422842
668.8216504767519,152.0727513826397,61.43109777924033,157.73638588663175
670.4562594634288,158.2298464494816,61.69382169660322,154.8234504068786
672.7104269430371,165.3290442565183,60.84529990305115,150.25985188905764
674.0962914689475,170.98274953846595,60.8809434212682,148.12968360421505
675.9850297794698,175.36321274350044,61.87664013243811,148.68812555657286
678.4272300809284,178.94682100162123,62.55059009256992,151.21492454326096
680.7382532660008,180.91734957283984,64.24163500050156,154.87080267304057
683.0193632496282,180.90932068203423,65.0697558383003,158.9457994347543
685.4512654674991,181.80475007438537,65.27762765683117,163.50138716418166
687.9007845665816,183.10486707252056,66.13749629994405,165.79482992572377
690.2919132109839,185.60249043418895,66.34065685400435,166.70640588381403
692.9768816827334,189.9445328944896,65.62632045829616,165.08415291435404
695.9535181705156,195.00557366649562,65.02160781598346,161.727509450176
698.8206046771194,200.46770604555883,64.84975312781879,157.54265175458008
702.0678835096693,206.0993118031055,63.80873388053502,153.4165247235871
704.6040666543538,212.0104733143837,61.68244350745636,149.28833641324997
707.3391397795824,216.37508162257015,59.40376692634113,148.42918119442953
710.9214072113127,219.7702750561063,56.56739282566734,150.1241907125501
713.77717284041,219.9359492856888,55.59820928475811,155.0091441714149
715.6664058111855,220.89174219613713,56.059855647894466,159.56307920928288
718.0524607320984,222.18288873110237,56.52107081064628,161.92472820935973
719.575373449213,224.9181510571323,57.80271710951058,165.329628896045
722.7680885277082,228.19019782149542,59.31225212433408,165.9863725026337
723.6565130940935,233.26249337268467,60.826057889253256,165.10213258128545
727.0929469344554,236.8206330915603,61.85710466012837,162.0964970072122
728.6979097845638,242.64056545718535,63.533635926311916,158.85105862178725
731.8491082095908,247.96601372389432,63.55319094240781,154.63745943257712
735.2789371487245,254.6515611310392,63.14022934557346,149.90022806738403
738.7070274925493,259.7871700763494,63.466745954066596,147.79106233130466
741.1603853455193,263.8829688596921,63.85906722780177,148.4060615206007
744.7523120748693,265.1784784265166,64.6670965701575,152.22329414934177
748.7966637863921,268.05216344685823,65.87745587599406,156.01115951362675
752.776229291,267.4667348131121,65.50946752119685,159.1080272705828
754.1635505216719,268.5479772777759,65.68078605838832,163.0917682705155
756.201185345891,270.58985811748994,66.98925635822309,164.122657794243
758.5774102327365,275.3222651214025,67.77640457266052,163.99151154154484
760.0037719081024,279.3457093387894,68.09373828026311,164.14013111000585
761.5546133906915,281.1625463926694,66.39447178275135,162.30701556929296
764.2481383163737,286.51942124317895,66.89414783394454,157.63869986638173
766.2525017771543,288.5008418800586,67.13909494268727,153.67481631949408
767.8584837670602,293.46727513080623,65.58186998513045,149.5251333926754
770.3430500773002,294.62434304978217,64.8901864956625,148.6599015921991
772.6334557966171,299.20650680286417,63.670132646368664,150.21270665439437
774.3042726376211,300.21310834479675,62.823420171788634,154.10532155606387
775.9698521528057,299.2936314399583,61.97213336813445,159.56143234816275
777.392152842768,301.73143231430316,62.432022554463614,162.03256893794344
777.9977866021453,301.87879316903974,63.314198667834944,164.41888894599958
779.2491645707594,304.08859762384617,63.77733981388933,165.21015459388184
779.4095858705033,306.3887190216835,65.1834744435199,165.89532601710965
780.6811987538824,309.94902206713505,65.7303832974281,162.58664581426825
780.8079618909354,310.48891244774563,66.39197673090652,156.20646861063372
780.973192093584,313.05191662946936,67.16648868812774,150.21632921376562
783.1078132698217,315.8012111594935,67.04916951527869,144.26821330730854
785.4414674445155,319.5413056945605,66.96804232967875,143.59574394466358
788.6681596325941,321.17197816875984,67.20502422167968,145.21889139357327
790.6631756264181,321.6381185157743,68.14702052764116,149.2550259598592
791.631586502769,320.7512271482733,68.53454388678634,154.12311444856914
793.5122197598639,319.23375907702007,67.83606442856589,159.43478708895464
795.780047147287,321.2023353264642,67.5441664248074,160.65921849051801
795.6451838220376,319.67512603513535,66.78275036366685,162.45242627395845
796.0760088941081,323.74868652003823,68.39700396899151,161.8186834474633
796.0883921212134,324.525359002737,69.56410283975521,159.58120668093738
795.1409852988676,325.31617747257934,69.56375700149087,156.1942724857366
796.4324404545113,326.4763499773591,69.46218089964557,152.10201561666474
798.0998724229886,326.0703824019136,68.50744725367599,147.8206375503927
798.9023919069674,329.60596511100914,67.41580335674803,145.97202204751534
799.5072246862162,333.00978274326,67.2206132630713,144.6568422654965
800.8960137785643,333.9851172260624,65.71480603250711,147.13728940401768
802.8539670221703,334.5943294901068,64.68246902428392,150.42429175962639
805.1212303798744,337.7780884879457,63.42280841300157,152.7614427626669
806.841910308307,338.62399368389777,62.342658902358345,155.43297751694195
808.4006519148558,339.76672813582695,62.449662517111186,157.95773123881605
809.494363093939,342.5721168516164,63.50104807558583,159.00088113343952
809.019542753328,345.8256053915237,64.29713036845553,157.74947875684146
809.8210541045556,349.6655611465655,64.74883283613585,154.3472471669544
812.5356938252479,351.15730210627476,65.1440477566286,148.1603884775163
814.4595465445743,354.80573769811974,66.47197098008522,140.0463066791451
815.6607575296835,359.2673830762839,68.19460670716303,133.01914112022732
817.3563469778267,365.03174400832796,69.62368738195204,128.92647205536412
818.2625433916016,371.67158332570756,74.15098428600007,126.40773492603704
819.0590255929552,377.12535934343714,76.08874369348882,125.56760671107344
820.5287935993782,381.54911965832844,77.53192338269962,124.45316456105775
822.8610145897756,385.4009080482351,77.59267537926108,124.68309808474163
824.4873759019607,389.44405019724894,77.80876927367416,125.20186578103777
826.4969143469466,395.3481436977171,79.40383098691291,126.17473804523824
827.3053046557077,399.6216414707403,79.37356531918925,126.74477836497547
829.2900813361529,404.3559356746876,80.23237919157522,126.08197608989333
831.7356835527495,408.56726549248265,81.13631311745183,126.3202785591006
837.251290659136,411.95511474149214,88.1099359408118,121.90992720806956
836.0362155034595,420.14177962920473,90.13537339634871,118.90650004342314
839.502649934074,423.8219899605491,91.58589019338389,115.84971211694057
843.4385449545446,429.6973739824316,92.50148132462294,112.44455278441825
846.0812342954424,435.58923065799655,93.1873164604238,110.22249066314666
852.8503985369952,440.7197392367809,92.11457368593632,109.98033336885914
858.773087859591,446.97778718546436,90.58084054855735,110.47255923357729
