1152.5,503.5,45.0,17.0
1152.3417425106795,501.9018489135414,43.67605293773977,18.388345775383755
1152.7712389305595,501.92136138719553,43.06332698457156,18.95682811653148
1153.0314407108951,502.0236851041641,42.77530597473604,19.209782289440184
1153.2168393214108,502.1877772695462,42.63695719747517,19.339329324833564
1146.272369162282,502.47500511809466,41.6280551085062,18.997425440862227
1146.7562355478217,501.6888277040864,41.42350885180452,19.32721845170952
1138.9472591123438,501.40763112405557,41.693964736370916,19.419875005888578
1132.611984168894,501.5971980184982,41.10176304398593,19.123216782377206
1126.4367255383645,501.0782683885518,40.47070910753513,19.326397392367646
1119.6597105480212,500.3418891962172,39.77960568825837,19.61553615862103
1114.23414769568,499.915565123131,38.71482639416172,19.58758438881216
1105.473779549749,498.9422630040593,38.73297822862587,19.747629522036092
1099.883672503806,498.8332335407315,38.403222609208214,19.87133934005535
1093.4540763948003,499.26323618576976,38.561607255808816,19.350108760872402
1087.9401407285407,498.35030045553054,39.32267770789598,19.290328394492334
1083.33394056358,498.09837888340206,39.99516772134986,19.35684853474195
1074.554390677928,497.48457025961545,40.965642538430146,19.273335973889335
1063.9587097275257,496.6727294460632,42.6549578541517,19.626076701144832
1052.0508595886445,497.01806387577113,43.07632524617181,19.505795264767443
1045.0614351303543,495.9296253752621,42.606480887300854,20.072378162163105
1042.8823088316067,495.5055608383724,42.17729795317963,19.785047574458737
1036.4006884415771,495.29330237935625,43.120888273949504,19.407673582819278
1030.2803934514966,495.208062839642,42.76137201479145,19.496191641420374
1023.7397315602337,494.613865802683,42.77188738667275,19.618487502142617
1016.8974080979923,494.80227963721137,43.06903450189051,19.55408368815227
1017.4657733172751,494.15273163762794,43.112684765343666,19.699506872949854
1011.7602128618727,494.15957195936465,42.59990411822599,19.301434802436333
1005.4518089951403,494.3521325761931,42.41377339038719,19.359999756046747
999.9967450466222,494.3094084069362,42.07902156482817,19.106298232032735
994.6502463837126,494.37881110653126,41.63823078182162,18.903210668864944
995.7792537026266,494.15035386839,41.91563656177922,18.72383930368249
989.4379405136311,494.8544184889636,41.5218125918698,18.344139928372407
982.4403052896148,494.37187672930133,41.49923025669942,18.220001850979145
976.6445415090553,494.9509666340618,40.70955225904147,18.01926331180964
970.8254515944316,495.415206369629,40.69194462033232,17.878840452689904
970.1265402020645,495.2538377180047,41.185186215911095,18.143513228128896
965.4884716817023,495.0182359846481,40.5244097663399,17.983924911509405
959.6177487126254,494.8499034649358,40.168849860377634,17.89136453594256
953.5694684381162,495.0664560358722,40.79859255356092,18.02907269229518
948.6483988207538,494.5630830437416,41.10823628962861,18.11132327755803
950.4623604966489,494.32821500076795,41.12921249304452,18.335628417155228
944.0876996792335,495.26642835403123,40.64556198279479,18.342098372387085
939.3531045392692,495.16589055888363,40.082473248136104,17.957087212651775
935.3205968035489,495.1926693525975,40.095809108370595,17.968939278112842
931.1087142139324,494.9132834960961,40.0273476869566,18.260204868526607
932.727034170457,494.64818107571546,39.634364790661394,18.62271445520037
927.2625165232414,495.519378010799,39.21560650599133,18.606479084750923
923.4961436462836,495.15440172307507,39.31712743690888,18.988670655035648
919.4808470041862,494.6845587576883,39.78340111050774,19.106297192880113
915.2896460736988,494.8779033804956,40.007753388047675,19.01053812900733
915.8513785842061,494.97729820823776,40.52073520064353,18.93936978149207
911.484822496224,495.18238745191275,40.4912254970302,19.083664277025438
907.2358284703243,494.7438078052434,40.49056585901006,19.426655565374567
903.5082224752485,494.7955778693286,40.32072253605129,19.399859606200955
899.3478664830254,495.4226213378993,40.10258755089319,19.219790670615968
898.2384517068924,495.51400232572155,40.85765315090396,18.456232512815873
892.7190798877826,495.1061962291654,41.558363112975904,18.319547793258067
888.2695634180772,495.10645900440676,42.67035724928641,18.0391908929256
885.171382459307,495.59480324213376,42.76055185038988,18.15521625032682
881.8591091769092,495.8923073177338,43.881983238030955,17.992829697370397
881.9153730593928,495.8516968968803,43.1046792074425,18.26668446594595
878.2148715171066,495.6975781960879,43.82612973693064,18.42567988364017
872.8313169822043,496.1846602600437,44.397689795504974,18.462878665999256
870.4724222275984,496.22974551696973,44.88602097265484,18.457278336497208
865.4469042365465,496.23393770833667,46.10575812663357,18.433511413351045
865.2405089872453,496.65902138695304,45.92979951453738,18.694040133465087
860.9526605988041,496.75198517368614,45.98821857382955,18.791493157828803
857.3222865088759,497.35925994703143,45.03040653487477,18.935948823921933
854.1719389485899,497.9329197776773,43.94434666582279,19.116877186617067
849.5006171513132,497.88748570443386,43.3728104584352,19.06725945034488
849.9781039149672,498.17729712710195,42.91754334844942,19.433699169858556
846.982125316654,498.36205994670786,42.80645412783949,19.371165435620668
843.6649316991359,498.5697501326661,41.48855368892545,19.62277701278558
841.8283768472268,499.17714963757555,40.75084720011688,19.519472782553464
838.0585203637564,498.48036832467915,39.39160863660095,20.476733402101647
839.3405723018927,498.23481281870994,38.669822699133036,20.892190801426374
836.03295266841,498.3166088876438,38.15491307846413,21.07307670449237
832.2362620866296,499.2163097089676,37.590792067647534,21.036728955887746
830.9039697440074,498.97293829033094,37.65229195026428,20.728221079335697
827.1620946511674,499.2446651034795,38.44605304597842,20.695336965882746
828.2264604475012,499.04603282248195,38.42268386862477,20.610376705833488
824.2281787308629,500.04271949705833,38.73399940379964,20.36449471639139
820.7905996282328,500.0377276635979,38.258005665852714,20.86400501276018
817.6040796710746,500.2024108244899,38.88307976748611,20.52347044202479
815.3502655217627,500.4399407820476,37.81988582718779,21.030384115375973
817.1877379376006,500.05602280696803,37.47872390681287,20.929509666861108
813.5987171796446,500.89875063519986,37.164434394740006,20.65284495640426
812.1798653246053,501.26648396631776,36.9420845178587,20.293190169034926
807.5577266908496,500.6706788011932,36.78735398812913,19.97954658826565
805.31417306119,501.2924396857803,36.23075959873607,19.818120561317066
803.2142563608019,501.9157607318735,37.08241675859132,19.08025143837667
801.0536489198986,502.7430284511009,37.187045050584636,18.755058126768123
795.6764390468302,502.89992388200216,37.05696429318143,18.172135395887913
789.8738401815465,502.9200610373683,36.06259365674444,17.96779514298741
788.4542666873643,502.748817009781,36.06108579510269,17.837876363798085
788.5777372757109,502.5844836100967,36.36945826520294,17.8678544534308
784.7668391340486,503.14920349229794,37.50495837161701,17.55914954754124
780.7039742255238,503.3480019839771,37.130295274848216,17.653033629933002
779.2006158165077,502.9451778919775,37.40353903036528,17.640858344293378
775.9096247205026,503.40723503650287,37.73309507491447,17.431522180528777
775.8048425338562,504.04518243588075,37.851890380800654,17.333264362783463
773.1174935823276,503.80863065895454,37.67822316773851,17.621495378784523
770.1869403142417,503.736387283564,37.82306402550445,17.51020775078902
768.2568667326509,504.7281905881108,38.53880630053291,17.500158017878015
763.3405394676844,505.08163244484876,38.52533141304667,17.87097682667987
763.7819821173371,504.94551517593135,38.54854990354757,17.955230742461556
760.543421526914,505.10780327649485,38.30356033610268,17.824044791540622
756.646462778903,505.4783937360113,38.991951861665626,18.06964207218035
753.7306106728834,505.0139720624632,39.635881892339114,18.33269033146219
749.8801888526715,504.483396483539,39.454702198259625,18.872093482966783
749.3610391690378,504.93387089504523,40.03597052414338,19.40484963222145
745.3558684061488,505.25965334761537,40.70147247701478,20.308931027397104
742.7436920000492,505.35109105011844,40.75542371603265,20.942035877994698
738.9675796401021,504.9444180749687,40.72150684962331,21.354396915183404
738.0877328761829,505.26073463682604,40.354890505787964,21.483644964125816
738.5163215194364,505.70993011822856,40.53578759348008,21.424460696877397
733.7774835390447,505.88327012240666,40.08092742908015,21.559590423819344
732.5961549950474,506.25988122083373,39.54746849877952,21.511405880411402
729.8525542223815,506.02478865846643,39.03452842347535,21.740955461084372
728.1523131001777,506.3261764506339,38.58457660301798,21.335459836666484
727.9544524956896,506.8633839731444,38.761516772875375,20.83398591608475
724.0520740638123,507.05656232035585,38.47847456436444,20.608743750437043
721.5952689600215,508.6456520749719,38.48095386679461,20.32025416353766
719.8315738827397,508.6906358681889,37.65211757711387,20.482625910399488
718.3150680400714,508.73685593965826,36.83156047010718,20.638291621256798
717.3215628846701,508.3104809542308,37.379896807826384,20.343897512903347
714.1462015457196,509.6250351191055,37.71948247706048,20.045120270266345
714.2141934622505,508.80337301516033,36.35593025601334,20.903932673575998
710.9528242748077,508.9898423285106,35.55221494513849,20.930110056349317
708.1588788592506,509.6637371445926,35.0511322540663,20.89267882929855
705.0666913313778,510.4327697803127,35.46327668465927,20.335337892575183
702.441444681203,510.48112146955395,35.56476028041908,19.818985777377343
699.5156333448515,511.49434845333064,35.674574538662874,19.332756958024845
696.3841094266835,512.4193004961732,35.70472604702644,18.81919556471513
691.8780418162805,512.5528601528747,35.955512543467165,18.58516999061297
688.5803602322029,512.6196898340872,36.0062695028212,18.33535468342314
685.7428557407034,513.1309099621752,36.171603459880316,18.002150472131035
682.5554876971948,512.7999776191007,36.078786885001676,18.1280487619483
680.2966178669775,512.7488487317015,36.63628498926873,18.127475977731468
677.2548935085741,512.9419181196552,36.00707243974849,18.391856930484654
677.499912275235,512.8207261023261,35.91582523612156,18.229358772531015
675.9275771025983,513.1608879185219,36.43266221500095,18.14646185265243
672.0772130940983,513.0252977695324,35.608574672613685,18.116809342613703
671.7161581326438,513.2977531040729,34.54892259162409,18.264964614866606
669.1512386233162,515.5131424382382,33.7764903395274,18.505771983218004
668.7250727850978,514.658903866376,32.930588769160735,18.788037769825642
666.8906163358179,514.8672173225041,32.01818233559787,18.305596213471244
665.66389896745,514.4860181611892,30.959972232093158,18.252719880282125
662.2307009121064,515.3036742244798,29.25099373950886,19.136900618309795
661.145851989768,514.9834695654966,28.333556984500184,19.467479807129315
661.0037354496459,514.8428940496406,27.762602112225714,19.741632355284203
659.6005500514555,515.5014661500821,27.436301790823986,19.44448408221175
657.6286030466372,515.5101102404899,26.395009700454473,20.16596012783295
655.97627563138,514.9743247915925,25.624432502007643,20.400629062870696
654.5355502564115,514.9902876198619,24.60690883330452,21.02937213706772
653.9384793512975,515.3265958756932,24.19115481814658,21.10430611292319
652.7186634414576,515.939036104897,23.35908410982644,21.4474077321142
651.2464653403138,516.3860050716437,22.695234224086185,21.50404455428955
649.584338841577,517.1709492098072,21.910440285524448,21.80165729839395
648.0832022182029,517.8777700583817,21.374508147064464,22.031244489756745
647.1554216429873,518.3165934918861,20.502173799219918,22.3781068619447
645.8924248880411,518.221794323611,20.011089386291324,22.467247612146927
643.655841576149,518.9056882810366,18.80425999643424,22.679721285392226
640.983646768089,518.8903230183298,17.954237857946005,22.75250027626624
640.7947768552165,519.0247305106953,17.40756453910262,23.103668905026392
640.7604175612538,519.0990846205377,16.841463321405932,23.53762529429701
638.6156154966018,519.3308827364007,15.230695422359132,25.11790261107879
636.374922517006,519.0980338341922,13.731038042775022,26.572727395800435
633.34174747743,519.5525929120452,13.3740811799409,27.034348580876742
632.2631176385212,519.8307696357374,13.197976371064179,27.245301818939804
632.1750787089037,519.4173975253891,12.518910146799277,28.23928761297019
627.1107290293363,524.0909298745814,11.988734040541015,29.11194947708546
598.2743963574284,523.7409443479895,15.971606751300312,25.103057748744725
593.7547728023256,525.2659608346847,18.718477343256048,21.970727785496116
587.5796996346781,526.4517077055164,20.93365778194481,20.046323090072786
585.6220342728043,527.3043870206776,22.537896844239135,18.91513945994091
584.2722304010437,527.7894572721628,23.09657107411902,18.307725645355426
582.2864063367166,528.0324682619145,23.83804633022987,17.69913804620489
579.7107099781153,528.1548135714005,24.59795431003608,17.62014459951689
574.2778638336711,529.7231752865166,27.08483857737932,16.644779764179027
574.0451514908641,529.8453614051678,27.54091813013556,16.946844969179402
571.0386000549987,530.4611731673632,29.089836240819025,16.573029021444835
565.964315386379,530.8877605207065,31.37919604055253,16.3223594026107
563.9746274969867,531.2126842811685,32.89884834674165,16.611317759848994
561.0527353784739,531.4949161848845,34.11690016189222,17.371806316385133
559.0882268554548,531.665043779567,35.423664505217594,18.047931675497182
555.7472904259544,532.3454157888465,37.428561160300035,18.43513308483286
553.0902880469351,531.3069534484451,38.81324820555467,19.276635512026893
549.7683232889144,531.6578418112949,40.62126787815117,20.139980794650874
545.3473333666869,532.3952432579904,42.637248462657524,20.72262366580172
544.0078957009174,532.3894031320588,43.92685539591163,21.516107287186948
541.4550451669814,532.2857974509064,44.30064623505426,21.884864283761225
537.1050242388983,533.2442690250363,45.59637309640864,21.96196579702351
535.5720128055958,533.4999752844093,45.22004557544024,22.545878271411127
532.0591532129049,533.9864976950895,46.44039252266291,22.886846335144256
532.7204436998907,533.9061382640739,46.253843653183516,23.259642457193074
529.0160506894229,533.4139047862084,46.57760245625424,23.643144687906542
525.9668563327571,534.6315259620864,46.974425427093124,23.601709508925737
522.2863719509978,534.9505733210882,46.79348831063724,23.63100442219332
519.0093467942131,535.4848931280312,47.01471630136125,23.465749553428395
520.5856042417081,535.2799706924225,46.625280334365016,23.227059769074934
517.0790482155019,536.7587714411073,46.343290744168826,23.304669119559733
514.3583782368773,536.651279038129,46.248379156465596,23.02036083660343
511.4634761438513,537.9349430344525,46.11977161079757,23.00026070345356
506.80676415774815,538.9698606780426,46.32583951153168,22.929514418882775
505.68157916160726,539.063974460061,45.34576364199715,22.380936424834175
501.70625955623285,538.1988110904771,44.623825948449024,22.448484071213258
497.9730207869049,539.5583071926204,44.6353121464678,22.23958698640277
494.84762784407644,540.4931098183032,45.18553984654728,21.410029857443355
489.0064637681034,540.8582809195962,45.72959094466037,21.384792303924392
488.8953482700286,541.0181325280963,46.679435151488065,21.197100530300546
488.08397420026114,541.3853924217648,47.005207320754735,21.248112621434995
484.90097342981545,541.5732639073451,45.83856172877256,21.469263378053782
481.29494295920665,542.1926522206959,45.58637401276362,21.902268768106367
480.2578691033185,542.715657774359,45.80243406565768,21.89851759234434
479.09665048701925,542.9916063279732,46.449041768494055,21.696380719471918
476.78695994960026,543.3696219651777,45.97205453049627,21.62052534552233
472.1748684217052,544.2294632836902,46.090732596662434,21.662183565049446
467.0408697273767,544.8584064378497,47.97394910153034,22.201923036835993
463.26315611810105,545.7074227183099,48.221826366620874,22.714882096932982
462.8218640412873,545.6053497162872,49.146931311540584,23.446125504981737
460.0390371717476,546.5948367598236,49.66619117931256,23.565886988816352
456.36292083381437,547.2566670611799,49.1890223621066,23.98848857882996
453.46919221067486,548.4091461069221,49.092483598558914,23.747338928507595
448.9092651300216,548.6213240898003,48.900112418068545,23.683821465396605
449.4076412302083,549.3007080174266,49.41599032271384,23.69824651652386
445.99287562685424,549.9619603835688,49.025131209597674,23.688827697897455
442.26951430617186,551.2144976280397,49.74194919932059,23.482019142946186
440.2896151728786,551.886138671322,49.14146380501847,23.73833665621994
436.7776262745016,552.7576161568659,48.93885716726326,23.53942129218006
437.29151876802865,552.7151527683405,48.78273086303223,23.435165146986744
432.627964887243,553.2878444499046,48.05255426943997,23.309688185492803
430.01923989315384,553.8727614226945,48.70866487926142,23.312460946532422
427.79110488979273,554.9214183370502,48.458134902005305,23.42966471120465
423.2480304417474,555.547392238543,48.64194672381624,23.319388446572066
424.35265425705853,555.8842216615876,48.66597617563717,23.653417884403055
419.86887346925096,556.1674899260112,48.61950061898918,23.351753399880913
416.05432024491245,557.3517902584066,48.71462574442397,23.501319753980297
413.82317310836095,557.9998119954915,48.52788551740497,23.38669267213688
410.5705512865515,559.1490970097518,48.60296148600546,23.379377164032512
411.8704197677251,559.550527725353,48.36263051807357,23.577738224094517
406.8032816148646,560.2059268856653,48.75534588782047,23.282533789845175
402.6300924097012,560.9934808640877,49.01552835240744,23.199887991203802
399.2266133033273,561.6243233760827,48.9500366902773,23.396154632138494
396.5793798752398,561.950151293084,48.77174906799784,23.7783600776233
396.2388227091526,561.5893153967072,48.917906527709,23.749971967708895
391.87921298876995,562.5034779029984,49.612716674345855,24.13024986040002
387.3001827190013,563.3083451002254,50.53838013441527,24.69295003435103
382.3995281514364,563.9051780944967,51.08890630293136,24.958936588876384
382.81877510504665,564.4300587658719,51.56492655586718,24.61754277265728
379.53991324569216,564.8872222959707,51.173052915872475,24.397726112755038
376.9977174365518,565.9977323848698,50.96009746536667,24.54529152150473
374.7771551885135,567.25283270457,51.791169614259914,24.39183207206085
371.6734702712454,567.5111304296706,52.08017492395494,24.20623948312103
371.4821855051442,567.079215384639,51.695025485381784,24.224677167197243
368.40797465177644,568.4972581466415,51.546585066720496,24.389488573887093
365.3885354942872,569.0461605914412,50.98901019184905,24.210379849372487
363.5568305774593,570.2821598388523,52.33940265718823,23.724990694264243
358.2415147830907,570.7826497203321,53.56622183747824,24.02837012892125
356.9675234662233,571.1349960959353,55.13999563942587,24.397891001715394
352.9099346990181,572.3307503511579,56.26909681885587,24.719475772062452
348.17716751979003,572.8008682211913,56.12058698785886,24.681505223073835
344.16675889401836,574.0423078109411,57.24035319493809,25.501190664545877
338.64576592914204,574.5167623195845,57.74679759026687,25.29522517257361
338.9700137518226,575.187861768137,57.57426482217929,25.45758197767782
335.98411101713907,576.1861812558644,57.73206348612646,25.851407308100725
332.91447605661034,577.0086907376477,57.44899587514041,25.617811312445003
330.1322331246443,578.0797709092723,57.15264571001978,25.402537885356512
326.34999737008474,578.3553155667153,56.34834280507644,25.205641393642033
326.4266305622144,578.9802273681496,55.60057623675786,25.583938451555273
324.111190053065,579.88751625911,55.5403857447418,25.667275436899697
321.8548248473941,580.5971700745978,54.70101149223467,25.811758961739372
319.5189918832746,580.9418207686642,54.64634666333259,25.611375699235943
316.22344270248044,582.3397938688554,54.06888595051903,25.72652201861365
315.3058807538847,582.5206292913748,53.64759185797966,25.939517494852417
312.43447040453407,584.0713200117907,53.59712718680798,26.21616182420805
309.5857767133347,584.1510441179668,53.940615090294294,26.223260209932697
305.9567344879636,585.4935210039301,54.43250758165534,25.96759029535157
302.1362705994495,586.5991663698991,54.17089181391425,25.735103078847985
302.3734049610436,586.4043234354756,54.258645657521456,25.524944253557383
299.46855875892265,586.7036673064288,54.81809821267275,25.373433593951273
295.4902367492176,587.8924527463798,54.40172968935823,26.141837826964206
291.0863592011627,587.7390458336585,53.27048847046569,26.848824571441707
286.21844044113044,589.4827358214278,51.808160096975435,26.76408613070835
286.7435705021809,590.4109468566112,50.788810288004,26.18123114083926
284.921330162709,590.4797232374781,50.367405423124474,25.50002036099334
280.8210584685642,591.9187591304159,49.80676888740288,24.96318778906125
278.7714978500208,593.5005187909886,50.48065532987296,24.469316876805642
275.22852670199717,594.7638606912163,51.484394714543356,24.364665671030824
275.35719631949195,595.7065561515276,53.049550105599025,23.937102795299758
273.55258170945723,594.6324782604764,53.98307293910231,24.601471994455267
268.4689960083665,594.3649282371453,53.686797724157266,25.331021406256603
265.1010948463551,596.2098524571167,55.069215076561406,25.693210682225676
260.9272481676827,597.1741564839666,54.47098844336671,25.874938455399707
261.24668132449045,597.4447448791119,55.19480029995531,25.808231714251832
258.40612058583855,597.6901655155388,55.22925954199907,25.90786766956274
254.44093772950887,598.8036493089429,53.96539803603055,26.189669118093875
251.2936072446464,600.027763233527,55.0957108802977,25.564389367108323
247.04552636416602,600.6732614034195,54.9107269732287,26.2154835386455
246.55869262285273,601.7562432129487,56.0500794538907,26.454030656052417
242.82583469908218,601.6987115418693,55.361507009500656,26.924320455330175
238.69587854320127,603.2301171022284,55.83871115323267,27.22039390759476
234.36659136593232,604.3912412975445,57.293479107471484,27.10119493827312
231.7459027008469,605.7776443621367,57.485307811696316,27.0347899187841
232.6219477639881,606.0870603991085,57.088166206074305,26.99060872851519
227.74527784622052,607.1514837301867,57.57638172062556,27.145081778043917
225.07153802062976,607.4915039543263,57.65310560398484,27.32202660074173
223.7021265085612,608.1245023626515,56.80234618488461,27.53049610794394
219.65713557749845,609.5320291743042,56.55274751112147,27.20386225583301
220.8519338656104,609.8361315272642,55.86984601470108,27.463747523839512
216.80964736200596,609.8726392372683,55.75611103088208,27.55822091723147
213.62092680395736,610.9041773688878,56.055609298773746,27.296490121560154
210.25066115754618,612.0280019953187,56.170420090650026,27.029308545814423
207.6419278503086,613.8061899126583,56.281434240067796,26.97501958895818
207.45607757809216,614.1417770673838,56.64910996177012,27.139711969189175
204.69007219556582,614.6468948248786,56.671109530686365,27.320138838232786
200.2954256954104,615.6429331153342,56.54192928728382,27.4959551902133
197.50713989300465,617.3378545585456,56.348758880071415,27.58913642412145
193.8575367465524,618.5262428658476,56.066253403871855,27.618219279884926
193.16765138783032,618.7165919501809,55.905713142426556,27.920712053028907
189.5043260179633,619.9492779961979,56.99979228029292,27.642238907756948
185.74828468757485,620.672635566621,55.60372426815725,27.931309370433993
182.0252389431733,620.4258495883845,54.91697273938222,28.332180748634705
178.63373453756003,621.9658158096169,54.7482441467391,28.590819854632052
177.63351232677982,622.8927355718524,55.83660869759869,28.448060881308322
174.11561940447763,623.0041939767568,55.73567865322602,28.76123724691071
171.3469966177237,625.2157051048822,57.12165240666554,28.620881673856857
168.78499079161242,625.723750904895,57.01547711964862,28.972224575479338
167.3062271471024,626.4373907517308,56.077804394554306,29.314689158808072
166.843130378095,627.1902447864478,57.02491417472153,29.228881387492823
164.12599885449893,627.3012505396007,56.12586661781819,29.504819481406713
160.5781227770343,628.4108046782053,55.15749943375816,29.481535827305315
155.02924988625108,629.737393679452,55.34381676378658,29.386620649824234
151.55618766475658,631.8294808313045,56.03050746043763,29.49730432494004
148.18243023375038,633.4948714781854,58.74353555182015,29.550269655171228
142.49573243134617,635.2110300544266,59.893297390454265,30.935500300845533
137.1395786916963,637.1181428960228,61.30550645056455,31.920574334602442
134.39139006473476,638.6604674351261,62.25368357402496,31.673617755556716
129.79048588641854,639.9742200039223,63.23524084728342,31.719357571119943
130.31708825782468,641.1408118961285,63.01801061895552,31.81623465020227
128.15281872005133,641.7516504679073,63.097025101148986,31.717761976325413
123.63634531931973,642.4744094038638,63.77271882796617,31.457415827778227
120.71721835950333,643.2149443070667,63.5511292074073,31.82431424208318
116.71047631855859,644.8356082964162,63.80596966213007,32.11511555110371
117.17098476367448,645.5775714037043,63.29752700352286,32.03922080015073
113.74125716151829,646.2323830385166,63.28013732487017,31.40729548708821
110.75678730608246,647.0111400731963,63.49634380515101,31.42204835403104
107.31581605040247,648.0243141068353,63.06524462949925,30.98800189388495
103.61505372129135,649.2528262264962,62.80197865738094,30.705543446646864
102.3396184678395,649.0889077770788,62.99448100594419,30.87090382077092
97.92275310545085,650.8027448495639,63.13128561377812,31.224265337498395
96.79487879279357,651.0277652198706,61.171479524889804,32.72211165991109
94.0677061363927,651.350838060593,59.65687170506215,33.65363834079395
90.3914854794439,652.5568174124229,59.42376890961525,33.80543061941874
88.06978709138676,653.6650866604355,60.463002992705874,33.73048915594066
84.0202155986184,653.4756880013703,61.2564485371415,34.10114410799705
80.86638751224578,655.827215489203,61.425429497026656,33.978629312537706
76.30734962270652,657.3035630837859,62.83413513984416,34.068557404850964
73.55591391341568,657.7176296891319,64.41708325291438,34.04900614243926
73.20472952571124,657.7378369312908,65.27884307389363,34.28617981696753
69.5690510463309,658.9224763667431,65.17498593277028,34.661034895342524
64.33488944765978,660.031903354767,67.33397628251733,34.22848968470605
60.98109003308552,662.2738728692851,67.67691914013872,34.66418213684058
59.473112355352356,663.1149222067608,68.91263729772908,35.40314211667448
57.16874036517903,663.2528931008175,69.5969008398433,35.996474110337346
57.206281652714885,663.6021569428865,67.92287670021166,36.25697937898488
46.02978805250262,670.2648582523407,67.98620440051413,37.19928839948075
41.18870808196955,671.1359627505723,69.45632057937323,37.888746969316976
38.016044229097226,672.146972609919,70.68864646169258,38.37329186778055
37.95538710339913,672.5280128853267,71.6742410561445,38.96683408536727
34.388434909881155,672.0750860507627,71.97837869284476,40.08686220393902
32.520407134492345,673.8602807982157,70.50398645538385,40.75087918028551
27.678074759288464,675.2586616789125,70.94356930424132,41.02496564543917
25.189174505465687,676.0607693078358,71.32017972170743,41.32329321710608
25.45953414208232,676.6503201605101,72.08115806028295,41.287332781441435
22.074110093507315,678.667492797518,71.84148951390878,40.307504538141515
18.06095277621536,680.0756952804303,72.58991966515529,39.09256539358317
13.636443436929767,681.2633093207643,72.34183999320157,38.106757106997726
12.01301428869536,682.3186523049945,71.6971034028906,37.28233949199942
11.909333068135354,682.3235408823792,71.45801531252792,36.76530553133329
9.505364267437244,683.7852161805387,70.509707300826,36.02248810571456
6.347337265565713,684.0548728974002,68.86725853509884,34.95109771714979
9.720913668971122,685.829759852005,67.9734220353559,33.7629497177453
11.514482152396148,688.9263755990712,69.42143893432005,30.93469534496616
