4.5,245.5,22.0,20.0
17.98566932323044,240.36716862077586,21.68341980690826,20.508466332056685
38.11472284472233,234.435434497268,21.26405788111198,20.48109404867689
56.68511457466142,231.13095145667637,21.411524390716224,20.511815920570605
79.28042816982666,225.80656553588872,21.825183394233395,20.240876649169806
98.64369642483842,223.59417868017962,22.474425082452054,19.72040700197597
115.51023843853244,222.47944680706053,22.12119716468316,19.788723869017964
119.59865457368515,222.37662951836143,21.785731185423884,19.884821984884066
130.51842199141845,220.00940084507712,22.392912658551026,19.773140854127256
153.98459351682632,223.47310681360986,23.873167263985287,18.00451807492919
175.5856855232582,222.5511758859481,23.21141141274261,18.782607516045243
191.24885733433447,222.3301433452166,21.88544735296803,19.584085327248353
203.58397550248597,217.77199185429816,23.831509692202143,17.747386333072058
206.1465066901113,211.76970834874157,23.236744596309393,17.946811895210658
214.8638880526116,208.6075306774934,23.01698011654806,18.018639047094236
220.4757979871954,206.05995773233755,22.545823859746164,18.29081263973746
221.11088124273545,205.95322773775308,22.035610907111074,18.650825146916553
229.62845481540774,205.74054343378097,22.39864186235243,18.428160851189496
255.42380776902132,190.96829283445337,22.577051403123292,18.444049913003894
258.7931456498093,189.89528707149054,21.9686690108406,18.933076752078016
260.9109419313356,189.71410154346376,22.590878362002954,18.565214198455216
261.3834029099772,190.46578993734101,22.337256141219708,17.82925692774096
261.1979523916288,192.54285398013278,22.307233955613025,17.708931828302447
260.34050751184003,194.13098371499254,22.459158202914892,17.284748030732597
260.7846024766615,193.0612086986748,21.91012427507815,18.083206430525088
260.44647585912713,193.10915206848847,21.69688791902526,18.247055424168337
260.06350177960803,193.20491643109992,21.577705613032784,18.318116302607955
260.3496148542469,191.66767283230635,21.942098268686628,18.65335498601968
260.106124479919,190.76034175884325,23.000289759339182,18.22208836860262
258.8358452460463,189.7959282245642,23.721428723872734,18.057033830105077
259.72081247572004,188.83821146375533,23.834635305327232,19.032074619102588
260.77146613680196,188.98578832615422,23.84443962409351,18.962240250030995
261.93465266291395,190.5117174818093,24.7396163212439,18.549807931686534
262.0644864684125,191.98159181502876,24.30576341931415,19.23161840831405
262.245167783998,193.94069425680053,23.631776989296036,19.717240238332522
262.23064026584495,197.1951892103108,23.83828700382969,19.008193301587852
262.03900040322793,198.25463980094972,24.22918043965719,18.80958545145625
263.6817642083796,199.80025571822483,24.372489413445006,19.329384910775026
266.2876972269514,200.92629147206813,24.136952226093904,19.417398671109066
268.6870801435463,204.86747006864238,24.68554223549443,18.93315186767007
272.9322258786898,207.18536515077272,24.884184137705056,19.411051126016766
275.14826432525234,206.2704239881495,24.1504352627684,19.7834140392225
276.7889155558089,205.56611483266957,24.01032309210636,20.040056122422055
279.49724088448306,202.74773197679025,24.13683048910975,20.278582221601358
281.1475473318622,201.45668940787795,24.05908675214268,20.466286551549395
282.5473418902393,200.79240417880854,24.043247215771714,20.47274635676463
284.6953343453796,199.96444369670675,24.019172496073423,20.554984535934032
287.2032347148929,200.01249558862463,24.389356654660375,20.416222683858564
289.7319532878447,201.50860664842835,24.354591685117803,20.922039094600827
292.80634352449215,201.90364397560978,23.860305974243634,21.65548443306639
295.0867873433711,202.84432147783144,24.356090432738103,21.5929932973364
297.2271368768032,206.51262340631308,25.396030022490248,20.92695695288533
302.32931599250725,207.41607677890818,25.797057571416573,20.84932448061388
305.13212072450557,210.35111748853296,26.008799448667475,21.522178909600363
308.31945665141023,211.15555392758026,25.772932030588112,22.310349498073798
310.11902556600234,211.6796382889911,25.456925323992998,23.326651066389815
312.341296166212,215.17188584698894,26.377146429787107,22.819247739639707
317.0068168564367,215.91651211439356,26.072821281637395,23.124631454372697
321.3121497526594,221.11746517528263,26.56336989806649,22.67490905604427
324.2658555376698,225.354913930666,26.44646612147238,22.638099008656482
328.94061630570957,230.53560512537553,26.91744114453583,22.804515271886338
334.0321020359586,235.03294510018733,27.142619403276036,23.110893137814436
335.3534315726476,237.79418022254407,26.732583668597396,23.17474901538492
336.18374398431183,242.5153243290897,26.434821789871933,23.89605409452996
336.63746729517896,243.42750576544444,26.471465415291846,24.44916433774153
331.38685275551956,246.65281880431831,25.87358484495249,25.00747800303575
318.54269864500725,249.64177118741733,24.798699935483906,25.50408867491757
305.00896510122516,255.15586887156226,24.57951731906855,25.973691272631136
288.33818149161016,257.9403638441267,24.60824884493926,25.686918353259124
272.2122942233335,261.82476690296977,24.38398349501793,25.5040797763139
256.72462640226007,267.1814912530589,24.515145705768354,24.6051976883794
241.4061525006779,275.0635233127691,24.158807376120116,24.425110314564364
226.64710188903615,282.07149338235735,24.0207215419085,24.663442636325335
214.3738439450054,289.7882384808364,24.33985858475516,24.980369195043572
211.28544783531854,290.90017820449106,24.98061192854906,25.19047283527388
195.78908985139503,299.9245598283227,26.44060923794879,24.246514580286455
183.96309016977298,304.9987102030771,25.55793109569977,24.680344262906537
170.2145140024928,313.5627349407124,26.72302166268204,24.21785646366125
157.14919449677384,319.8738086046449,27.30480393889039,24.665281584526735
148.35189074370595,327.0185413406084,27.757415061359225,24.398883586964942
138.08597622876877,334.60251644185485,27.3494800684064,25.58807106452577
127.08644658929819,339.79314855165455,28.378297800716723,26.482226080155932
119.98135658414722,346.50846662106346,28.16100092808408,26.898934339836572
117.66945313072202,348.4798849604999,29.32646385223795,27.42993455976746
113.1662429496458,354.08339358501496,29.753157995213137,28.174871198676783
108.36125577822075,360.0939515258333,30.232589582936306,28.23541272670814
103.79665272279014,365.9449227902147,30.80491760389273,28.035278364449134
98.00714468825646,370.3158741367911,31.51635230546743,28.691010177522045
96.07511290118461,375.74832542563166,32.678060733203054,28.88814220677442
93.49814743425017,379.2894653030516,34.05162405423319,29.271637941741666
91.4408245774132,380.5269591928067,35.22267888846683,30.378661623489396
90.99305774342999,383.2705999029165,36.637998795103584,31.043196571372878
92.04168984883364,384.92534049401723,37.230929191077294,32.11924204627583
91.84274865920322,384.31387855717037,37.92679226630103,32.84482756538199
92.44914088784779,383.3874160642659,38.604550673811374,34.80035001879227
93.38098259468329,383.8047241147776,40.543064716500254,35.05300656181175
93.6945037110238,383.0495607018015,42.13709944915125,34.982449407966705
94.81569024917937,380.85980755660665,42.13596735108109,34.90261083446478
96.04000333605836,380.8052996581931,43.84429355845715,34.25602850344991
97.70943522605899,377.87183369482506,44.39639905488413,34.24118695835374
100.85692230932489,374.39845485166956,45.78922624943628,34.4517600476494
101.70502259127124,369.0221983674141,46.38336610912758,34.67576959819157
101.97504314621459,366.80170730748625,47.61273096027756,35.07772974920567
103.28380080299532,363.1894095359186,47.858098976107584,36.49409966062704
104.27337221258048,357.96272106916416,48.96624191400208,36.098691193745395
107.61789513021151,354.55166644047546,49.03313127084818,35.6994597948423
109.13200847708364,348.42915448884617,47.949447581139864,36.73822110959984
109.69974078556561,337.6118162702373,48.68597257198691,35.87477628522093
109.72346779024592,328.5454728128187,50.26418148548547,34.554378254379436
109.54317270166811,325.4516301633008,49.48915690987162,34.04687073954183
108.97613698244359,317.610693645006,50.08266697031849,33.35286258106318
109.25541584557021,313.42824729364395,49.068140178637464,33.78493257947211
109.10793777641373,311.4004772137079,49.048257222073175,33.22164730370568
107.56160560726188,306.6885234576366,48.76302215203643,33.05503586443233
104.28273229242971,298.8967024932184,49.90250963787142,32.37859745574431
100.65762124338741,295.2358709107761,50.80195410991843,32.74514005712187
96.15387722767264,287.65521649313894,53.866405585104076,31.345852426331653
91.98996128362668,279.97234668167084,53.71503520268817,30.79344591584507
91.30068581046336,276.3394296981528,53.819749655522685,30.293279135200414
87.7426763682446,269.00272410401425,54.25461476569873,29.07684161437115
85.29144138872523,261.4781690044773,55.30413796646721,28.49505619882094
85.23812938392854,260.8532183604436,56.3592613576028,27.1995871465411
81.92417894293031,258.01917174474727,56.824522621679336,27.208930320713264
77.96829965526763,250.0694801644298,56.69995955699004,27.879562298792123
75.77834939408618,242.34711026900894,56.623673784797276,27.21682108682619
74.38254791883661,238.03611738024358,56.24431726264019,28.032314535713105
76.71914347115664,228.99714332435826,54.748053009272695,28.961296811912444
78.05499331795056,224.6878129557585,53.868256930682705,29.535008017556827
81.06851188333607,221.0105845669216,54.46616257945272,29.314568936465925
82.2367703437314,217.82675808756298,55.77357728593563,28.60283136936534
88.16346422571169,216.78837290671524,54.506252906984805,27.693523468731698
90.84743301864359,215.62826451774606,53.439046980056546,26.44840688027604
95.09134547241953,213.96508628157704,53.36628306951395,25.514492280226364
99.57624451010521,213.236726293168,53.003070496767094,24.8155242096354
104.52280554695383,213.29665651094584,51.91302898184672,24.6854038468293
111.57600842442474,213.27656373210073,51.835047489905364,23.796298692639795
117.72760658036611,214.00785597051268,50.72364366612077,24.169083206714
123.43625389870641,214.8333662562106,50.80785297383717,24.71609239186414
128.18568126385665,216.69943571803157,51.53769602033109,23.864367477316467
132.84917407581526,216.58486937550023,51.96991621459016,23.764490659253
137.282026043952,216.15325018852326,51.862681859920684,23.14890072224044
137.5493487840648,215.77982341419735,52.14843220698852,22.285730772357127
143.99132100352926,214.9981850599166,51.32504227245408,21.63541590529605
149.9489171786839,213.8472782275429,49.960140983546175,22.015045460355672
154.9686267799311,213.4948797749448,49.07729889134232,22.087396612931165
159.42607362759668,212.92122700190444,49.02997893410932,21.506611753547713
162.2446576897652,212.28234462609578,47.81355284468437,22.04409903600684
164.65358640268119,213.73061946087626,46.24210555030683,21.648509239645364
164.28388136488203,216.02297913628564,47.36464665312684,20.80995111128445
163.5407935836397,217.80783658273452,46.77191377216056,19.943530733996475
163.2780920317427,219.0785963520321,46.477197673817614,19.099793354252945
164.48077397199998,220.96649046010228,46.48458713688518,18.585992824269802
167.13345632123782,222.2270543382795,45.69681868322151,18.661148742155472
168.50711875636568,222.76137894864308,44.13566248362009,18.819849398785777
170.41511058721713,223.03400193068612,44.08374766385141,18.124667533534698
172.5670514932707,222.4519422330579,43.28624211822378,18.46359400047692
173.4021189554721,221.22153749211796,43.505402414195984,18.213581853786227
172.66992507382324,221.3505520891998,42.00869317546433,18.414097211948807
174.8087082058991,219.67396241219825,41.62897647109652,18.626657526416366
174.96331914031643,219.30896057688778,42.09480524236807,18.47856759676413
175.21830711318202,218.88856124725166,42.433928455877606,18.38061074379887
175.5392909324118,219.2809229569782,42.39026973827836,17.798832541835957
176.71231533231838,218.18612446114565,42.97209311940391,17.368319498558428
179.1389085591856,217.3176009092957,42.064767766819976,17.405107751207026
180.80515651104437,215.51113171621972,41.62540884125185,17.31383847859126
183.24925195858768,213.39422801338898,42.094232602232125,17.54106362412091
185.18598696453637,212.15367590181353,42.12259731666839,17.231507942791808
187.7505218437718,211.6911615222135,41.92979970251516,16.952678088024015
189.72187732480424,210.94047166838905,42.198074877840384,16.88163409915495
190.64154984980405,211.04462690109509,42.722748029668736,17.429542603564833
189.20316386450153,210.86591146938395,42.27303889637672,17.680530188495585
191.42186264217605,210.16639888066325,42.95477672081893,17.3945104812553
195.8313049940587,210.20571844438672,42.23622427718543,18.136219616595238
196.06804130903163,211.62645831149462,42.201840170627506,16.687865178018477
196.793479569432,211.72088807956055,42.72547622688364,16.11493190760315
198.549664689467,211.1228285377887,42.579434464673156,16.37736539038923
200.59030677602243,211.0213336334216,41.79278749477888,15.975305171752996
202.4299720401974,210.7595148345307,41.440942766218285,16.12739355064171
204.42790799698338,211.46169497174148,41.01752816618395,16.14843055309852
204.99232203646682,212.08875072157832,40.839346785691994,16.06254255367662
204.71715207462063,212.5667984489925,39.93947709176959,16.43100201904482
206.5561770779259,212.7268685738108,40.53845564579753,15.77835615584277
205.81815916717244,213.346392003704,41.045822231598066,15.712307009145318
206.83402648202417,214.02829251561582,40.338486000293976,15.90182341295693
206.15753211067852,214.86606826315088,40.20405835638098,15.586672833032665
205.4250667654328,215.47353140279785,39.88373766785935,15.828223003705132
206.65486964584943,217.22839046666803,39.07672253946477,15.363706177539505
207.29792840224152,218.7766804429237,38.65591396709118,15.011442802939552
207.3252844897643,219.71131045276542,38.23908721356014,14.780393199096238
207.7456436758302,219.02410920169478,38.476980453748325,14.479644949169938
205.49400736989634,217.34415014790616,38.37208350995193,15.21572510890172
205.7496176041554,215.32278389628524,38.484404158148294,15.117019127951663
206.65093263945664,212.52903831014967,38.060077615377836,15.540318100515774
206.73334956335736,209.62731548585978,37.852517697887635,16.38168756196177
207.93889590178767,207.93456778017207,38.714294846390146,16.481280711603187
208.61298556769108,206.50318400071967,39.56717485601399,16.65525651864644
209.88806806196058,203.82352171487963,38.84159637813325,17.30983198296566
210.60375995931653,202.47367908344125,39.309255547403005,16.640628152443362
211.07008475522434,201.60464477519366,39.30474266193962,16.487868755518456
211.952748974117,200.46362984614785,39.34946542692834,16.699416836418894
213.51631837116074,195.61068048146402,38.262759562833544,17.47162454100629
215.0642705156085,192.61229866519884,37.70223730633239,18.49406013246001
215.8006085388013,186.77842897431358,37.683376124105436,18.962621772226086
217.12031424499057,185.2117617003992,37.15809711605433,19.608110899217504
217.1534068228537,183.74142361514365,37.49789099761287,20.16257472079058
218.97564225832417,183.0286361221531,37.61568080210227,19.931096236160112
218.95685461551807,184.11463445210686,37.678691494429145,18.802152368801742
219.2921243846487,184.0111948967669,37.33640471872395,18.35368663561716
220.309449861409,188.58018495824047,39.13025212869819,17.14690797064737
219.03740255668157,191.37169243335904,38.774396472268656,17.4086801412293
219.8898725040653,193.10866680051282,37.325207025012915,17.82780019735751
219.2254936719227,195.01804197876106,37.85865484766524,17.82625312417098
220.20425927836723,196.87742029181294,37.164122573336655,17.587290761906957
220.85439603348627,197.7647169763395,36.51564367550628,17.413824302109802
221.34777708461309,201.3586986259315,35.73228647666453,17.485507895473418
221.63797822042494,203.03492205054198,36.352896101174196,15.64200090850372
221.83538520657146,204.99131682608308,37.1484489930856,14.825940635985987
220.99010885173695,205.33761426058356,36.90233294913064,14.614148422205066
221.40561472542873,206.2296580935216,36.06948037085013,14.970515048626332
220.42899067963594,207.74958715811815,36.08951141379066,15.750362405730874
219.51823407771397,208.69127895161074,35.9162134403809,15.96374886688716
218.92112854141547,214.32454248177487,36.14548366701157,16.231507351908
219.73214033663777,215.2699369055461,34.85562835764528,17.233113047059675
216.44655881222377,216.77087425617506,34.81184885581412,17.015730361640344
217.02723822387262,217.99033034128934,35.15666423925012,16.836181127431697
217.33483890792863,217.3507684422366,35.91104170948647,16.620830633735693
216.23223565112679,216.32772992709153,35.68122658421992,17.388516302789313
216.3248046642251,215.52109256943194,35.775198721473515,17.507134097675436
215.17662424116418,212.40092027278206,37.11271180644124,16.172943797939325
214.64600883849965,211.36205500157124,37.385989950256004,16.013662430876064
217.6204613418444,208.12342162468838,36.53043058565635,15.844363747324916
216.3535810614208,207.57236812554143,36.04599289477928,16.392672785337446
213.39387080094565,204.72513846377618,36.22039111882408,15.819213998974112
213.0828614956893,201.7755241732656,35.72270309863,16.18458904911147
213.87564597033463,199.9641627937671,35.592722728517145,16.62783864641112
216.28906657294533,197.9633822184938,35.846145614787446,16.14649679326511
216.86418844259077,198.3319785755575,35.60031104564735,16.149354573808523
218.0672523427976,193.06129362945103,35.07795728736326,15.790049646075182
216.16147106153602,190.2852821378475,35.09185186969227,14.974343442270538
213.58840402611156,187.43301217910752,34.498421998585656,15.097763822396967
217.55464766529445,181.78979062451688,34.70729404944347,14.614533584105123
217.63650209422067,178.40486620793678,32.92897261224535,15.569959809843478
216.76164946206492,173.20950245325298,33.676332195366356,14.903600374630964
222.93302550144406,167.17318910081013,32.6314564746403,14.86233166325692
220.8935287805668,164.22062006173707,32.5006716075264,14.832636214791698
224.56537495030375,160.2871047949679,32.08004397676223,15.477411995217285
224.46747044815407,159.71359015412466,32.167755472511914,15.657304953451728
225.67104840427547,157.38118220623187,31.652764863499392,15.585826579675526
224.8540631124896,155.26286248065844,31.70694795431902,15.051197663055092
227.66629235006414,152.10477941198508,31.233760345563987,14.65825592457783
225.75459012585185,148.63003497447443,31.17139542677059,14.427705393776357
224.68104266755594,146.28816562091006,31.124529915124466,14.326155767012253
224.59619977527953,141.3085791929761,31.814714511875952,13.671684976639947
224.76619211482296,141.333319599011,31.232550409218454,13.940390060251575
225.9420799662805,138.20134548609505,31.31177994579007,13.817077849071705
224.30512040173267,137.9088111496498,31.457222693583848,13.666783634579676
222.0588784789805,137.89384409371343,31.335196956568677,13.746408641234998
226.58818086759283,134.71132096139925,30.785143776939186,13.790479602213445
223.77002258088143,134.64304849780035,30.178840359059524,13.505992190076752
224.4151393514532,133.67834583594143,28.911515907838865,13.986707099365908
213.9863750407191,130.4112235523264,28.466689716684975,13.680057444336466
217.42883532612905,129.97752115839367,28.703267253775273,13.42821479567847
216.5152079674439,130.0154559717509,30.26009686009018,12.722106695548641
217.0999631893742,130.0006662921956,30.867143861755718,12.959283846807816
208.6012058891544,130.38441111971932,29.550268279700237,13.544477378291429
208.6345655321757,130.61716610013548,28.876538569520473,13.777407969216952
220.83260339794177,130.332735014203,27.388746071630933,15.088061150984853
212.44437489756683,123.60522963552907,27.439233757805596,14.712536973335151
211.43071128895616,121.36714590055254,27.44261182875616,14.509192419362408
211.1287623430725,124.04583470944054,26.90221069021955,14.858538968456532
216.79846024477715,124.07092059608924,26.457694227935757,15.230535479813755
219.47024493488863,112.57722419419825,24.24730308181313,16.54670368947952
230.64845939035456,126.7339012121051,24.984610819440803,15.747315260355293
231.33231124022126,127.58539416327116,24.91147267814098,15.793737364691252
232.1094302268235,129.97015023471522,24.85422395511963,15.84067486398453
233.36643377959658,129.77825224513765,24.743916009195605,15.903254885736471
233.6724021957974,129.32282489856564,24.877095649038285,15.843407705578045
234.71716595043065,130.2188439641799,24.8731136796277,15.836923029702273
235.2079886008803,129.7981776674648,24.840054008191586,15.857409303933872
235.31733492382222,128.82932432005984,24.813420059650653,15.879745534418849
235.9246461299734,125.66226869747541,24.74896105944235,15.915985666764234
237.01879857503536,125.59399355024959,24.72136316623618,15.936635884290114
236.74699249460588,125.42465086562972,24.700825053295244,15.950280048838957
237.45867020407027,125.00775305926108,24.657412289929816,15.987968250191633
238.1703527886066,124.58918760223258,24.608414119529655,16.02966391444319
219.6373737201588,115.23497961019714,25.06476837458932,15.391663425125376
214.8742581651013,115.0103406553264,25.38210856978732,15.007813895844816
215.99757272943486,114.30110215082733,25.384107342197485,15.002950822674373
216.4997822410334,113.12422566883657,25.360052224430248,15.02207901935243
218.16692803900142,110.61620334700751,25.210700489791787,15.141405637803025
218.90191676123158,110.31040003884785,25.20918134019998,15.135576023939697
219.2747021262367,110.48991839852243,25.211473008814153,15.124051132536234
222.51679606944944,110.45741195572224,25.248179649823932,15.070322364277018
221.99440503935153,110.78788158393724,25.32677280239645,14.952119399732398
225.69224056508835,113.18069020459222,25.095509004188237,15.125211398382147
241.15355395163883,113.1951779312954,25.470016630501352,14.82805658792392
241.2144827938216,108.21102036889991,25.578382482627198,14.638142838508369
257.4198583351184,113.17623882044296,26.535669577523834,14.459699114743543
257.0876114821968,112.0047767748488,26.514271655101698,14.473555498870113
255.76899572575275,111.76944736529813,26.505351148489005,14.473739240342361
256.73608950606103,111.40944184364936,26.509955697361878,14.464638433378223
232.3427391752139,103.40305076806817,24.774119127610824,16.58984638867878
241.4431045386895,105.42166651463103,23.237939181909606,18.85085698768564
241.91036077435405,105.59119984762665,22.473603976582243,20.15846948467349
240.55539887588776,110.19694861112443,24.61531103242974,17.792286460394024
251.6266297663177,114.51047977577005,25.077379586042547,16.679416235442382
268.5535940565703,118.96462610977747,22.24658523710468,18.266838708723935
271.4605659692679,125.08974284081039,24.052973652767818,16.344797003860243
283.14610041197443,128.42573316343146,23.985615704854844,15.780459486059483
287.733667612307,131.61394235260929,24.535159343740467,15.121599014808332
300.16433388119947,134.65109584276982,22.07547055900723,16.346108715395474
304.6023405903702,138.25850147144803,23.378004999857644,15.146414149628386
308.61176048082007,137.78629698881682,21.30398609984789,16.52858370639779
319.82421579186416,145.18175049337916,20.821429680030164,17.31904705097186
318.71515289238914,150.8019755399455,22.036720562865394,16.1849154316551
335.3731193442125,160.94283608899647,21.891407623818303,17.300542737483795
332.8112021437543,161.3283360344988,20.82965986378494,17.606033963956584
346.34765618133986,169.69920997227936,18.844968570230137,18.87044110243353
349.8112835510185,172.7006206172936,18.818704793854973,17.988083660519077
358.34257557960245,177.2998126091656,18.378665978996658,17.887931946062153
366.8504711303434,180.33953863554,18.055927169384887,17.13395415555091
376.49885835649536,183.49584177934955,17.686341590372024,17.463542139019488
379.1709842404805,188.7267742631577,19.57966344605893,16.039848939591664
384.2160684278465,184.81977161450646,18.965294631873782,16.858405647569143
384.652710629162,186.2805565640905,17.91180603147835,17.582323533740492
390.38527487538516,185.28790098927175,17.213492724578924,17.08962927413721
396.01154165002623,191.88213057965476,16.987524727054655,16.876661617113875
399.5172752431949,194.5054158857746,16.73552418881907,16.470641904379807
408.28030356682416,196.92206627754248,16.376789700374104,15.964478114252259
415.90724449263075,201.24152835755626,14.05263635675644,18.455308974366275
421.20665547562874,201.43487440434916,12.37734306202513,20.027456058865834
427.56976906284405,201.86112332303819,13.182855122518815,18.433701567225228
427.7122984367632,201.91730469125145,13.304486495377581,17.590021429866425
432.2512955520717,201.2064199347137,14.374711373342068,16.251369428430806
436.22857304041764,202.1247891017166,15.79451743485824,15.507384266345746
443.1170718738372,199.72621994121533,15.042058761854621,15.643280102301894
449.5927212170196,197.90154489791112,14.884272419850156,15.119648449866125
450.07012990450835,200.30785815040616,14.440245035297764,15.528814642782573
453.1079775528906,198.31400085142033,14.506939036018586,15.537573733475758
454.73623369269257,197.9543994832861,14.78430126813337,15.359121757544084
460.04906216827885,194.01860422126742,13.729610083867533,15.575382577296768
460.9505304191686,192.67064106009673,12.960129788409693,15.945521355387674
459.89351852177066,195.63820394338074,13.241495530761167,15.34889370435915
462.2066809362945,196.60780490600027,13.088484986991839,14.436019627554561
464.1801750336627,196.24987181637357,13.447166099964175,13.664728938826991
464.83179010813217,194.93335351775013,13.187270673544166,13.81233267283843
465.58871747080605,193.91669668546857,12.76971225862124,14.12926121128767
468.16362940623424,194.46987802924247,11.982782922829493,14.14656016104604
468.5889227481941,194.11346679950015,11.873724571143306,13.849387994485504
468.92193392128473,191.87080754293987,11.946767872087207,13.7295367345042
470.2015307971084,192.3410777721042,11.176517768778265,13.84948140076359
470.69571779480174,192.78863784345964,10.722168608024408,14.195537624858758
469.84173912895875,192.2938555010396,10.608810293538793,13.878929461951007
471.913090671133,193.39767821925966,10.563789208396841,13.809343641599733
474.2214109442804,193.4792318030941,10.40143809844233,13.420531774176114
476.58774793492074,193.89387196844012,10.492983343998876,13.044333140709705
477.93813489340897,196.58382262275646,10.641277591847796,12.431455872299157
479.56884439830924,198.52794262741,11.018397657898706,11.78381740260391
483.3266744020866,198.83475550060137,10.915545591780788,11.529199998248801
484.51413803006756,199.12045356696206,10.632012045001574,11.62178548202451
485.5241448145126,199.6626635476673,10.163419045531281,11.995965088027347
488.1981428021406,199.4636349509174,10.393161832177235,11.681777651667229
488.37796863317226,199.45388739590064,11.03810711873757,11.542098930357088
491.9732486883062,199.8335314437245,10.898987724259378,11.514223483864022
494.423473054036,199.04933303016534,10.979650042452054,11.304921913345911
496.2932696032267,201.1789873711355,10.886652183709902,11.717241706594873
498.9033458035586,203.12888534961627,10.890647579676946,11.801611894957976
501.39411579711174,203.15333271198955,11.068144705760309,11.619764256569526
504.76838835843057,203.7537051389225,11.022132351372179,11.559557260712962
508.77159518456483,203.9756677086695,10.650004625922492,11.750651840819605
509.56752199653226,204.1494698572213,10.216565604267373,11.796581935834464
511.7331942060024,204.6577869084868,10.274034204125877,11.697245196584737
513.9417120294964,207.07608762839334,11.060243243264537,11.223544967556585
520.3170298018647,208.22954688240856,10.885435297099708,12.009609228538583
523.9068650897209,210.54050570273125,11.658307026380097,11.947099775759392
531.3748274618636,211.21613697723245,11.468378757314401,12.075615158924052
537.0098784585831,214.65421626169908,11.891010528523772,11.853669541650973
544.2142624858566,218.31090633467934,12.638130077736522,11.461783879638173
551.5761204348579,222.98099658852271,12.975775492600128,11.517502190921144
552.5291620512855,223.06746541634683,12.927089577631197,11.496189363849943
558.6624642551985,226.6100261901153,12.755312821782796,12.183910223539634
563.0979566278311,230.76493765721352,14.363487431681218,11.003961041937135
571.3606368051995,232.24326140551804,13.469701707681777,11.417391393762571
575.5955613084624,230.6752400694782,13.476995035140419,11.586199215912403
579.4607110823589,224.82692498969038,13.341689555493176,12.0780392601316
583.3265835567435,223.56574415504292,14.56080844491968,11.140240673994409
588.6679453520657,222.01216245721233,13.994911865383827,11.404357404463926
593.0735947173526,220.73814589475776,13.587109877058264,11.889243699767981
597.4790742465558,219.88053362047927,13.251504059618895,11.918652675586323
599.9462792135718,220.05358457621676,12.587910928565382,12.087015440491463
602.7835308951657,220.67528184785058,12.509614230416632,12.038230300834064
608.3239834849604,223.0651452934903,12.714738866500877,12.096641036202573
614.177139662137,223.4501033143205,12.602894628907903,12.497432458760354
618.6298815572499,223.93473095010395,13.09356238134587,12.324316606272223
623.5211061946328,224.3841834755325,13.88225625690957,12.397875520831134
631.5950392170874,225.84668669691467,13.333955717981826,12.992217937853727
638.0017827576053,227.12215587410796,12.517750665144472,13.551669769776979
642.1878619213256,229.6268809897865,13.287678366756388,13.12998332473578
643.0077560446065,229.5641028790584,13.38171282355629,12.98067928332128
647.4557252793459,230.7948545371892,14.147271470166359,12.521229227862872
654.0064604571792,232.6884851534511,14.195480298459552,12.745926594429672
660.6527994415366,234.6184492801553,13.725648742403587,13.00157413142654
666.8445317457125,234.7688928855303,13.542303152606447,13.063305784259143
670.6743338186138,237.72200937805823,13.670231336363102,13.351721065041891
676.2316796302498,240.72885963613507,13.8950639821951,13.570308909483888
681.3774353383137,246.00670995443267,14.444533095852421,13.066003689148467
684.2490952343292,252.1404851680354,15.773571435230217,11.870079925151028
691.714608844053,257.9137622937983,15.460249560936347,12.840779549357688
692.4991425111151,258.1294177101765,15.315712852155402,13.503390974024715
696.552876154486,265.02777589235154,15.418223669051406,13.218820605768315
702.8096598791218,271.63693779091477,15.26874618560013,13.696134511583749
706.7986915279313,278.7009342159786,14.348555660197881,13.988604269793564
699.2720258858466,275.550975728175,14.531423573090475,13.992505982796967
704.3668279160855,283.27414522083905,14.444569337136466,13.984789472139221
704.5917442525109,287.2463553053366,14.472669385662222,13.868621618665447
705.5152236511855,291.6013422546563,14.28446672520725,14.081044379877127
707.2608401328594,298.25653967076994,13.718073258472076,14.35848295219085
706.9301318434143,298.1199239686361,13.636341152860558,14.290807825839757
705.6437730079487,298.73677935769865,13.98774153253206,14.156047314552723
700.7885735463657,294.9930872127406,13.34059841773412,14.373109758460647
698.6474907220567,302.48052172936883,13.770113900794192,14.18117682139557
691.1502298479816,309.26044464456305,14.053182211139413,14.288586392618368
694.2604309653732,298.5541224794492,14.111772629249035,14.764398294867622
693.1348322469078,303.9289456426299,14.242809963335738,14.259887275818178
687.7014623483609,294.41819742160925,13.648618936149722,14.72213002523251
691.7351465888896,295.64789332008354,13.259620930861237,14.59025454565153
695.5065862921766,300.8946388593256,13.23766561562631,14.281431054447646
697.4610690742965,300.9516994623885,13.240610823710247,14.04628465111399
686.6807842771399,302.05226987156055,13.367744977959903,13.876988448706113
677.7126893633884,312.60784921803634,12.923248999188434,14.24840040394795
678.1009852993544,319.1851589758303,12.697548943872606,14.247751606743776
683.2973870035253,321.8838297911747,12.686549048104162,14.42544650178126
675.8554373632464,317.297433391271,13.255665232348289,13.80193555250418
675.1270324770132,317.5234920681463,13.345102253578602,13.79780077822325
665.283049438996,322.0040913259175,13.689642578880596,14.105600408738097
674.883579223157,323.7384544560633,13.512749117736604,14.461991498070992
673.0311852727365,334.1803582053802,14.464182230750925,14.278598657030058
673.0339569621027,333.7180469537186,15.034986083883524,14.205162066401098
659.8734600852848,333.29411924224246,14.334268488031862,14.856378487983891
664.7746141454774,337.1602380796689,14.037864565339774,14.945485188741328
668.6850784887928,345.1589070809936,13.951395755723034,15.063249954036303
672.7427040975828,354.8329612306819,14.241553397396078,14.65630948608055
678.9093194616129,360.56311276100905,14.78094229824201,14.314468987987304
675.6626550863544,366.7220517260261,13.884866751883848,15.53434034841949
676.141574401705,369.1602085088821,13.436041893193462,16.11107739611092
683.6672587802387,377.873845905898,13.685383814226828,16.595044133451115
683.6525791514742,378.6503546532809,13.942685747107863,17.41856682270631
685.0528911450108,382.2877551728612,13.870607187357223,17.200530863044072
696.4149904190538,388.52510615689454,13.858398995716433,16.745581397418754
702.0255528100151,393.44689850681874,14.21237701988493,17.141882027770492
705.7169337352794,394.88715041560437,14.340079837630395,16.95150176824374
701.4211122699531,398.27744931769985,16.92014230105891,14.44040946484622
705.3293469571947,402.25105312041984,16.01072878137309,15.53631747525094
698.0455980614821,399.28453114065286,15.828804499433936,15.691883216706263
700.9303112352954,399.5585457385778,15.153866295728315,16.07282417895658
693.3403203755175,391.34982685924183,14.260134712671723,16.967567349920913
693.4838194945115,391.20227272315117,13.738137041523844,17.470406496521548
684.3906926497305,392.78506317569656,14.245611129035233,16.615179824218767
688.1590717846562,399.81263543310683,14.991675468131437,16.130805573070162
686.0267369088373,402.1902081825483,15.103682942547614,16.40006078524678
688.3442073119609,409.2154754214944,14.98622298652017,16.530299088726693
678.8028590210065,407.66464488995996,14.913632779488495,16.058910129670323
672.8981651814664,414.3701695657969,14.980656528820294,15.985094321392356
665.6676737184149,410.99225065209936,14.670937092862602,16.13672224888513
653.2181680037345,406.80315982694395,13.959068624152204,16.50894629574138
653.1566747803844,405.78008313825654,13.479410150503297,16.662031121098998
652.0034209633181,414.5360105947167,14.694133068983309,15.820195357958927
644.9170603965661,410.6994400162005,14.272163879611437,17.058151559394297
647.5832124582121,416.70094252056856,15.405536063997754,16.14047942114169
652.9082762616931,428.06009984984865,16.021128824467247,15.915408933724098
657.7278274881753,437.781694917589,16.33884018375884,15.42044000490838
665.1561507993383,449.15193959806965,16.362517925141205,15.55709450381034
672.0534042233269,459.4250136516805,15.858021529434522,16.317430619000827
673.6560759812019,464.91533995591016,16.531612635495584,15.123212184125439
659.8315933913473,462.77051440612684,16.384830058246646,15.452223806915947
658.5491088278907,463.0210386514318,16.19971216237855,15.483807905646296
658.7539381835409,465.50468101888384,16.199285680072464,15.061841774257827
649.149731469667,461.6822728147254,15.899732112580924,15.453281698657417
651.154051592241,464.6723940056709,15.649252935395594,15.161529707544027
648.3660611584542,465.9815531118477,15.627446899587895,14.555161511212138
636.2894402984921,463.8449981426263,15.627541875737759,14.678803504556107
627.732236555172,459.75637639625717,15.013231558422817,15.70889695762153
632.1418917876324,459.6711691475349,14.449016575374664,16.19017646985751
633.2451159509808,463.38321410925096,15.491916889119597,14.975007502083397
633.4269982371325,464.1378423754327,16.068884378679357,14.373518086743386
632.1046727838484,464.6156636219896,16.498998379958834,14.458153909173719
632.1784408499843,465.6674283351467,18.092982056456183,13.198442789782305
632.7957025740536,466.09217696599114,17.983565062213117,13.213326960626791
632.5143795986778,466.0834291126225,17.974305876856217,13.220112502459397
633.2879442175105,464.4472265696162,17.924460097900788,13.234604237413132
641.3937014879551,452.60111875993016,17.183977699650516,14.104418810032277
653.9539094375517,440.3684328390792,14.949063662029655,16.65157203906329
661.3154974589065,443.8105549961711,16.082054458919743,15.601453243678264
681.0632846332251,431.94686264505947,16.104485481376358,16.13879926487126
681.893862242881,432.0777412792182,16.105866406320903,16.155310035780396
689.5477361986842,432.01712082551893,15.521512888635424,16.673260385317526
698.6059511295567,430.193699144854,15.398914661411942,16.580252987141172
705.7833468506542,430.28204597699755,14.603454159463482,17.092632587452997
701.83078145209,417.4727173686204,14.38264368004166,17.01120702527658
708.6803757248902,413.51106902677316,12.958250666667862,18.232250367296274
709.6086655852349,407.5823440731625,11.64728560576459,19.312441401531718
692.8849143641154,400.12001048088194,13.060001823638434,17.824396488924933
703.1775802444872,403.4281395148456,14.00561107241624,16.460030987678508
703.8022344755999,404.5330532711126,14.950615182670148,15.205087527421165
703.9315749024279,387.0289635921177,14.61706071768313,16.55936292422923
704.6790503963542,387.19580219139715,14.630871731821852,16.790774414997614
702.219548246453,403.94074714122246,14.588807401405699,17.31025722652859
706.1121093695954,400.3897832689852,14.531852212158402,17.34763743224582
710.7353255507599,392.69976815352715,13.16346207089873,18.754497382705424
709.9007535740483,377.98247337112537,11.872263378676674,20.17598727709876
709.6070858156318,377.6427036628304,11.867317375143003,20.173757859097858
707.2111057002875,377.9165365808399,11.948187041103889,20.06867951792901
704.9069276269418,382.0065201780389,12.41328223198485,19.630416787489736
704.583298507591,382.07030108509116,12.851723957267087,19.218736410448365
706.9008982231582,381.9693305917193,12.930746957315648,19.07513317817506
705.4861043179344,378.2216794952638,13.587288894121162,18.448025550529465
705.6479667479375,380.14525074721826,13.61850659431088,18.386675635808103
709.0664136874552,371.8582029974778,13.11375697568192,18.76369052310645
708.6331917269737,367.0435514861195,12.52790678539323,19.281597709946638
705.955608869985,369.10401766997796,13.597064618206034,18.44144279660585
707.0760156828915,366.7766230526814,13.728569975471126,18.24961242518104
706.5545624557449,361.00937185345293,14.143835586372928,17.475841508208195
706.1494837243897,361.4355062991224,14.274292495666014,16.818519442373542
708.3373222723034,358.9922325066693,13.708965817929476,16.85003601379094
708.2981911851638,355.39205129917684,13.508357260616634,16.18489225659578
708.0336718623265,351.3419855163081,13.025591683230347,16.242957248236483
710.202267158166,350.49685231113784,11.519336092924835,17.557629221454697
708.9660485925058,346.4514569087004,11.695363617311603,17.089116742638176
708.4588370739599,341.0103675587301,12.178407133510348,16.34784993171459
707.5856136729342,337.4765520555935,12.595311537109037,15.80167421343939
707.775480965154,336.7541845617766,12.692924147817871,15.72589328234151
704.7548374652107,347.0818505805668,13.631748379149663,14.999167278086288
703.5615007696317,349.87526018497266,14.112207294675954,14.160738267028464
709.1409064208133,344.9250316808966,12.55334106067231,15.697356125705463
695.6229155890567,353.9256289692752,11.372913040957851,16.902103702878993
702.9516511382767,339.6423642673709,10.613631487195514,18.007024219968777
691.7903488866252,341.84704809249786,11.945242490742583,16.66136082195792
693.480576118681,331.43094675691174,12.607154531300205,16.58946879708529
702.1823073352716,335.6366483869534,12.994942327000977,16.314663170363687
706.3929948479438,339.4884539672368,13.201788813497274,15.941822025513455
697.4023747956008,336.31617850587145,14.337077837861099,15.363271999910497
705.3490725404478,344.0701720073148,14.875349676047906,15.050949402846573
705.7376645420657,344.2286896635302,15.211541574988173,14.940593389889543
710.0052438493859,338.53899361843605,13.54973501112882,16.74388799167445
709.6077090482189,335.4080096596152,13.371286837927364,16.895809045760323
694.4505441320233,327.3850963222075,13.657565293975757,16.07588826879335
703.329275679245,333.7856044617898,14.314233364083167,15.66773812427245
707.8977530786661,343.05807579208476,13.601171540094388,16.094963432432486
707.8789058054953,341.3961521712425,13.545225259793623,15.92615921156205
696.1936874142732,340.49230099505144,14.39971660766738,15.222337363504742
704.6124429881963,350.24156290134295,14.876809265363105,14.605857389422688
704.3368295954429,350.47215770276705,14.95660083182064,14.466004592394881
701.6854172788273,349.96347832252684,16.67767769474233,12.675071202377925
695.1635311504791,350.4747702331584,17.13026247432692,12.3259834486388
690.6922925667928,358.6189163383663,17.580350916418674,11.635326507387923
692.0383134219345,358.97094938276376,17.63790437138804,11.580607425867735
689.7168921391869,350.1053359717259,16.31236982354093,12.504167469378967
695.4839674985095,352.12929701234594,15.382870556006642,12.995419944871085
690.7829729293752,351.9659566912524,15.065254248413257,13.243857063221993
690.4190692028058,351.916968790341,15.0594868343038,13.248327169582627
690.1333952352021,351.08246024079415,15.05780870845302,13.24895137202402
689.989497671481,350.5438760172632,15.05654282601139,13.248504677217383
689.1633883638744,350.59081618863655,15.056341158860528,13.247434577838831
690.0151745233013,346.80322833175836,14.980942191294586,13.327993306274193
700.8163114778997,335.6960221227957,13.935841057366474,14.46837770906278
705.9171028445874,323.35792985086823,14.208101898515014,14.719290265002662
705.7279499013204,323.4445172095672,14.23990941487849,14.78358669597645
705.4045601050439,327.88895672187357,14.139394164234533,14.823336592872517
704.5277761880468,330.91708348404467,14.677720208410761,14.642800231616242
704.4138269265887,317.9303179242556,15.381805751867187,14.251095068845718
704.4219093291925,316.88439961675687,15.791617819103783,13.737284835164589
705.817028428041,316.88293241931405,15.766606223961103,13.668403336996231
703.125191539489,318.5080807701677,15.793828012844893,13.764520724491863
703.360098627492,319.3675537327701,15.769495047785927,13.791493192422111
704.2042872663086,328.4298886381019,15.487095496135508,14.620209688521197
708.990484938423,338.5759217759886,14.033274294362524,16.190148646512384
709.5620571031329,348.6220698714647,12.206072013969225,17.864175545159796
709.796223660509,357.357212705353,11.165354064927637,18.713874313418334
709.6022454970639,351.32973926918817,10.938532111559752,18.737786716143585
704.7821398761615,348.9617298674325,11.089866056916595,18.584052654817206
704.0012166638276,347.5049591233878,11.23987168511396,18.37389495467427
704.7447043245928,348.1853797672793,11.251615340557969,18.359169256033038
704.9219344218175,344.7314764657178,11.306339750991713,18.305720785608727
704.5991496491539,342.9531019242749,11.414277546212066,18.196869330240737
706.1223165406849,343.5458471267236,11.42769551218893,18.18213967611392
706.8441198532589,343.0637716273947,11.446636308496162,18.158422067727408
706.7121530763717,342.81877908892966,11.560961443925079,18.0479875041165
706.8265900623579,342.04371845222465,11.597819849720254,18.013709792617416
706.3582941822299,344.8856778215613,11.677507043688292,17.914167865925357
706.1518615184516,345.89611287393024,11.738595562744617,17.844222276911623
706.5255173050401,346.078876073738,11.747423923630468,17.83146406005057
707.0056846152548,345.7580000817343,11.754278197949809,17.824614988912778
706.4144318088628,343.3816476232271,11.785405298351357,17.7897532440925
706.3756606022334,342.6635396367509,11.81915025960729,17.758726618511215
706.5348490920688,340.4462442219813,11.899015157492435,17.668646847159273
691.3211259270256,332.83070253767073,13.724530869292625,16.29227591585369
689.0655753891391,334.0484943101325,15.102515938214598,15.208601412334836
674.7932086391528,318.36145746027773,17.645954348465523,13.718802583968175
677.2029029830688,319.71510959275776,16.637909807361982,14.3200787175678
677.7110015639842,319.6349721107161,16.22702302599015,14.449967349228533
681.2276151732881,321.49212950767367,15.958752758523676,14.583984006729407
679.6350737002203,320.9425079852002,16.064517896507844,15.077655245245555
680.0557454565455,320.88023967093204,15.786325743415448,15.604473813765278
681.6581120440476,321.95877499478325,16.17300558949913,15.471389982469125
681.6122551673795,322.5304068984157,16.23515151815856,15.4113133976849
687.570287139609,327.91224817538114,16.303995677642497,15.037294540043176
690.0061976679887,333.92860924838453,15.798846659915082,15.006437780999237
691.5291228629617,335.6572002965943,15.264266554621836,15.198372677530159
690.8759868113483,336.776997003034,14.949156182949329,15.358334232531009
691.0953164328625,340.877030725253,14.71412214209978,15.660837894049992
689.5669868850365,341.13215539251365,15.570217806965687,15.02339326085698
685.2500376964929,347.056021710223,16.187987644013937,14.467405811290433
686.6854644153251,350.7416884993557,15.976864163930074,14.651086843315486
686.464468303157,352.491054876992,16.647731250460215,14.927139129851998
682.6446891470023,356.5593141741238,16.335525932856342,14.90243026611818
679.0464516691723,361.1829843982481,16.001365054776254,15.06039949499356
678.9612387654936,365.41380258782954,16.453975760986765,14.742386467881488
677.4372500633673,367.02185283403514,16.16725877971087,14.85603031445948
677.871382707518,366.7715162908028,15.93013247179801,14.960833996846615
681.1117740101378,372.3328062036703,15.814313874889827,14.891471105315784
673.9468007272571,379.6561119610011,16.120932613197468,14.494596376542852
674.4068876778152,378.9163119909961,16.14065279224336,14.484867216897639
682.4935063383172,385.78347059655215,15.569835324450043,14.986860964647901
690.5135076326957,399.0296464497457,15.25653542581747,15.12363676070216
681.2620186858621,394.88078405865747,15.16244453286339,15.421603299317848
681.3944782203026,393.2304233208188,14.984331813438702,15.494496272340223
674.665409834954,392.5365972991169,15.083319604949168,15.309607317285044
677.123248170918,401.5788133289932,13.634893041739865,16.77240502437821
676.5668408342742,401.9153803111234,13.583134522430901,16.708461106905098
675.1070586639945,401.07836222997975,14.454907620390998,15.911071735897698
686.6825924020006,405.8854573535457,14.736096842987097,15.551952175106198
686.3936929155878,408.2432109829729,14.43036668916857,15.794049324515884
687.8504203546496,411.61941386138716,15.32872635763015,14.854245610839216
689.916257758026,409.8641662293457,15.281247641575721,14.94224121824491
691.7493913628745,412.7679115465038,15.209462615335116,14.9694707186639
682.8530761267307,414.07232343053397,14.781834374854098,15.628862845302576
691.231121915137,416.0187678780395,14.564284591864713,16.044785614872772
690.0440404666806,415.9654666881247,14.59469653510308,16.328011905367923
690.9215564345874,415.6490402953431,14.34537055193382,16.48824956813603
701.2714763230106,417.23500193203563,14.207716062563073,16.532590781063888
701.5592093061197,417.1008591514299,14.155855800652416,16.269901477315578
703.7575993435178,414.3382485388862,14.368949497523833,16.30232437400331
705.9097711287288,416.4642936735029,14.446966862312864,16.228619362490875
706.8818386474611,414.7748305086777,13.727665313312617,16.634173709566728
704.3344956806698,412.39314946681867,13.877717286171503,16.514824382762374
692.0344693890557,420.2234133883596,14.214771288466956,16.229284141914533
689.5827699767938,419.2114355933477,14.528441757582987,15.99021873965924
689.4587596649927,418.4991509620789,14.736259268076335,15.890162820045061
695.1783266730147,423.37851464579995,14.666138084673923,15.967032490871905
691.4729865125182,429.0949745928766,13.816290794888163,16.93242611905754
691.5037396473604,432.0017358211791,13.871289350855516,16.880213763007923
693.4973015192575,437.0266995457234,14.120453677740013,16.527642537979382
700.3020287156065,446.6713161407286,14.328636728584351,16.28804809613793
704.3799084004366,445.15243946079073,14.679906892310424,16.014028632679963
705.3300142561342,447.4970756627219,14.779257563613328,15.824097716702124
703.2337372760684,430.8418191234973,14.614982357332575,16.288835190903256
703.5548272733464,430.55192534506347,14.509100756979812,16.264199463240285
703.820475884179,430.67951573457015,14.519000060411265,16.259892249900794
704.5562194447955,430.16796417020515,14.520092179977436,16.255145585196573
705.0126849995355,429.87226865632556,14.518555547387837,16.25669399544405
705.2922349491865,429.28607372848955,14.516889014861393,16.257944968478988
704.9690851234982,429.2496199292225,14.517574578656353,16.258319510873243
704.5680838011692,429.2856186748032,14.515690452112343,16.261355595008247
706.963774095698,444.96043359015334,14.195127428972597,16.811008219752193
708.4357948233261,446.229203280166,13.854696489310893,17.20251523216767
705.1892731186795,448.0742728371598,13.944667541426556,17.147343922135214
704.2497299619336,447.92993166494955,14.027354380774257,17.09704067442884
704.4524818133584,448.2817680068081,14.027270593839056,17.0984757392202
704.2591803358966,448.08925215470447,14.036335433976536,17.087995160579055
704.0588842897528,447.7595460537917,14.03940594103831,17.086474761906352
704.8675969079063,447.0481518400803,14.04854401535422,17.084960134519616
704.5892525012998,447.05177150965284,14.056721263835788,17.075227909337965
705.1369055584007,446.8614089754745,14.078122236197034,17.058463519372133
704.5327876557172,446.51512507052155,14.092714113989844,17.04229663813498
704.5272245815004,445.94295678029704,14.107451047775607,17.027968515214816
704.6614770094652,445.38109334181775,14.118194369851135,17.014600417655686
704.7316989970832,445.90716141195225,14.179240781935839,16.892896775841653
706.935027419637,444.2192251601238,14.196050142425008,16.80647422410916
706.2962350693018,446.6416707921494,14.198897842629984,16.78226930038997
706.354118388736,445.2038592430226,14.13638587143119,16.857995919990675
708.5314615653677,444.54553692224937,13.777899602853847,17.285395885900762
706.1653399505981,428.24325004046756,14.313169031734155,16.775040450245655
709.0975765925572,422.3361824580542,12.942617981397365,18.129259500265256
709.4185764855581,421.37993376288887,12.21320153162958,18.638777635873385
706.6143916626097,419.87569966281126,12.573914832159096,18.137173604735818
706.3419207760593,419.99869536159366,12.754189308850377,17.86679634698126
705.3644324511006,415.84394363856705,12.890491513615526,17.738739711552537
706.4849801366154,415.0223330102649,12.925320586784528,17.700858811517705
706.1904542547107,414.7643038365853,13.026274206062396,17.573056759153758
700.8440966745407,414.99773347302994,13.083553308358216,17.253669227106503
700.3813583747485,430.0161088800533,13.321774763823168,16.943820421116307
694.6043779063012,435.6509014198595,13.868803442111707,16.426498410656833
694.1907165385059,431.7352667874145,13.923596754465738,16.367628095773824
680.5575673762403,443.47918543118624,14.011998579363064,16.624360586672786
678.6831297443667,446.05307204293115,14.003702212250785,16.664453097283307
681.2935512013354,449.1145342108744,14.029142829502383,16.6262393593887
687.9224041086455,449.11889821232666,14.565848674122936,16.620552945884
690.8422734853267,449.462419261453,14.558920322676993,16.585483141485042
690.7204894814528,448.8911866956678,14.561196464718584,16.581386173598773
690.8895415347772,448.69596991792184,14.562538068251701,16.579198509932382
691.3911658301038,448.88292771688447,14.559889219534394,16.584682330838028
691.8318135249426,448.7717403778146,14.55531282781193,16.583611384864707
692.320524752299,448.78718822200585,14.558318353522285,16.578775093047152
692.2322463465914,447.480504736869,14.55627440662333,16.58364301318042
691.837007149744,446.88517938574466,14.552443005415368,16.591337258291112
691.5713131360171,447.4955246946988,14.558308681604029,16.574978038393112
691.3718990206958,447.6885399644905,14.563857031961607,16.574112802755334
701.7253693848058,429.0465499570082,14.080238218414225,17.04412797396986
703.9355770114615,432.2380004862203,14.100099111037828,17.019296335406434
708.2420576238768,438.18405789555567,13.952531906287863,16.518353925793335
708.1181637483121,439.96764406832557,13.84267495045284,16.628670622535616
702.5377307395418,439.0584637736822,13.681529020361747,16.675656151740952
702.8875041427152,443.99552934870616,13.802860064070554,16.5005711366417
703.4948426641968,444.92816431082804,13.945665335217297,16.3155439892687
703.2120407597452,444.3407688409246,13.941204837861342,16.326973975744536
704.0006647221869,444.5225854992164,13.944519981367586,16.32169308187517
705.9037960439487,444.29301447644724,13.955647064482925,16.312150722325047
706.1974534577506,443.7069173495423,13.931783527009621,16.329076903052986
708.0039649554719,442.33314829057036,13.769161837719304,16.56688801980669
709.7716709882043,437.20955206329097,13.226329709235847,17.112427947509957
707.304483693308,439.6678101523754,13.316858931596782,17.00408399529325
704.5199526711783,438.8295503570683,13.391429875544945,17.008753262230456
704.8421365148854,438.3300847380849,13.418764692288656,16.982466251829898
704.7288580056663,437.91446914171235,13.447891904732735,16.954581009524066
705.12845464576,438.53684797525,13.450137254172754,16.943886610156564
705.1270348323526,438.8158969808341,13.49206270875536,16.89526800248414
705.1728375269996,438.01490158041884,13.516765852116686,16.870810529655973
692.7573089732067,423.87657589172045,13.56011086253454,16.95806409516304
686.1838196398453,415.8775774389615,14.315297231893858,16.265682811594004
680.0386306771233,415.80334466689743,14.728344377308716,16.048594291209923
686.704759526425,422.5233543361702,15.066499695978052,16.56373509365567
683.5439260978555,436.5363397187092,14.871614581681579,16.49941326961767
683.7115970149907,433.2804273897867,14.841428918733065,16.516225644137442
684.0084505729593,432.0211614126011,14.799707662666881,16.53785465585125
669.6995098015027,430.6994444705165,14.564968127088893,16.19065695966762
666.986906466281,432.2269456238023,14.585207012650647,16.142169440769933
672.3336677410672,432.26857142119627,14.146528174931357,16.240502412813616
658.6596875880755,432.04291383034814,14.461739304889278,16.815849033933404
660.5399186629721,441.4538867378337,14.386901516134225,16.710091649748346
662.4926398823859,445.3629916710667,14.919638570257092,15.459641773974564
670.7791178114878,448.57191366246997,14.74205701014905,15.418271217986923
671.8507545437031,453.54250011962006,15.511391692385885,14.653681593786818
671.5808502859032,453.9675586822783,16.03530184245821,14.117049405422948
682.1470883845742,461.36985206917814,18.026070884374107,12.958847824494379
686.1887206776861,464.0325335859739,18.58313375176371,12.585688541513166
689.8907754630098,466.6376411992641,18.400223693597795,12.65740519206896
690.2256742039739,466.07239173846455,18.387430448844693,12.66631349934925
690.3340998553077,465.5564497091306,18.374907474548106,12.675128057093943
689.5310680123779,464.9256787168143,18.355985465522416,12.68830380503999
689.1990638547916,464.1700397349387,18.333556412302073,12.70332732466876
687.5113545613336,463.1263959173453,18.32742277982722,12.711655494828697
687.5580893346839,463.767478068761,18.299139413300928,12.718000322475135
688.1253998840363,464.327247882928,18.277012187238793,12.716766615695699
687.4653453178088,463.1480650145207,18.26662345878529,12.726094705263115
687.970164838696,460.3073183003175,18.216939274837145,12.767451891756597
687.5879931980767,459.0532748317696,18.20621045829741,12.778362658503235
688.1391728844526,459.3731271069457,18.193808084370648,12.791059555447337
688.1304491324926,458.08482853423396,18.177456126270275,12.80884360577793
688.6816554991169,459.16611753023034,18.16812820518594,12.817368137588893
689.2688045996781,456.11057325104474,18.058496632901196,12.924234779761365
688.9474825416601,455.5524135219721,18.00110118337407,12.974918079917193
688.8078101325507,455.0998126519695,17.94313330322837,13.028039295954654
688.061871920618,454.0093437641985,17.90551770648672,13.072672692987158
688.0670704014062,455.60292324131376,17.883593304399792,13.090500072603652
688.1093525178793,455.90175011592595,17.864081744674166,13.110137356647165
687.5182889509517,454.6267906727439,17.85286988831782,13.123874316284061
687.7936547916132,454.1348215116953,17.843470809495837,13.130833323100298
697.0062034390312,446.9191001748966,18.558002878673612,12.605443110955564
698.170129659023,447.1438604569754,18.607973553085042,12.569018646889804
698.8770758635316,447.26108764367285,18.571895794603563,12.603420709509072
700.9708237668438,446.988627398893,18.398428537173366,12.774913211970054
701.0792501080496,446.7693861837127,18.21792892877591,12.959902005484183
703.2523323999633,448.9575408651693,18.121622724312708,13.052217711235539
703.7409309041666,448.78927046542907,18.089888360006157,13.075484782822171
704.0624341422727,448.85132767344237,18.026152485066618,13.127172508223616
704.5532504514998,449.52512091503354,17.96976938357632,13.179299302857986
704.8039717613933,448.534909866261,17.922411428372506,13.226933028363264
704.0504163891086,448.2458550890709,17.904472367300798,13.244009572260612
703.8477226084298,447.50386375447806,17.87695711570063,13.268780415121881
706.3261207440945,446.25560905489294,17.731046750590636,13.436162502585578
706.536348306739,446.3596907639469,17.426447192459012,13.785706215386618
706.3101891639394,445.5200435806093,17.337913706226495,13.868895483337464
706.6221387803864,443.1702972526188,17.2865058211223,13.92162004620936
704.1640595301608,443.5805600277242,17.221338218363048,14.00151832078571
704.272715001245,443.1875924416672,17.19970056310942,14.024416586180497
704.0780364704335,442.3204129858497,17.135246158038637,14.08626427783714
703.9675759455375,442.294957066592,17.09930075275237,14.134897931368636
704.4604011203558,441.611421501358,17.075758776758054,14.1651945934148
705.4442526258555,440.52725252786195,17.051128203998648,14.190448014344863
705.5541695071294,440.29061624990743,17.004333073128436,14.236391387629071
705.6369649203449,440.23824285390486,16.957032127151976,14.282666559551386
707.440588897005,432.79232239387,16.193144836292113,14.914819102240731
704.7164642519298,430.32911097745466,16.178979861763636,14.923264125165332
691.01164539409,426.4191585642951,15.75888849724287,15.819221140357758
690.105738089579,425.87639977403387,14.896958427767615,16.76514045558995
690.3895479402831,425.15150635577265,14.905009862738636,16.75680301213656
701.4202112611807,426.45630179535436,14.890670754512609,17.17626844362681
703.202385250142,427.55936806634,14.7488574807985,17.358471844877506
710.4323271523513,433.0840561558813,11.926730977710472,20.742149636131884
711.3151043677834,433.0432215955472,10.236372038160134,22.842545582514187
696.5102239086517,422.7833175859433,10.315129004397168,22.484647074012063
696.454668310833,423.4335286460544,10.349237823716757,22.448517074723295
702.3900872834565,429.89069340545325,10.504707938162078,22.191491366045287
709.877970196846,415.23242904596106,10.38815784777222,22.495084446601883
709.9840317014593,412.2408423466815,10.576108784067934,21.696198175666346
710.188927627671,407.85432876667363,10.51216581980343,21.590077806080156
709.829508657956,401.8802034741534,10.876926300851649,21.111951094672794
698.4352868305173,395.3000659519436,13.614201513956763,18.548658176445915
690.6308722026296,380.8040848123246,14.38790866127253,17.59197963231962
688.9695938008009,380.6543906024535,15.380111251215283,16.816479107436052
690.6722057737991,384.7615107527481,15.45454018684141,16.66028610146346
690.6428031035096,392.8648368956417,15.16148026562733,16.671086818606007
703.1593770852394,397.4577484972527,15.56773774345171,17.065069943203873
705.8927975780748,399.8321247764574,15.091841143309479,17.487967794492924
705.6953017650791,399.4900262037595,15.133481265690198,17.735158376940518
708.1523184595193,403.48975075062293,13.730763699411225,19.218213174204838
689.119861035049,391.0224229112492,14.753457479015978,18.85253201518381
690.5397016599685,402.1484967963069,15.48114998177082,18.23672534003902
689.7250102390598,402.3755585312448,15.855289164568802,17.950191832645736
689.9583234070767,412.9453876448574,15.922653152078622,17.251733861768088
700.4401454316969,415.1282010147865,15.910884789483696,17.30181804796582
708.923103028827,420.10128241030674,14.147193372994462,19.064429823575807
709.7427439924954,431.5894830420545,12.42955662504839,20.402346263327313
710.1047049070028,430.899828654083,12.122375600944448,20.5729640383319
710.1700047973698,428.7077326645902,12.109179364696047,20.585231616987944
710.0068762757915,426.93565895909734,12.102452526617496,20.59615611423158
709.5061989211241,425.88136360564255,12.085758472677094,20.60259137413496
699.6313344160446,426.4362116847674,12.606269953539098,19.973851591484134
699.9841167591372,426.70635389961456,12.779498089714947,19.76199182414145
705.7248032619341,429.1387300860479,13.023958976943595,19.552913431987694
705.7681836892517,429.4379689251712,13.047181722984398,19.523136782564833
708.498368632033,412.33032848239185,12.662425812946685,19.65602402188334
709.3200150684285,407.8509938649637,12.47717317758253,19.999693485621513
704.9266008954121,412.84768919668136,13.381180917383556,18.563697803570413
705.7405348482083,416.97266729357005,13.677026695873053,18.2224816534332
699.601091927202,430.5087921359434,14.412907548261625,17.66807902984376
699.7167632585765,430.9250930139154,14.442856270209669,17.639229219395347
700.1730154613737,430.8223286957674,14.449935423651525,17.630896598853482
700.6382474438326,430.6818085799362,14.456447235883001,17.622551392550477
694.1300591443421,429.97540921358427,13.973004079309698,18.110858242930114
689.9790159820942,430.3409638743945,14.160899348507588,17.974689464484435
698.5329849087262,414.9347653296872,13.509288933598102,18.720895834294552
699.1013558303829,413.7880288454772,13.514591634504692,18.71541717689054
708.0128572040228,415.06066391381773,13.426940449724995,18.630926707110113
707.3051010156995,414.3761639009046,13.434756340852092,18.62352042094755
706.5567149979228,413.00216394405584,13.431238578622594,18.617138439579822
706.1381228644937,408.33322005337874,13.519562784312262,18.48632581199845
706.7692295773625,405.6332486251725,13.550710903183628,18.432618670699704
708.9674750449328,400.28521342050544,13.200545651636812,18.88492420271445
708.1115306310625,399.9184630503346,13.213386913917299,18.87066268023502
710.0289874732243,391.8093023029866,12.76706475753243,19.375403089725882
706.9106726493542,404.25640654974075,13.414729466155132,18.785081009791874
707.0504193977474,403.7677583109795,13.423175219837931,18.779591487539392
706.4305820501587,401.9514831102311,13.507294547545708,18.695584863126754
706.5396910687432,400.6758444980254,13.528837490386644,18.58515468626247
705.6906165208269,393.34652401661,14.006383000975974,17.946781412643176
704.6150060849341,379.41565748514375,14.81395269726271,17.41937148546333
704.159348032386,378.4931267050202,15.267526886179235,17.184841294611793
706.3503993299917,382.85252274023543,14.858014499021479,17.205931693358636
706.7018864370814,383.0665816440848,14.856150469034668,17.199189428538975
706.0856323503391,380.316144079868,14.847577404726367,17.18528498925402
705.087639145797,381.8323805272176,14.854228634481721,17.191066593990328
705.221018453897,381.29461095398136,14.861191832436951,17.178277736579428
703.4725702840877,367.2858107064895,15.688582337476284,16.81261178258852
704.3344840204886,366.134456236893,15.690483972531181,16.814191142237398
703.8930396939289,365.7672962098035,15.68839826518457,16.825145472329673
703.3237754694218,365.3929800730582,15.685899859683675,16.833628784276296
704.1700379184869,367.22209526121424,15.728915232358887,16.906728325871825
703.4522797936804,367.0078582585793,15.739648013725498,16.906864965752906
703.3849504196647,364.0466115031026,15.751521506443911,16.88969506651946
703.5286358136527,363.55291697818365,15.756072155254607,16.888015071767416
704.7679795420645,363.504320472005,15.801638066808653,16.85794035090843
702.5237852758348,364.15826881119654,15.855030948022781,16.807957500421452
703.6248128360158,365.9795006540675,15.93131926676311,16.779775230618853
707.7628339168198,366.5108457351069,15.368753286185521,17.294560258702763
705.7653725742132,365.7541709227605,15.369213481316798,17.269538082019153
705.8061293958021,365.08185372599564,15.375089150823484,17.24598564407461
702.0103568255332,359.9790772223344,15.33899261350478,17.346639244963917
702.9893082454573,359.5879390313819,15.339532104017032,17.337543744907165
701.1308698421268,362.7125856806734,15.387843160556097,17.26835088730318
702.6738804635661,362.9145856916772,15.386801451826711,17.26583943765466
702.8860001935354,362.814954704313,15.39087018080311,17.265930986848808
703.0815267102075,362.5627264272245,15.402093275989412,17.259323011606803
703.105271054051,361.49763318316775,15.406757426860555,17.26116138761409
703.4217646201032,360.6048628529219,15.42155613717477,17.251496693415163
703.3990678639697,359.5183480000407,15.440635210189772,17.235874599021926
703.881340104839,358.0663494331117,15.475224255730097,17.2159463330996
703.4115627935864,356.0831947362786,15.480973293327654,17.2211770829671
704.9923774008968,355.89730088389723,15.504970108675172,17.185155977257295
705.4869834159773,355.0786634562338,15.505140881954166,17.192810995776846
705.4783575308646,354.7153959941202,15.501623218130018,17.1995075987952
704.6401504781295,357.36260245591313,15.548162736541242,17.149208597328435
704.8987807187631,353.91088166607096,15.543558586336205,17.15963908387312
704.8492771643931,352.6004106346259,15.53672582420603,17.17347136168331
704.8180423908304,352.22239911589025,15.539204939218124,17.1767344656829
705.0575484835492,351.97548885988124,15.537811120260438,17.18557266597532
704.3433344397295,351.69501801444716,15.582655304587153,17.189532495252166
703.7756318933624,352.32524713738434,15.60595860403217,17.17901547919802
698.1519935207176,351.9697717913248,15.609072789812476,17.204610209994403
698.4173654096489,351.14675172019747,15.656345889124054,17.16507522464734
699.5010128140372,350.33641521414125,15.677381492258839,17.14808677969804
703.6071657689114,346.28686415187906,15.796671003347699,16.9982884907092
704.0141963341067,345.3645526875258,15.801096086641218,16.988267359280883
704.1168161576546,344.5347423771614,15.829318221881591,16.946747695471345
703.5189239473539,343.63006600935796,15.855430272526062,16.9390444904502
707.2293911016383,332.3821022793585,14.976681747343525,17.617661617197165
705.0367223987826,335.0003782017075,14.967072101052906,17.600053368385332
704.8809764190647,333.48789373353605,15.017564410725624,17.524630439951743
704.7544370424116,333.66119705441156,15.0422135038306,17.498562259409
705.2511035866959,332.419025876036,15.053677039445724,17.481393757624325
705.7942936245993,331.85677492201086,15.049449568695733,17.467452553301307
704.7268511628199,335.67405085590667,15.334355687666218,17.15592734261417
704.495031050181,335.7447754286931,15.395308184539022,17.075111286434637
689.2787079296351,331.3035910849288,16.3158904455283,16.298870583704506
689.072229561624,332.3273840311804,16.771107068411276,15.82789454113114
703.2814356659484,341.677394573034,17.000714650411958,15.401253736964915
703.2796223433002,342.89272062000555,16.88355422650698,15.159461821015634
701.5479204467129,343.6891004128038,17.677162744947076,14.608817208487423
701.3558017063496,344.8985504681023,17.542078009162957,14.637065897786512
694.3949504309192,345.7479364237612,19.517237820155444,12.965659108459203
689.6161499841763,346.26457203089694,21.048501090044955,12.157720690761337
681.7684543032591,343.735980091225,22.310165187475192,11.943285727026677
674.6811908932564,340.83309594494796,22.977213293491282,11.893678252826644
672.8880611763594,339.65019550751316,23.193331221090208,12.16955145435632
670.6497900394036,336.7277127092093,21.34648205747142,13.584381800872475
663.6794435777246,336.55948849592147,22.56766585607354,13.490894593311918
657.9658522546799,336.4355076365788,22.751340163234545,13.489587288459632
655.5303522156072,336.27481254264364,23.98802880377326,12.823520916195129
653.2115345056649,338.30770327558207,24.11162375353462,12.750497247559409
644.438599975923,337.5888720226972,23.65473860159242,13.463262309080925
642.2443139636919,336.62185840435967,23.871255858446233,13.963657410364863
641.8355344373148,335.58307483438693,22.397877964331443,16.296345572773106
639.3960658302242,334.39865574917997,23.922631266235282,14.384077271171634
638.0904833315453,335.1551137805493,24.378413391965367,13.476665184778135
635.8727764984035,335.6333659965038,25.642175456457686,12.74753538105525
634.1504849541553,336.43609791467253,25.06436388781879,13.197306453775491
632.7575589857018,336.9480059499004,25.16381469595691,12.992817678146306
632.3440806204551,337.57459414651703,24.896616710912348,13.553206658333654
632.3506406355527,336.8538793210565,25.00797779993272,13.916666758168294
631.7919772411702,335.2885254734084,25.015289554022132,13.556712593952156
632.2254205172893,333.0206147124399,24.940672648905384,13.319540074446309
633.4745923706239,329.7977545231907,25.75452162068762,13.113652939517031
634.3485941192938,326.94658846671535,26.592261550624517,13.209700910927172
633.6578073056281,325.400832175053,27.330039032039956,13.07940887541644
633.8300235387345,322.59871794079953,26.928236584865992,12.724651061574686
636.5302569486046,319.21129231344986,27.258739670979136,12.708446160115562
638.7883483126502,315.28156440977705,27.043024910874998,12.977765916283284
638.722763357685,311.5533616453699,27.093840204759374,12.958496339049073
639.5881768589757,309.3677780826682,27.697262698637974,12.404210278417146
639.7498197416058,302.9041685523374,28.07321469725939,12.399128771451846
641.2153135033473,302.1038385765369,28.83260083291054,11.908881387771487
641.9782685538456,296.3777701409158,28.051720240981265,12.824389535869201
642.4303950470439,296.1844432327589,27.617820917552194,13.206177030146176
644.8008717684284,295.9315329034006,27.29111689494946,13.053294480893125
645.1054319369422,289.86943896765024,26.64381485065882,13.519617781776107
646.1238260897005,287.6438493079539,27.165320126151045,13.171347657351728
646.3071719839567,284.6435684303228,27.28740433599272,13.194658359757469
648.9213624515266,283.7765324438018,26.0700321403242,13.627031290479213
648.6445443341081,281.41909909363693,26.049907627251702,13.483951594934833
650.119210411675,280.48758641681917,26.11477711320081,13.610914064239651
653.0550253767566,280.8942994996476,25.77918987331457,13.60106359314375
653.6494885817293,280.82367831454565,26.23384902607522,12.733196823905224
653.6129697216821,280.95760700067115,26.513264952780194,12.046686529739146
654.7667975006079,280.65509640267624,25.746611787697365,12.576887207235377
655.4129423519394,281.64512407329255,25.12670360530592,12.921501703954362
656.3031294199835,283.3074809934761,25.254633445276504,12.987212115143691
658.0743474188532,283.8647258305398,25.277413750408876,12.573370987235208
659.0395891355411,283.27954500623883,25.10134261046729,12.41832548842955
659.9436434607252,281.84633934307845,24.892522066063748,13.014054479850408
661.5433432313783,279.1345125224622,26.42918266727448,12.487331610462807
663.4882396983114,276.0519481179939,25.82482088003018,12.832907520992423
664.6900017481652,275.56716921092567,25.400228326533863,13.125291184185095
664.7845390588933,272.69934189899095,25.67412122006936,12.983213054300942
666.0464343814489,272.4594361457014,24.817401679007816,13.09788927860195
668.4576397606637,269.95619462189353,25.366133307968262,12.453752819381723
669.7699558793082,269.06581743895936,24.91764090222231,12.74779055717547
671.2057381176691,268.86792225628085,25.00487364191594,12.448262998509843
672.8219966654457,265.5078171654534,24.556503332098764,12.658072884907128
673.9727709463488,261.9874216985929,24.70945186921542,12.732199504358096
675.8171166202515,258.871998375749,23.734736904619318,13.370478706198279
677.544877780681,256.84011339410677,23.29903956544957,13.563489659167777
678.2933902289346,256.421003664177,23.113407691479594,13.67033449763596
678.3140378172228,255.75677725311596,23.305254697134174,13.329154646494572
678.688006972519,253.06501054997514,23.391748630842592,13.8131070972708
679.4411560895785,252.06592313563712,24.09819344062309,13.739471203595745
680.5500836447281,249.19086052060945,24.31585182672287,13.791156358730479
681.8901975708308,248.25277488649016,23.858877224639706,13.89412365796725
682.6184825132866,248.62504487822247,23.748324700415118,13.753297425341906
686.17066362477,248.55634331066736,23.424265955689464,13.68248118126547
686.899589199337,249.40386902148296,23.269248959730703,13.788887522352477
686.4180260299671,249.53017502269142,23.50459388348496,13.818197323886796
686.9214206970283,250.12596901319225,23.476598289634836,13.670702832532092
687.8990740413856,251.10942258128048,23.41886876747776,13.648008490659475
689.6740235791765,251.61625718446413,23.103360427522098,13.832596253744086
689.4248640966464,251.2114849050509,23.111085333353373,13.806677109891883
688.2573759954,248.28552531892757,23.623845740329145,13.680827860965444
687.1435522211431,247.36881148847408,24.28275458988385,13.396830080130485
