344.5,236.5,8.0,6.0
337.3901925086975,233.8874813169241,10,10
331.8620300765235,234.29949094355106,10.686608220060805,10
325.7294781666895,233.2759958654642,10.682720569391975,10
320.4491565982291,233.31528366357088,11.11866888209409,10
312.4589848281764,234.95129311829805,11.05272488557834,10
307.5555260813626,236.68888951092958,12.704694144647888,10
302.6418892171181,235.39957472367996,11.863919968168624,10.632321319303628
296.722024395563,237.081367559731,13.615867705150919,10
289.09789813250427,236.97029956430197,15.032244430181926,10
287.0361412743434,231.09797509759665,15.425413612583329,10
272.71802355481174,241.1024026706843,14.509320941905505,10.663948732608844
269.2181758514303,242.94611183962235,13.762800528355788,10.680465064227402
264.8559733201326,241.48218425186244,13.411500062691946,10.637720826829135
260.3292268847003,241.43487767460948,13.199699812218636,10.643746414124836
269.30784060678434,240.7586365182004,12.968891816903131,11.283582898219073
253.39009077874863,241.33062458783388,14.420753091016547,10
247.8191028255792,241.81749608452589,13.443442460184986,10.324478356332179
243.508364147523,242.02282896902443,13.550806390088884,10.293746123387804
241.00919602527674,240.08030982055732,13.10327509612926,10.488895227740848
239.11164630557641,236.3619756091274,12.658213116615098,10.891362982265726
240.07844962126978,235.81484456663318,12.407371611456707,10.86116580059156
240.46221289146962,235.38572034606742,11.871119601348617,10.842823095730811
243.7475856795237,232.17522754745715,11.688251012697735,10.580865825672255
246.1878460616757,230.3524232045457,11.541976979198116,10.37855480896528
250.8327032168974,228.6781209781766,13.087980823662022,10
251.22504918555737,230.1433250978589,13.304248282704338,10
255.66007188325193,228.02269748940438,12.006891943711723,10.498504095388057
260.4037473002285,226.29120627126392,11.642360056596967,10.304218484336245
264.35936024729466,224.87905644803828,11.40976546815918,10.113457705982805
267.78004068274157,222.47939563542604,12.389572066290064,10
271.18301676519945,222.380274631083,13.497367688849835,10
276.14504618225794,233.10707650333643,14.451862245235777,10
279.6534190189637,229.9268485084176,15.114225668351423,10
281.5403485925328,228.34173426777124,15.701906361911497,10
284.86673843890634,226.09881673008204,16.12602524399351,10
288.36545934884464,222.52939043194056,16.618220322157683,10
289.80030721388346,220.89269647747278,17.020225451149773,10
291.1873836734643,221.0221276259747,17.670862437536186,10.080870349938323
289.473707189564,218.03812370449305,18.312519614092317,10
289.51039466531347,214.15604624441318,18.69822580573419,10.25242567974226
289.22626775923254,209.75602262515838,18.96035642081739,10.402297823647354
289.75434522438053,204.45800557717854,19.649451596379198,10.715730563100703
290.4863550727365,199.3343028046283,19.78469568693683,11.109915168564958
293.11962999173346,191.97118899740173,20.395333577824793,11.284797911497105
295.44628531379504,182.12575956146378,21.194240989426717,11.553369796068315
299.2262518109391,198.1763215922346,19.037925377188166,13.66227533657744
305.84894055866727,188.16921844205666,17.711083114275787,15.199240120820015
311.8114805033421,181.74165298711833,17.213488690929488,16.086055906184956
317.65050360145676,171.05140869395157,17.26782908375049,17.06210265902239
306.63743593232687,154.66922572821935,17.624425924085436,17.24306023477395
306.8871806948844,154.18389787309806,17.62798237513233,17.23939452005546
306.9705591334513,154.05885661366608,17.626229214944313,17.239218533575034
309.28452781358743,149.30766711871377,17.581088905148057,17.147480358867853
309.54373890696604,149.3826678106537,17.59174037399611,17.132579891015993
309.7147078731211,148.68876776790194,17.611888141721106,17.102527693995413
312.16457552111007,149.01283771853343,17.714060194375946,16.95874828973023
310.63506696191905,146.60818804797034,17.773276392271534,16.870450317929148
310.3372734356305,146.12374960497428,17.76495663456497,16.869625079325683
307.2215151226197,146.19155886698866,17.81650919503489,16.785705247439836
306.20156246649753,145.8829597737778,17.86960561121441,16.708874996723967
305.2734204350519,145.79794550949975,17.862477889933643,16.704676421689086
304.591932611101,145.80876158622993,17.855341953171994,16.702035880126708
304.5069767756195,145.5835704678587,17.85316199105368,16.695115546526143
302.28194012203886,143.1306894467854,17.80985856634231,16.667883699817743
301.5641119264437,143.38129089086507,17.803039757833343,16.667669533505933
301.7386770830382,142.5331530626263,17.784239965512484,16.663081470997
301.37298552172575,142.6266331094195,17.77575468565632,16.661924105348298
301.11028430797535,142.43887391403905,17.772771473966504,16.66167168884295
300.7388495833499,142.505697789194,17.769901880458395,16.661503801938313
300.11483094058616,142.42503199692155,17.76752527133255,16.661457643596645
299.51166666096043,142.37401020665254,17.765155200251062,16.661492262993544
299.1151533560437,142.2889869826406,17.76312993735423,16.661235783523377
299.2218270954801,142.36079922866764,17.75895607822875,16.66180944091195
298.70710690107126,142.276657953079,17.75632571108782,16.661831268736837
298.19671458895635,142.14485445702914,17.753764626470605,16.66176307777876
297.62375781419865,141.9346141407532,17.751520698607173,16.661615639499324
297.19273701659165,142.29806822958417,17.735614188485926,16.65996509695396
296.6954590894517,141.97214792837673,17.732474119914244,16.660747621556656
295.91623377949315,142.06936827462525,17.7296291112837,16.66095057553825
295.49503645947715,141.54151323292493,17.725295664844072,16.660554806811852
295.2127109585258,141.36735387354196,17.721569887190473,16.658328298050126
294.4629668775575,141.3084798349459,17.718418040200767,16.65749920039994
294.1465241614333,142.2248553541152,17.694344713618076,16.670117501050566
294.0041465609386,142.38074079702622,17.68761016446075,16.6692689696883
293.492039259319,142.2038567236801,17.684674136748974,16.66891391143398
292.70607869601815,142.19610055023225,17.679569253791033,16.667881383572198
292.14332777984066,142.10137030859417,17.67757532045988,16.667691316363683
291.53109956548377,142.04350375676094,17.675293534680904,16.66762099203587
290.8045888061629,141.94011843929005,17.672378621437886,16.6668940898416
290.19859100910304,141.81228828602937,17.6699465059781,16.666750096054706
289.6263067290435,141.64064198419092,17.667601060817628,16.666375401176264
289.01203822620926,141.62407872857176,17.66535031242735,16.666188667833353
288.4243838250913,141.63249869683716,17.663112732712833,16.66584820222195
287.9015191319946,141.66316006380026,17.660855849909154,16.665627363121413
287.17687360366006,142.41601027005365,17.657996919357366,16.65732437340517
286.5008378398382,142.368811752723,17.655558258898402,16.65728503077957
285.9766785191658,142.40332282867698,17.65276591734835,16.657443129039464
285.3928793614678,142.3672568150016,17.650653000558915,16.657162874161735
285.39907331016855,142.42190406052154,17.647672661635895,16.657771107745525
284.74475755269935,142.38784170191224,17.64535127473408,16.657529401714875
284.2717944600182,142.35875186132793,17.64237687969014,16.657700497758302
283.75218481510746,142.30323364950775,17.639884004632812,16.657732732741884
283.25447939584245,142.23578482029993,17.636575925793007,16.657551156318995
282.63834240582685,142.15996675148588,17.634193452691576,16.657424555123228
282.1300585707882,142.19541698833459,17.63140129572715,16.657573086218992
281.8687142618753,142.18160936561011,17.628759131616306,16.657599366296658
281.34585262189705,142.16660780290286,17.626446313092625,16.657354427163394
280.8935320786047,142.14472912801352,17.624467970088926,16.657199045830993
280.29169992400244,141.990094478578,17.622315891163332,16.65712664581714
279.6372244268518,141.9485559047756,17.619972806637776,16.656907300726143
279.3258648735871,141.79423342708645,17.617785730878026,16.656610951420685
278.9454101067642,141.9208370726372,17.614901498025198,16.657046755812523
278.5357921169547,141.86506134920296,17.612809314497238,16.656730752503318
277.6891021933876,141.84392551376965,17.610669952723352,16.65704516046653
277.2574226404831,141.77103069644212,17.607891315536097,16.656857134107966
276.72595650697565,141.70920711399356,17.605774649521894,16.656597001155447
276.0654094151645,141.65569225922326,17.603523410399525,16.656694867832485
275.5099170023619,141.59471169710363,17.60121911819154,16.656735473494606
274.90242916915867,141.558500972003,17.599041950659366,16.656347451015776
274.27199470047253,141.54803874636934,17.59667734558936,16.655994362851086
273.6287635009614,141.55397039054583,17.59419287762249,16.655832655566428
273.0269372579052,141.45644447067434,17.591958642123828,16.65568800084932
272.39096152112,141.39664277890617,17.589667952989757,16.655550264941276
271.7694022835771,141.3119910847439,17.58751724873141,16.655395517303315
271.2299493835624,141.41345149865174,17.584937419679047,16.65510585010451
270.619626625367,141.323544405824,17.582686360142137,16.65496593908506
270.0055146278833,141.2671442016742,17.580368410605697,16.65477815852187
269.4731063388143,141.2438715119527,17.578032250172516,16.6547352921856
268.85807597382245,141.18629610848723,17.575407175789223,16.654575422720647
268.2776464312504,141.11943704677705,17.57272637445871,16.654687171877253
267.8010216647403,141.11202498848237,17.57051541868273,16.654289859409197
267.52151636668924,141.14342385059388,17.568363900641383,16.654035162289112
