76.5,291.5,49.0,29.0
91.02680013776501,290.26722190186325,48.294870412336195,27.257342628539732
110.19196866391847,290.52796311780656,48.040136845136686,25.6362547555597
124.1317781515599,289.8218118208338,47.32904547300326,24.978826590838267
142.94805186904654,289.7480396522405,46.444899679875654,24.091046831345153
160.23885536150112,289.30599623410166,45.49605178920481,23.646867285405353
175.9539456558228,288.3479981230934,46.17647453308098,22.820802607687376
188.35728448384748,282.0561485457324,45.388651018266984,23.695476379413797
191.98484113233067,281.2581113973143,45.750110101366495,24.262595931911022
200.1882650437135,278.2974179753707,46.94787462906469,24.7056063872484
216.88503052477708,276.2119680942875,46.8008417748477,24.505634128693387
229.54982474027247,271.58200660165176,46.05424208287061,23.2983148730591
241.08923519590982,271.5443144139499,44.78375742953047,22.547825694709864
253.00014083576565,267.34960337479595,43.44650044059027,23.34032108386988
262.9993230955641,267.3759411111898,44.49432236813695,22.835369083200558
271.3445543052333,267.8547467110631,45.28936982123501,22.727945363903547
278.60940542099934,265.54136218798084,44.39521522764241,22.864535825015686
289.22987356216174,260.94022506876695,43.28417892395535,22.389374188504405
299.92569752986464,255.76232639186304,41.58146531472143,21.427493090774178
307.3830446834569,255.32984259513495,41.92285926437283,20.416476015498663
314.48837407966704,249.92388034939023,40.511573144987224,20.863086977019854
286.2699697288763,246.89767701928156,40.392633860728886,19.81882968536345
315.26137228613106,239.3241407913872,39.565918528934205,19.31943683963845
317.96734792481425,237.4331624029895,39.361132492809205,18.65995541834426
320.8841428432062,232.35058264262943,39.29968554314084,18.224672052711888
320.0896779851287,231.90978416426327,38.605204233294955,17.51537049565023
319.11371538340114,230.41732294988486,37.36764102580024,17.182494309905092
320.1416355503547,226.87230657574753,35.53501777689702,17.983549435193925
319.2192671915515,222.67115901705503,35.17037625201068,17.546648347439767
316.21903035452794,215.05487207890457,33.29064954001048,17.476795885544874
317.40126667400966,207.78534718470326,30.046408708278943,18.927546876340113
312.06609605450745,204.4512727109604,28.851872246477654,18.27715143600839
310.13626476157395,204.00447222911,28.610056732521706,17.395515435483453
306.0636575306864,200.43358540977428,27.621750114279735,17.196595600339002
305.0077919294878,196.49055769454426,28.04063692580784,16.767812621375192
304.54468123111474,191.78526613738728,28.658533896141357,18.11596726126291
304.1395622887944,191.18419764496653,29.696538175397116,18.787937262499927
297.0902542269343,190.79339284351906,30.83540507731559,18.741885708740522
292.1379452776877,184.9779125325976,31.806353885537803,18.85034629243647
284.0597263238833,183.960489494637,29.784038893976675,21.142709974377702
277.544609559229,172.52785404852474,28.15859844257244,22.39598707692933
268.9303873179784,163.36140865849927,26.41860000820347,23.01037771965116
264.67469358046714,159.21984757879315,26.498136096202025,21.92048733633881
257.8118341179438,156.6527148850682,25.763812067757442,21.54553689203211
254.4514433534339,151.66174431522055,25.1955125001282,21.144345097157114
250.40501316904135,145.61353473085342,24.59989058436733,21.02899993025902
250.8606725315104,145.41289506716328,24.149948645661254,20.547882380827318
249.79615815699555,140.8110433710315,25.785844803443425,18.079435161213432
250.08049865338214,135.3413483100569,23.970655927598333,19.029527416341327
250.17608934596535,128.02712158872552,23.29767884402756,18.862959801875224
251.17211854953024,122.4796101945044,22.67554379009301,19.350438645004953
249.74386442738668,114.43195717385383,22.705780500414033,18.52002065676507
251.89658900333163,109.71176007823792,21.899721712217378,18.604545554784004
254.1927276939602,106.159050621696,21.379138228207584,18.119637204989417
259.0904708561052,105.51308283150146,20.938835505296993,17.39364180088141
262.1266281915073,105.40932340241224,20.664965582417587,16.73341359065472
264.0284872118845,105.19287576337996,20.826309444663075,16.216941703153807
265.8678034524911,105.1807772338911,21.6380453296913,16.17912980382161
270.7458675663992,103.69910235252914,21.228432757392614,16.27519741436965
273.4213765453198,100.38306254077528,21.337213135580555,15.899156977910298
276.23889405456106,100.6211466121996,20.867097016634197,16.273434522832538
278.4024393999735,101.62052298251271,20.687045262424228,16.693795895060305
279.9665295506478,102.52599549797299,21.56736887495502,16.76750121375676
281.88988884144584,103.72550563213285,22.792289831170233,16.398119951098032
284.48713391537007,103.82144983315919,22.65394392084011,16.655522033235354
284.14042780232745,105.99736098192697,23.700361198538218,16.25489354520905
284.9420805261417,106.19903707269773,24.13781674486726,16.189049595068983
285.07612788420187,110.52783235862731,24.332786460891086,15.882922341080935
284.97946499518923,113.13496971381241,24.453363324555294,16.155612810154096
281.6429963878651,114.11084704766422,24.940953458972842,15.884334211900827
279.937746289101,115.97112298150695,24.50760495120928,16.168785796516406
275.9938074970242,119.04255630010861,24.506683344841655,15.687678059001806
273.5079373938906,120.0242628158731,24.145866826560564,16.324062514731747
271.16273667962355,123.57553268589548,24.399051496366553,16.34265896319405
267.380410094019,124.9122999337231,24.857081017978494,15.46351884143255
265.5258619633114,131.54789505952158,24.96603313152076,14.996617453971329
263.7804956780967,132.1486583298968,25.084816982925528,14.472910761281526
263.07739311626835,138.79262923245471,24.85427033560903,14.382883079700822
259.99768512469376,145.78956720325513,24.754864354494302,14.321811245766003
257.4546130038776,152.420576124909,24.4460243508263,14.268184592033517
255.4133182576433,158.8579860792538,24.69425133642847,13.793649450494748
250.70010100929048,167.158831373988,24.700671451725423,13.957318739566423
246.38468300155193,175.6032768872929,24.793886922768927,13.813560159245636
239.83008576837835,181.5973729518691,25.05421015803699,13.02784167053516
235.32690055643982,185.80766535709014,22.980721802006812,15.071303338364539
237.7904172288314,193.07148197424533,21.67157857677629,17.97548048308247
238.00855174758948,193.31530324521302,21.051295010270344,20.2639545507205
233.2349807906282,196.57296722080451,21.292410465452612,20.644492993580478
220.4117260826672,196.7057911316455,22.294129231960625,20.108870940178512
224.79646900631747,200.22076439285198,24.566560231889067,18.074264288218465
212.71808786945977,200.6813723638827,22.870075816761716,19.642023394222154
206.00164057562506,196.5379024969257,21.215560431286562,20.95775360207412
201.7840221531048,192.837920487508,20.941750912496538,21.116650211394166
200.66078576503807,192.41604343813682,20.74856099369898,21.897992022096595
197.42270594586827,189.77223830943998,23.0307308783154,20.926772685831843
194.8860277513333,189.95263168650877,25.454309854970788,20.20661155754304
194.34399126914542,186.4687172176976,26.09873839323916,20.34226047197204
197.39155942159368,181.54658388508153,26.679789603601392,20.74977291051958
199.78998151493056,174.89981625017617,26.73838031148943,22.043287199495357
201.7317758170984,170.66097763302486,27.368011540527803,22.102378656515263
202.48962811316682,169.28410590671336,29.220174895015695,20.83162698432139
203.54420991662317,165.56887142873222,29.20506765597711,21.798237812689628
204.11730315488336,165.10400029730823,28.847668961648978,22.425702987372375
203.03113533199937,163.8973636843025,28.227699614741177,22.76554448311346
198.0431974872018,161.53331260337862,28.56651323158239,23.465833687197495
197.71707280434103,161.09664226612125,29.137277988951773,23.494237752444064
195.51095297650627,160.72553519485493,28.996116651274114,24.359031849541267
193.46696939762344,158.77111930246116,28.664921535632786,24.148524645070985
190.6410448991162,157.85978351599928,28.989696481744005,24.1148282723237
189.23719037835528,158.6209443310938,29.1815050067558,23.53306614855099
188.42504339352152,155.3950601043555,29.399980156423602,23.222279002814915
189.09254732866546,153.8226851894939,29.558239464671185,23.203716874225123
189.86256678595305,150.55164431922722,29.31504932405234,23.8113718302431
186.73662587222796,150.4821967667924,30.283336543195592,23.413560308697456
187.17688661721203,147.4949048002073,29.895687798026117,23.05663417488161
187.06714805320098,147.08242825737915,29.988031392689635,22.78708314257222
191.55981112275373,143.2523234324219,29.93214670561052,22.851707446264786
198.08362971735372,140.18540255584762,30.831872416190848,21.559604871105257
201.8426915616729,137.22932249673985,31.15024746488769,20.74585480255321
205.3771460747908,134.08274150007213,31.117721113822785,20.5447793729455
208.32318187869652,129.90457234946695,31.10675969735656,20.52826248769349
210.54227760210324,126.12917555374632,31.151610490685954,20.38597088550071
211.3137360585044,126.61930059156053,31.235542633173843,20.247534851009995
210.25444900904213,123.7220039205398,32.335882717587246,20.613412010342685
206.5932487650823,123.666967957509,32.63486048745882,20.17668886623295
205.73871930960019,124.08333390173696,32.950013997193224,20.06815794175103
203.58904804835203,123.86446961362793,32.283558618535935,20.39632866582009
201.87197572942432,125.03533099378747,32.89346614816076,20.57335061260856
199.89089638655992,128.71076825178378,33.48441783506449,20.621335120663765
198.42435164846717,130.92296059963252,33.53121699943665,20.374612797555436
195.44156049661467,130.64177430571,31.032060457316422,22.755926740152063
195.73310259354494,132.54955381099157,30.562897115997842,23.24097254984034
192.44029467616048,133.7464480996086,29.724436870444485,23.70123556257208
192.5018807911636,133.91598416661392,29.00273691092701,24.303775553004545
189.8518200624989,133.86044025851885,28.53754045138629,24.58476654323735
190.31353028572443,133.5527795725814,28.07828405336854,24.67885775392227
191.1036922994044,131.5799834230698,28.18906431887815,24.813381994931525
191.4288837423011,125.81804913690367,27.988791123512506,25.292057848757935
191.73768451188315,123.02915262847146,27.70861317715429,25.12209962966042
193.79299940612685,119.81910752941121,27.69566395736193,25.087229004721856
197.79010032445203,117.6938628448345,27.456857533156665,25.194096929173128
197.80168972605458,117.85251371660375,27.945647521436413,24.900825040319692
199.6756609263745,117.13108501545457,28.32207712625923,24.781289730978628
204.84039119567265,111.45290942354227,29.362953120255693,25.419801673775435
213.46065837107304,107.01214931135368,29.242959388351366,25.71258536403394
213.96863653209186,107.67314541648837,28.967549888861612,25.653832299043497
215.00726857014942,103.90019519242483,28.314100347887514,26.63758036145891
215.87220053926774,102.82467360134861,28.1844619774686,26.482674809327897
216.86663055709496,100.44691385423526,28.49714231656999,25.64204819683463
217.4855189565103,102.70008065812047,28.564645845536212,25.948464928572264
211.68853216730537,104.23320834842232,29.309502144893354,25.455419787378965
209.2689127982194,106.63184189717319,29.24284755725965,25.343002428951927
210.04403086538386,108.8875673642104,29.952323642169013,25.079303207676595
204.50831981306158,112.36039053115178,31.36512681981162,25.40342129716419
198.5055235969515,111.89234400395712,31.656020460527913,26.472338146633696
198.71376952837875,111.35592017932125,31.745189310392306,27.397699526431413
192.4189877951715,115.22046237268083,32.854730346386916,26.940124787081636
187.37143781000202,113.36837756449684,33.28132655543436,27.288854502097667
179.69248258149167,113.62217902021544,33.67219122845847,27.620051961353667
172.82013577158745,114.2013248884513,34.42349285760528,27.66000789600929
169.54098423583264,114.96041240033969,34.238597057502346,28.099623366197648
164.1770769952608,114.66134222110496,36.29373449854595,28.330573810679
158.49025352870322,114.35059199205581,40.03000560005711,27.190676072556887
158.67262640153513,113.0323178045184,40.830075399475376,27.262510731124763
155.77993774932992,113.68657244045552,41.42911284869173,27.051855239043316
155.13064707830333,113.58581757682445,42.72419923956939,26.943962798508355
153.4856232964508,111.68001349882606,43.104413848867715,27.205856150809467
150.21237146353528,109.06294991869301,45.074322208302256,27.092254104990353
146.92390696840613,108.17293985538612,45.56575143507178,27.203005504301586
145.67942306950022,103.64298981802021,47.214271032180946,27.98401496929219
146.76759569157932,99.45321739327844,48.3952170096414,29.207232094318964
147.24551914154642,98.41643285186721,49.21619982925061,29.288596749422283
149.84290060611931,98.31517541233032,49.62102910896715,29.71976195999325
150.7053469273024,98.27220512318485,49.094144407847025,30.11609655717269
154.34981896353338,96.09726479493497,48.37036728561091,30.55822660713556
152.75302899133519,96.57486835394904,47.932266503002275,30.538219107446963
155.91125852251923,94.58537232743085,49.047002699728424,30.749220809760082
155.33330511739587,91.56055985913322,46.1107020781819,33.71261189206152
152.5008585419999,85.50653606766335,42.89009622842457,36.206557111414845
152.2759587536518,86.00189150144327,43.101792147159884,35.79621649121904
150.10057319969656,84.08691185892647,42.829120605229015,35.29610528064718
147.7705253691191,81.78448135214771,42.62083619665127,35.89401353160092
143.9670065514588,84.08205921380346,43.63927033542035,35.43458473700038
140.60597251003617,81.93793419890356,44.13191251113062,36.857905567581405
136.33992406467186,81.35879841089559,45.423518488468105,37.14150222732998
134.7351802337455,81.42988068023999,46.460096890524724,37.464543507055865
127.78008254631555,81.24002095744885,45.9162259888343,37.98479182524726
121.7185972665115,81.8379352715531,45.54367977140385,38.0942548497182
116.39348149587323,80.24238683545386,45.82078146801483,38.38901612011007
110.0632446639745,81.08558991783704,48.12076051816483,38.428054868254144
104.01999971448748,80.27247400592447,48.93400365200216,39.40627047770859
99.4655501435222,82.81707873878231,50.56056579594691,39.71689564486642
96.44008090038108,83.10172990387157,51.484467233889305,40.32797687772958
92.31540589151768,82.86638481962007,52.443085344725205,40.484613272352576
91.85752985071503,81.96627149256639,53.84740385475344,40.792923508384376
88.50413126619785,80.3522256560601,55.21475781700072,41.6245360516057
81.55218555601232,79.82292538743906,56.56085180542594,41.764325625217126
78.7948045030872,76.8066935003286,56.429292137747126,42.6657645619441
72.15092650694731,77.1350498036933,55.853644809714424,41.60159308361172
63.346003556599776,79.86829598810314,53.31600879207453,42.61867653571489
53.54501283154426,84.49033401195294,53.725866829099616,43.011253434487465
42.567520744815276,93.13648790794377,54.064054509027315,44.14802851298917
33.151492334758004,92.98851623748752,55.464352448526625,44.906848889042706
24.14424391951036,91.93595415835357,58.131684171294864,45.794214034134626
22.86987905282507,90.9898952275714,60.514991196869346,46.85951581369824
17.61825318337664,90.93112222963137,62.84013567410849,47.330390633621555
10.50993428729334,92.06193262193128,63.055651945278996,47.19315496750626
5.254988074792259,90.29982222896196,64.98413205491251,47.68419027141974
0.6515406284703573,92.05859760302057,65.75618388420182,46.69364257315297
-1.0198828963804516,94.45506562989573,63.24199291281579,48.376126994408764
-5.939384151039032,95.92014889346036,57.43550572944496,50.35700697225385
0.09798848378049385,105.06679927325986,59.4809177016272,45.95707111896589
0.3965014722446334,108.50679670183615,60.19288148795881,42.36889154272762
-1.4769525615799957,108.89627781780077,60.1610787134755,42.19254728984807
-2.963479703199109,109.32778226338006,60.03192628971299,41.613117509788744
-3.3131603921671697,110.34042914338028,59.9884317611626,41.29444337011148
-3.7308513015520575,114.10175880790874,59.97346397484891,41.26297399771961
-5.369394271398821,120.5458915809013,59.92979610175252,41.280302323804804
-3.0555358118246723,139.52099698602515,59.09871647928086,41.705915488166475
-15.292518825529374,146.842207622534,56.68525040830159,43.77152110113508
-14.525607066315832,147.09755547123856,56.509305574872066,43.92189896920905
-15.119856480983088,149.7246907827734,56.23566110224277,44.132638512307636
-11.783533100969048,150.47894172305254,50.912293745901216,48.48471373822512
-11.913125377571482,141.20419232703802,50.59681674620005,48.801758230327444
-11.984829806352316,139.23330988414935,49.92356204051022,49.4282114458014
-12.26612484620496,138.7912717577152,49.353952952010246,49.93556738941219
-12.864273089065584,138.23070019493224,48.66740415517687,50.496531579450334
42.915072773268776,138.1355300655582,44.247346158535485,54.31243140660351
-0.48517111858155104,147.19040933714368,40.52117683774396,58.06767072720212
-3.9196513834948377,146.1675989569497,40.50389116319431,58.07930539597634
1.4127081957468093,173.57983751757791,42.313760398876056,53.877035916321475
0.0964066635265759,173.24704324807064,42.29780127039965,53.88496879899829
7.804314496204817,188.0561124360348,42.633488595765826,50.48320195932486
6.800508319864658,189.23787435662223,42.6383839303187,50.47586093179438
6.3275914098708235,190.4107635114849,42.64241721558118,50.468685641783416
17.928282550675746,206.06093721747277,47.891445776866846,43.89592306867486
18.627970913961395,202.74675681653258,47.89113192222853,43.896076186992005
17.272555029185597,200.77162548181667,47.89324229247288,43.87927447577804
2.056908922731825,208.78946410795743,49.740912526620654,40.25067787382616
7.699270565926156,222.12190282580255,49.218305672421934,40.48465183278923
37.921500859916655,216.0980578160728,48.48167360616945,40.96618737226824
22.353398593613043,226.18001403435468,46.31447619175519,40.35340523050427
21.115404731677952,225.8874758600167,46.3139102371128,40.35412157570888
19.222281638754783,223.51146804785478,46.313478108750154,40.35499755922459
16.762718119674123,222.24626743167985,46.313007044341894,40.35528271033667
16.14360797445987,221.4480801454474,46.31243253115102,40.35545896241281
17.73419022584709,221.1150744537067,46.31143522655773,40.35550913993484
16.587379425230246,218.91068423791077,46.31097013307401,40.35579939055748
16.438959739617943,247.5743503775257,45.91662015560095,40.51669114086867
12.702448569514484,245.0488068117769,45.914636392292245,40.51990811321704
11.132074837296326,243.3786324660505,45.91313737197209,40.520908965314376
10.578871515180921,240.11463714160237,45.9101325381603,40.52348419367841
8.859546527010519,239.43423285036843,45.90858933823157,40.52430062965432
7.2597979615271555,237.77734098351345,45.906867625738215,40.52505936565306
4.8429191965271805,235.71659074697826,45.90184332208948,40.52826941437655
3.762022430002098,234.05366238113925,45.90057404424182,40.529296806073475
3.678354547244055,233.27243688493076,45.89938891213103,40.529037394094395
2.8420274017982337,232.58897202625894,45.89724984040518,40.530147776454214
3.841151578930692,232.50307646056044,45.895336515742315,40.53071049903775
4.60161080870887,231.54098040460792,45.88967720287633,40.533570847675264
5.88798814537844,231.25226860301828,45.88572703202437,40.53695260744024
4.228683802063589,230.56195839983155,45.8500907712206,40.556384959728895
4.160744713388006,226.22441860674087,45.8183498841215,40.57934586304897
1.8229094547352958,225.53744236447514,45.80148881573356,40.57293631373644
-0.4305490385236084,225.5777454967579,45.785489962102446,40.56629918981973
-0.2620933383391062,224.08845175926803,45.776793356130796,40.56871993964077
0.29815142955938967,225.30342139815772,45.769194659910525,40.56939441804123
1.071507582614025,227.45101997955197,45.757619887942795,40.57646051514038
-0.8701834446117864,223.73567352003244,45.71577477717225,40.614925307653614
-0.9924570386358518,218.86353083150533,45.699365528824735,40.62971849720783
-0.08045449832539475,213.91515175027422,45.68368085130288,40.639685430421984
-0.868716048818758,219.39232279382438,45.636428350902584,40.67802770764054
-0.046216469213195666,222.50577974662505,45.627817255122245,40.691408258521086
0.8169248510377862,227.92891889485503,45.615634617862774,40.71408080587218
2.3213848706258027,230.91756898816195,45.60067710500815,40.74327037298152
1.9269872979263738,234.07113536521592,45.52153730816153,40.811173858497554
2.59735462822632,237.0567751198911,45.49934596249541,40.8455677576555
-2.232033489174235,237.96178406342523,44.89280714144935,41.38811182127088
-6.6633383970891735,240.56778485253676,44.525958148380305,41.66897818967253
-12.477630251882925,241.14393953940515,44.225860484371616,41.91793324502814
-12.603645573332912,244.58100758428753,44.13277776042932,42.00686564052343
-11.253303950025177,244.89901361659585,44.0061244362992,42.11522260590556
18.293784307751004,214.62453497141024,47.79292173666481,37.89621267215567
17.758134303418437,215.61889755887472,47.75597339232549,37.916156873600045
11.281993415350286,216.2483784018079,47.70670735504626,37.94136963002488
0.5492501919219528,217.43262101452052,47.194483078025975,38.10257085555792
-3.4509777348967603,224.19819814317066,46.361933026512034,38.63599370091881
-7.346767484345559,231.72738606740214,45.115109968036585,39.768074242836676
-11.945489026570812,235.83140446188463,44.46549094158621,40.360349496108
-11.42909328342689,238.22486532114578,44.301027728594725,40.50460539370512
-10.867043406625722,238.1715428701442,44.24087648706972,40.56423149205218
-11.062856978271085,236.1701591395236,44.22819465561756,40.57864021725514
0.014080365109300885,219.59834289723455,43.75732625547788,40.78758413371806
1.3163079629445882,219.70295598655625,43.585267233284476,40.86059774980579
-2.0777099429807,221.579485758457,42.15094148049882,41.85264585676111
-2.410971197620114,222.01833692818835,36.89756643347272,47.150886415095066
4.384396596699798,210.3885826334896,43.74963899607801,37.37578425620154
45.99108732925184,181.4954231058985,43.99188497238017,39.454785959088774
87.72954898302666,152.74082885826544,47.603149836217256,35.88806960816349
67.87951805847817,156.2804618299959,45.427772995128706,36.59625588561937
72.81502982687425,157.39005209516426,44.41821395876376,37.33750454687198
