657.5,257.5,10.0,9.0
656.1697228382204,256.554816223681,10.08264902627991,10
656.3481471245112,256.85576698243597,10.130847751175853,10.03681851804302
656.2514099180698,257.14190770986403,10,10.266465285366278
656.4544558227062,257.1564776454103,10,10.410131170604224
656.3909543901682,257.0286363638397,10,10.412162710834346
656.3701132405549,257.17497773809754,10,10.290610559910075
656.2671097982675,257.2693571198592,10,10.293012087820058
656.0161777317351,257.43389354257283,10.021923331205983,10.215928905040107
655.4971142727882,256.7642205454137,10,10.319440062398453
655.9247177261859,257.0525581811592,10,10.343706091299666
655.3917432944779,257.5467047468222,10.089851458459123,10.104871332566578
655.8958769107822,256.9348701857461,10.104662071424038,10.248814116332268
655.5547968142581,257.50987834483385,10.108122949877952,10
655.6154655572665,258.0303963497281,10.128550670913455,10
655.7941775612219,257.6338624730706,10.05637190273717,10
656.0750836003572,257.8066638484597,10,10
655.7444232408558,258.21702916175127,10.056181225060584,10
655.9852911758949,257.9521239474416,10.112268912835944,10
655.5615483706696,258.6128869727254,10.32500672007551,10
655.9319886065949,257.98938035517483,10.253097488745174,10.025078558930772
656.2625050441583,258.7554937675595,10.2272572462937,10
656.6195331754751,258.7726850025356,10.192830845968597,10
656.0848070154266,258.6962865628302,10.112672646656334,10
656.1332996115088,259.2552531994879,10,10
656.0675727650523,258.93333888426423,10,10
655.7131497189403,259.71150321140885,10,10
656.2190540358424,259.74270267412066,10,10
655.9790735319257,259.86832181736827,10,10
656.4410732761025,260.32363764569163,10,10
655.9410649314523,260.0434070639312,10,10
656.240474767983,259.7024083547294,10,10
655.7652277722955,260.27585796639323,10,10
655.8714891672134,260.2330073416233,10,10
655.9003076763074,260.3735796958208,10.126943516508533,10
655.4540600205721,260.4898623228073,10.29170754049973,10
655.2520957738161,261.1471897959709,10,10
655.1586510539476,260.5236538052559,10.04691779605082,10
655.0775326266427,260.9002764225006,10.421158373447415,10
655.6489216444236,260.8017414137721,10.290791813067134,10
655.4987791122048,260.8441126868129,10.305517998129378,10
655.3106911513432,260.93578070402145,10.253477432683201,10
656.059998335932,261.364638954401,10.213385860136537,10
656.497679531419,261.9283919632435,10.304845497322773,10
655.9476379258766,261.87301939353347,10.70669373306933,10
656.2636727853132,262.3855756483972,10.836618018445748,10
657.0895850559587,262.30383348837495,10.815049772359176,10
657.6308278426075,262.2675090841949,10.876656162829583,10
657.6855622890578,262.29747547209263,10.949809836748038,10
657.325441995502,262.54825891554356,11.352722656249014,10
658.317681160345,262.3874759825801,10.893690741510405,10.008062421732177
658.6725456827875,262.692650064826,10.707759685517146,10
658.7040997636065,263.0402247160673,10.304002187302878,10
658.8859024394794,263.11406376957893,10.542854001274815,10
658.9650035474675,263.29538210281356,10.383957669827073,10.006082225866635
659.3440055403502,263.4999841357652,10.151662121027918,10.027710426770867
659.3307437823219,263.1420601747658,10.001596297112787,10.177162768001129
659.6951541356684,263.54423600388054,10,10.295781523933329
659.3615585915686,263.35156845794353,10,10.357806717430888
659.6239083759428,263.21023602036934,10,10.454245179925342
659.3881153516413,263.8527115069248,10,10.552130787090935
659.7324511460902,263.83348089579374,10,10.756846887397131
659.9920290760638,263.5115811380443,10,10.779933764994807
660.1718233279826,264.11143577798873,10,10.819557518667636
659.4325847081782,264.03165167197204,10,10.798850663013944
659.2320515565516,264.0975081376733,10,10.927161236107047
659.0148902532021,264.2472357337236,10.066650431529922,10.979728721666412
658.6966356249566,264.2793097546532,10.093884645010348,11.072757293614902
658.7269942774597,264.5814589587038,10.328531064235818,11.124016517959948
658.7263912893734,264.57692469183615,10.214092630155783,11.238840731004629
658.8263670040316,264.54573012078504,10.2352253783335,11.354667918191398
658.3704260809811,264.7043974391893,10.191260557144645,11.41883438979086
658.2850303509975,264.9850908320626,10.307340384681378,11.459756413801367
657.8156196571526,264.9055791682151,10.485163880945112,11.364086412162091
656.6582764100693,264.949282216367,10.751721293385632,11.280082906144308
655.9593701944855,264.9252659998321,11.2880644557544,11.222886751229153
655.6758944742862,264.41862698045435,11.230054221939497,11.242538374255123
655.7384105106842,264.66774260165255,11.434645788727288,11.40067711600864
655.6379058870724,264.5145890513085,11.464981799699817,11.266679996973963
655.568655130302,264.31550543277996,11.358899393596385,11.251370498677643
655.5933690157835,264.72570052022854,11.252621550636867,11.08497720860326
655.3713452971544,264.78655582303304,11.08639687838657,11.154282010437376
654.714249905909,264.7286149980945,11.132438046543147,10.83237416055472
654.2056484558052,264.2367665922151,11.01774910009404,10.66896253668282
654.3178538273451,264.08187257657204,10.8013893622065,10.749382209118394
652.9789786047915,264.44601099103625,10.936309340089604,10.217430160773358
652.7384355322486,263.9361162922294,10.53736360145871,10.345120356707742
651.5173810076318,263.48350481568326,10.392305626079755,10.13375412122433
650.9772358168638,262.92678377950193,10.518491047651274,10.08537780846276
649.7990720141687,263.15240541719356,10.598907083446061,10.05761587825625
648.4681633362987,263.0794168931898,10.641832007926666,10
647.093534122389,262.70322461930846,10.376445574524997,10.18452954726672
647.0272843822047,261.7484145053673,10.312155820016944,10.72854692423506
645.8284117579967,261.0119914301899,10.137511465771746,11.07003266294588
644.4157022637715,260.3743121622794,10.592343582121302,10.969804808271487
642.6522983543324,260.2058694035295,10.79224448152009,10.820451369319926
641.4176118703075,259.6733037921467,10.731323031235075,10.829373623922955
640.3956267368071,259.5705619737872,10.808037109843037,10.963733079490583
639.1169268288234,258.79980042493276,10.972243204039316,11.069373608840117
638.1824300647532,258.239818782135,10.961498639757078,11.345056949538996
636.5536310490328,258.2988918943069,11.083246003244513,11.122067779261794
635.3647261641757,258.05274375419583,11.324150579629816,11.02927407792803
633.9145680703468,257.5078913799384,11.467085328078536,11.13043156091316
632.1619944971048,257.41208620011645,11.566822184798129,11.332859265788882
631.2399976758375,256.64450605598336,11.670140020333855,11.557056996262418
630.4837694843598,257.0513434517197,11.567795592475152,11.707707155961625
630.1350721756426,256.1597139754474,11.111521687074848,11.959545281594302
628.4058581055457,255.79300187689842,11.232310733869454,11.85710719975394
626.7197411282675,255.9857551825891,11.38501005288202,11.881159450820343
625.6704894388893,255.70106480146677,11.870881514638672,11.894403306917969
624.6270162132513,255.4258976919021,12.366989772021224,11.809863897430997
623.2591401370662,255.2956164102484,12.447303978071822,11.939488497014246
622.7693034684693,255.02653179912932,12.358696618396879,12.269067181942777
621.3673348597644,254.65356482160706,12.265636622443052,12.220022339551502
619.8973343443213,254.11330923287417,12.606350620248076,12.237882478847443
618.8053341282418,253.31280297091047,12.501003403786406,12.650158444814327
618.6220365131434,252.92180600348112,12.568203251578948,12.863240648429917
617.510831351228,252.50084832082578,12.542822285126475,13.341412142290126
617.3641090427491,252.08741959188606,12.799802475417819,13.47872998883001
616.0890541214376,251.62563682619452,13.082186373521864,13.639545609858477
614.7397044146431,251.2146378955447,13.240265460114902,13.651863784134964
613.8167133964778,250.67888353894807,13.366363696892698,13.733636178739943
613.572087396289,250.73178097701467,13.453675709133915,13.849044257256732
613.0925703324971,250.05150469242884,13.215877895113257,14.413378371590593
612.3018763320568,250.01800281749084,13.309274801404406,14.628665856384178
611.7915293833044,249.44076992692578,13.675312527110709,14.807866551817153
611.142694559769,249.3525620482493,13.637097126268923,14.84905220007456
610.5379830172465,249.2542876503404,13.835761096094828,14.849173695319962
610.5464013862968,249.4254253583732,13.928007876380029,14.87235086685888
610.298041345816,249.72961605105002,13.967729817721729,15.100422561682523
610.102826626007,249.37318504782476,13.922216518091536,15.340208641829161
610.4147022611667,249.3510752371042,13.77738415779866,15.3995588967586
610.5542495688137,249.574781104816,13.79705406934853,15.030832512051141
610.1747652384115,249.2588300948384,13.841283884327819,15.079956495411935
609.3683554609578,250.02050429911114,13.96979793825109,15.015663033765883
609.0930496857796,250.01102824174617,14.057221585441466,15.085530844222658
609.1329194578161,249.7541060013481,13.947676774139005,15.081945734793571
608.0859637140653,249.6099650003145,13.663959935224584,14.970014912516126
608.1499532720821,249.97006362945993,13.63101132812626,14.97044472369859
607.6420027359695,250.7713013366318,13.827791993246965,15.077024137044933
607.6514787557495,250.592510235076,13.713741808381041,14.959526505695374
607.5154922750987,250.324620731931,13.90395957859474,14.647885475192602
607.7064860177944,250.35619772786507,13.865407589295243,14.707006507976937
606.8776602929677,250.30802126668559,14.174298195671819,14.5964366458882
607.163239995111,250.83210474101864,14.112814413371506,14.535557635816925
606.4707892289192,250.63256903188082,14.212370391403274,14.517905772947465
606.6820465087914,251.2863569578928,14.39911645034576,14.54620364395362
606.9741420255178,251.26942363573332,14.295992329305289,14.812611894102737
606.2519955997141,251.11391289822635,14.489251040326067,14.984776943235307
606.9780970740542,250.8837770687532,14.452935685868935,15.28450411732788
606.2082660379356,250.7357278330211,14.67001014881492,15.217620881934408
606.4743152691852,250.8795623736362,14.646051892652684,15.245387687087248
606.5868566942477,250.95971089523465,14.786681387174104,15.14558099506067
606.514698864383,251.1264832128432,14.806452336982519,15.004067549642855
606.049327172041,251.08847664503725,14.675725093882043,15.021395725247064
605.6214142038375,250.94710810212393,14.529039528976607,14.996780864242954
605.6120784783917,251.20764857662712,14.531275842849771,15.049310459441298
605.7173176797943,251.00333610115365,14.296033513180816,15.23017528916193
605.574566885472,250.74257114364298,14.38023161976976,15.344629620248515
605.6991813032714,250.89527746913586,14.362186015047865,15.48214188600697
605.8758226355051,250.97423499480539,14.34129923199502,15.80885855187295
605.5880312108715,250.63136887674278,14.196956975690462,16.054280786624858
605.253630930479,250.44011066248285,14.22867853600247,16.125288499992017
605.8173724208109,250.24508036632278,14.061355512747383,16.562638746924655
605.4413716621201,250.0706152296074,14.099659954285336,16.673634892905447
604.914062111318,250.08038442973222,14.283873620327299,16.800515838988353
604.4620490131309,250.20732305010648,14.399756181905413,16.955564191139167
604.0483214639951,249.9859770500993,14.450610859701998,16.750064917941067
604.3471853044156,250.30428459202386,14.446239907414768,17.074149809582547
603.6098240400484,250.16325715088294,14.552150351951251,16.938152435757026
603.8315412292878,250.28432092083716,14.277680165743496,17.277516485394806
604.0923051004994,250.4340240725451,14.263716312347057,17.129660311034904
604.0552590988032,250.74640303361315,14.54549855469202,16.96049812063402
604.6627650839056,250.94144276492193,14.383092094245297,17.15423846459224
604.2406384865812,250.9919387660528,14.789941341778999,17.027721732467665
604.2828540546494,251.55426200610196,14.96393332542604,17.389294777706574
603.8885295276311,252.0121804681466,15.312790193440911,17.2418563173434
602.9299209442826,252.1003559897738,15.692589709915072,17.394834675343674
603.6918960308486,252.73270639336104,15.80456196872882,17.75237631888323
602.9231341111015,252.17815082415376,15.890770405238634,17.721946784995545
603.0134129231785,252.74677586944347,16.31813622917017,17.55995677332315
603.0014803593978,253.0402361719535,16.43071752096303,17.54719453879797
602.7012188338662,253.28751653547877,16.855113913109882,17.28554094306168
602.7287885435568,253.30432761881926,16.921862430916704,17.018730028021018
602.5094959103726,253.8940805378598,16.848536722305596,16.971415013494948
602.8686729619118,253.87917923035917,16.760475988520604,17.147066558378242
602.3254095996848,254.0949337702086,16.733609287032913,17.21154790402766
602.3821187319,254.48884886271009,16.80724272116792,17.375660341686256
601.6530170977106,254.02030587177796,16.85466281789317,17.27292791744547
601.4255136860639,253.72946706819684,17.065752235581076,16.95103654152973
601.5685621578118,253.30181692923435,17.239665910056804,16.789720117374966
600.4204327394957,253.09237685193247,16.789798333343803,17.122870300450618
600.8669201459894,252.48762785504923,16.595491106206147,17.388613502003686
599.9603035003864,251.73327014013066,16.68893072008197,17.61972041800874
600.1991405077864,250.96074335341996,16.40889173006794,17.62607758315837
599.7329680152882,250.57481823683256,16.53373605464512,17.22712856096205
599.759299547136,249.82475995260634,16.467136325108854,17.09060255415051
598.6351651234766,249.73530036860467,16.86324412258511,16.57559884484212
598.5131610050379,249.10039401713146,16.857893362713398,16.717160829671805
597.8305786537275,248.5343676307683,17.181705554882,16.391168000553385
597.7943343264593,247.4805113147892,17.355089427969382,16.349513300053054
597.1005986563794,247.16422146976848,17.46644570827673,16.485187931472105
597.3022734586061,246.35981862953585,17.409565982973632,16.597996540671197
596.3681511972728,245.93615132881152,17.612947872888864,16.733074114493842
596.8739007128053,245.6575147151312,17.833228297962407,17.00626349862323
596.9955945348813,244.09237994336965,17.592261281555203,17.395867606355374
597.4589396178479,243.94676816789504,17.55654033244559,17.742558375465197
597.8271760370081,242.90809723839402,17.347815005988785,17.87432940793677
597.229940228147,242.38394993473972,17.46007012247519,17.685404800805976
597.5682787357049,242.1880184970998,17.57083692402126,17.797124534339325
597.9096148294865,241.54843835639483,17.743813552089954,17.937163521727648
597.9877608855252,241.28423198222544,17.7123435574009,18.16663647576447
598.2482474394349,240.73111446076214,18.043052218475665,18.33434393461511
598.1114438840406,240.49878296804656,18.000863222210533,18.44699637193152
597.8910228610608,240.28583804778606,17.927048426415023,18.655642704948065
597.7064436317032,240.19589225319294,18.11265540972461,18.772500713354226
598.0556208402021,240.68604465852977,18.236929431199492,19.02284108242911
598.2570124684042,240.8976040932795,18.316155645257986,19.16172010340206
598.4104071368048,241.2140529644112,18.404125665432588,19.592969237473813
598.3395296730932,240.5838943391208,18.399910740050558,19.79070041894753
597.4288211276564,241.06671104956973,18.620837260855645,19.776850833937605
597.7904778650858,241.10384991258155,18.667432393002976,20.258274780944838
597.8032596154511,240.6268667102447,18.698317009170893,20.558959139300416
598.30634374159,240.63478844118112,18.895201039226556,20.925021829199164
598.2464628599398,240.50118315418183,19.173986892101876,21.16618768800184
597.986541204669,241.14123023668907,19.517571072403896,21.425986077270522
598.2544579536374,241.67314292473048,19.864622732529078,21.724331516655496
598.3881477502031,240.78879622561016,19.947842100512688,21.680865257417857
597.9736165249103,241.4737306191968,20.20499971301308,21.892596063407073
598.0462174358825,241.46725960867641,20.526402988124232,21.670402693093283
599.0111710358675,241.46010314586815,20.5294257808297,21.317609449247627
598.8148101648534,241.28792054276036,20.79005491285644,21.176016109063127
599.041213668761,242.32131254503994,20.72203683545745,21.387308037960395
600.1191089027462,242.27318224011302,20.388983942064243,21.698034847093062
599.8767953550541,242.27076978876212,20.324038986877028,22.098665347100173
600.2221167503383,242.98324788152655,20.25481425518088,22.37443316727048
599.3313670941046,242.7213777342654,20.88146701861413,22.34916866862569
598.9927161863859,243.38797382754055,21.331657598790677,22.68447118346084
598.5324563198408,243.58728942626684,22.063306737975296,22.735483210486052
599.1651474180701,243.65263182944932,22.127343081517758,22.899105487012534
597.0826122161394,243.00971432273525,23.261255753369174,22.204398794355455
596.3301555008256,244.079907505179,24.0545952852044,22.067160985223612
595.8664311028059,243.98370639684634,24.95667620286653,21.73238217256915
594.5899228048538,244.69498805535122,25.799127708591293,21.688051692282738
593.6498033428528,243.89422879181726,26.815420075548282,21.817752725911916
592.4199776726488,244.43704432122664,27.874951276834203,21.702637395090008
592.8430587087452,244.52803780309506,28.71734837917914,21.964541330772946
592.6388472506118,244.40140986012338,29.04424086602312,22.26274903559969
593.0825673826439,244.1853582025224,29.165418837546827,22.950914083570698
592.8996555206703,244.5546855054329,29.670137313161955,23.33007521070563
593.1820064328807,244.34504774799794,30.151599524538454,23.856266653998944
592.8579107648646,244.72868596626483,30.34781175986639,24.381408816593904
592.6354450152305,245.29092746993976,30.793330387761237,24.8928403733767
592.6115940226313,245.2677098383938,31.19128163362374,25.537389054094056
592.5359700845895,244.36824622784988,31.81189057652538,25.884022998395103
592.8433368259441,244.92685108965398,31.92519516640227,26.815296884940118
593.5300012450914,244.9896798068606,32.35244265733903,27.37568396470607
593.7103067761574,245.1127744071751,32.41678517510969,28.030311383473325
593.9148112406165,245.36404876165753,31.878908232571174,29.64179446619547
594.2776346894376,244.5158981523225,32.42769709351963,29.75750984750131
594.6161376439316,244.50368724276078,33.225791463386024,29.425347505104746
594.1481907895057,244.47809733190604,33.39217865816525,29.99746411394269
593.6828731209464,244.08883475229848,34.23117334405788,29.59571264084884
593.6811648595698,244.08894306873123,35.00113760631685,29.31714806873049
593.6658116305576,243.31740887719587,35.721963271246594,28.785367799915207
593.7017491893909,243.8031012900057,35.65711072346753,28.665489088301555
594.483219535247,244.15918541285052,35.307714281289776,28.88000075184126
596.1438464973702,243.98334885470393,34.74895206007679,28.82563808722773
596.4885853753101,244.54197029802748,34.237140446779996,29.326789337009462
597.3519496981961,243.628620570641,34.07184487786638,28.793771422702854
597.4820940139709,243.48158233212297,34.23295828346049,28.642128121201175
597.3472574288458,243.90979003308655,34.325961438852616,28.71892994673293
597.1021376780363,243.17484832971667,34.679542629581086,28.855084205561653
597.367742875987,242.68665110832163,35.22988068605711,28.95756440656094
596.8481388652457,242.7145694661166,35.36042036828737,28.997781708514832
596.6333886732323,242.4137740818473,35.51498926189298,29.022627562998508
597.6051111984117,241.64892464635633,35.941328805116214,29.10638105186223
597.5477502596376,241.31379860332726,35.99050017654942,29.48799767539786
596.78785163523,241.3633298032904,36.37232113656911,29.67960584918295
597.7985105448938,240.98980209075026,36.73695912778851,29.868516108819858
596.5248906370994,241.97248087624382,37.068009558916785,30.05414449402472
596.0183299021553,241.4058199548328,37.999193536911164,30.176131798386997
596.8670553930042,241.48695978207098,38.081418158126425,30.52809354129147
597.2518948426069,240.94001746830915,38.69435613647666,30.42034185442303
596.6827263189019,241.974590510841,38.77541645811769,30.751983122874943
596.551682176533,242.56393062131693,39.06397915911161,31.02857748383232
595.3272579461336,242.23531469077204,39.987496837973595,31.42092424717999
593.3068577204295,241.82803041144007,41.54171286440918,31.67182223022516
591.4711964822495,241.12209737110194,43.21577989624265,31.91122703961541
588.8349843557489,241.15182558152281,44.96542253875491,32.836080709315496
587.8938558234311,241.17310298492134,46.519965845637245,33.62891861606525
588.3754570568763,240.83133722673495,47.094573704369466,34.077094859548886
589.3846720391093,240.27345214333576,47.163556335652174,34.686233771197394
588.5645590890522,240.15911276425123,48.04950345673651,34.851391427295624
585.9681039060782,239.5133737872659,48.96881848958522,34.980927972155314
586.2908734298571,238.16417726175683,49.45961862964941,34.75942012900839
585.0016486115593,238.92998720189132,50.65861949476839,34.74817919599741
585.8861543481509,238.86559568542836,51.253778572885366,34.70841367474128
585.1465901706305,238.43313905460644,51.653825392586576,35.167686274668654
586.179046206546,238.25038103726206,51.738198637222965,35.89176728223495
586.2760848675616,238.2772400728427,51.59806309403039,36.6333042164333
590.8848114851685,238.0507390517263,49.12838827449657,36.96328991614537
592.8524957013465,239.48240459901578,48.749276136391025,34.08516420274379
593.7029550994807,240.40837949341966,47.73909732940326,32.348515836710845
597.3452331544822,240.65873862918556,45.816620839761555,31.451075933890472
598.9035223559662,240.84396615506762,44.367695282176385,30.928400364729463
599.5323148908313,241.597659367643,42.93038368630482,30.38590459843416
600.4394044728396,241.30195763507902,42.35318257633499,29.653629212434453
601.4162394455691,241.1667217886337,41.339779836114225,29.104153245355732
601.6245592321377,241.32802269120438,40.50328592003972,28.600072761034234
601.8585425910037,241.8923614798728,39.82967425203685,28.489549208775273
601.0352295572441,242.30701230026986,39.588622411612484,28.30439782509173
601.0274667619353,242.55376046484926,38.794663401209235,28.220256242274623
600.0920915828752,242.9165944868603,38.43585839090596,28.167054476328715
599.8646006524377,243.09486448758375,37.97770615372784,28.195366616023687
598.2770560913897,242.90838490366306,37.88780208505871,27.648436453001132
597.9647301793673,242.56291325033317,37.33778237837983,27.324455114237033
597.3520558885243,243.04358768732268,36.67043004949765,27.198054899201182
596.8781735923525,243.03460495474232,36.219017448199665,26.754861045676357
596.48584128763,243.86197273335978,35.60287348487542,27.07539647499845
595.2291581607482,243.8748189990295,35.24418349283526,26.821790325571286
594.9663717593505,244.13488746443863,34.71633885140129,26.981522033268455
593.865185042614,244.62969749074185,34.265819456886746,26.873083220743794
593.9454985313382,245.56431647261186,34.01289953733156,27.0748110239105
593.886769431843,246.01889873927647,33.90357997414725,27.19994753313808
592.974797312658,246.34905366111346,33.62147324434722,27.128596072070586
593.2087097716735,247.00078131195687,33.597233245292,26.98939722389786
592.0678745231022,247.47968957486668,33.56289732039174,26.823582124298166
592.6809804027334,245.9534341402873,30.937852524706575,30.107206114370477
592.9889582661707,245.41382032267654,29.7064548794589,32.12274743834703
592.6963953829589,245.7910576096779,29.081520526253634,33.651156031611166
591.8682859618892,245.45448965137228,28.60099415393065,34.5743923522465
591.8662481573841,245.4833914318567,28.479661784048716,34.93677152600554
591.1764056279757,245.69965344417324,28.466108417610705,35.38477875280298
590.3841253597741,246.3533619244935,29.06634479677587,35.40070268495418
589.0942561514557,246.59286129949624,29.1635380760071,35.77601027516633
588.9920244718107,246.96194362056144,29.31475522776187,35.589077434545736
588.4279477003448,247.71928697277997,29.296122557772588,36.12061603948061
586.8373032178473,247.60628558320946,30.17675091256855,35.727089034895926
586.4752054525646,248.44235759572885,30.61520970349858,35.747756737380925
583.7996799351653,249.65179958163918,32.2649684619149,35.24434920694364
581.9901775048074,250.05772270587673,33.81596776080192,35.449970099619975
579.7654269162091,250.2910801300952,35.17612705910756,35.7112546999593
578.6197316955951,250.74374431864686,36.06919754069516,36.40437448016642
576.7832721281578,251.9597903730339,37.48716758270457,36.605598649849995
577.2599988384131,252.60816015299915,37.10570417531645,37.48173306376595
575.2066375420457,253.38674298490213,38.48584853242522,37.73528438661617
575.9487969366313,254.71460515241438,37.883925368368395,39.278698692949106
577.6073871243349,255.5201080675145,36.573120544185,40.6342391598222
579.9018215421195,255.4652648837202,34.647058457959744,42.36375768549947
578.3845694923959,255.76447415173513,34.305899753756776,42.455505503649015
578.9897371669844,257.01610383077514,33.55875782117559,42.8485941451418
578.5932495207003,257.52654150088,32.892678286053574,42.858305166817075
577.867888401507,258.62050867889127,32.78509561854857,42.54648541765181
577.9375704247112,259.12615457648866,32.887830022800905,42.08312493597184
577.3227711925748,259.919305621444,33.15297055793934,41.71889616263529
577.4209609714112,261.4358477190616,33.43018542737532,41.70672938301892
576.2165971038062,262.550465659103,34.101948936816285,41.11041066869237
576.1412630147286,263.3359540622377,34.63888036627616,40.686944510196625
575.6743562214745,264.0475789379414,35.11182669685833,40.38173543967457
575.2520829855284,265.87759159947115,35.34556878976403,41.1922644684217
575.0554786068133,266.8152984807722,35.456327407671765,41.37987761087942
574.3823005287497,268.3489507806127,35.95846125659375,41.64984088686981
574.1050556658662,269.42201707138616,36.48960605582459,41.301968636476786
574.1769943153987,270.0317168069382,36.321212019671094,41.3834772540567
574.0494540709524,271.8079118857755,36.44790943833311,42.307371600318945
573.5369618359165,273.9140175714372,36.71571560182532,42.22874425151749
573.6446045959767,275.1781009874115,36.79910120807059,41.75667516546437
572.774631897462,277.0945283016429,37.274359305371796,40.91651801434219
573.0548466749754,278.7160435963903,37.092895485780446,40.26008105277704
571.5035382398701,280.9546527309383,37.54825812739898,39.57386291147344
571.6330892470406,282.990342789496,37.68302521505919,39.493967913223955
571.1890084777008,284.559922666318,38.10067546628815,39.4949436862371
570.0221667943001,285.2402858012538,38.66645431305467,39.207524811347
570.0616770930709,286.4159934744514,38.63089665507346,39.22973021347164
569.0493021167698,285.2750189171441,38.79581622818954,38.63810554802642
570.1006966157469,286.08340331203743,38.48015567872166,38.30400666008754
569.5568199666901,287.23297683115294,38.735784326356836,37.73325234207904
569.5877074513962,287.38574182033005,38.640526689886066,37.352477244093535
569.170519470652,288.7272013876027,38.89908947712652,37.05282074382562
569.408763533055,289.0002885435545,39.01344157277219,37.213968075751225
570.0412592934832,288.60504880050894,39.12859309829459,36.35147128735211
569.4947564367295,288.928728525261,39.8593237776129,35.4711425090868
570.3667137574676,288.5029064011713,39.66985702546475,35.06203372172088
570.9879156869135,288.30191009209005,39.677371389000186,35.08628419839814
572.9107195728988,288.3312478741686,39.40788208626795,35.73713475585748
572.4466181926224,288.267241066308,39.38836795505517,36.1627984107747
572.9735568536036,287.8512520397237,39.98189542301741,36.72041538997246
574.3189946977251,287.20181954902625,40.507172402773676,37.58232447236715
573.2716969723386,286.5257277196491,41.482852176475916,37.76697604474904
573.883454226006,286.38838981751553,42.395645385510704,38.70975310014154
573.6915538844869,285.3256356099916,43.352165165686415,39.81699507575165
574.0394474039571,284.629146396271,43.71742556155305,41.39582522614853
573.422626569889,283.0452122474614,44.211800893725055,41.284120083215925
573.1519691681264,281.19491004075985,44.88456548605912,41.17259428383518
572.5913269959088,279.2023860741457,45.48051952539468,41.0971559003826
573.5206136450707,278.56684744646515,45.27503312778177,42.15816595806325
572.2121623963687,277.05985521285896,46.91635213147619,41.82479029115086
572.8372858385464,276.1529142344007,47.17661163864602,42.13043429011294
572.8591013088293,274.3960213090815,47.93094717833568,42.546864059742475
576.3178874450309,272.97873708158903,46.58595572029394,43.17067764335904
577.4923534680094,271.75477992583416,45.276480876294826,44.32716028944818
578.1208438771368,270.89206023594204,44.567645173415215,45.11929321362021
579.106899348784,269.60340090213367,43.942069793589766,46.20904409883501
580.4420855923781,268.2744588558488,43.06299068904631,47.52107748530425
581.2853993910204,267.1072491888441,43.04469209223477,48.616505320366535
581.2313627634221,266.47459562599704,42.881680710981485,49.0547025131612
580.9856072926755,265.38149359904486,42.84847277182152,49.477497190921106
580.9536249624047,265.6892022485647,43.13175682063342,50.03375271292637
580.9694405882856,264.65346230938894,42.501742321019265,51.06682049716159
581.4625225711592,264.26494692181234,41.81040849872376,52.08097863599663
581.7114567162262,263.3443212737804,41.64179602791039,52.253605650177285
582.0940658816143,263.0244652189243,41.66060277018572,52.4433117815436
582.4630186502642,262.73799106688386,41.381096588297325,53.133961370211885
582.0030474424656,262.20810789814954,41.3761202331046,53.88453826886064
581.3952404852363,261.36974780117936,41.488177514567454,53.97282495869639
582.7077822171319,261.11599296770606,41.21430679072061,54.16676463286228
582.8657901763758,260.02911648698046,41.59608775343197,53.51357801148873
582.2493130492342,259.500648363252,42.12815975168408,53.10634582957097
582.8713290490628,259.90689717170267,42.1669159094899,53.652544315765674
582.1950852273393,259.1710848176359,42.87558791630198,53.072465093998005
581.924075881699,258.96271253087957,43.393383166324654,52.9276225722501
581.3577535317946,258.9479225031201,43.57732868982173,52.38621599923668
581.1748122440862,257.9647505614709,43.48154581371202,52.17180235995204
582.4569374664928,258.11773137626005,43.673198612917275,51.85018947080249
581.968599671367,257.7801581527353,43.792676739656514,52.331127206466206
582.1187626318901,258.2858103417083,43.839758278823005,53.39703134750208
582.6781230384017,257.8311807930526,43.517452496756064,53.8362585277183
582.8451855884258,257.98640173623204,42.93584588666485,54.30198045781148
582.2484526151412,258.48730860594026,42.90585187420383,54.22107665959149
581.2143194436359,258.195553059106,43.23120568631548,53.05325940414657
580.8695168659932,258.5693504890938,43.563743137400124,52.23218348360652
581.1524216446938,259.5880597964424,43.331563217955264,51.932633297139574
581.3407507980149,259.6742664775197,42.637886283192735,51.350285086437964
580.8713271092519,261.0119095984854,42.886200559160315,50.519665802361835
580.9419818796894,261.6089904693979,42.638426364078065,49.99146127298495
580.7527405756654,262.2203791445301,41.95735081897355,49.82077695174273
580.5982349503674,262.48380548745456,41.842733262501596,49.33414298424373
580.270994490188,263.5559719754791,41.91365258360598,49.126098961022116
580.6268183928072,264.34215402655514,41.75703405140061,49.029764850973564
581.0523304430814,265.2096503403539,41.59996525309069,48.980523184679825
581.245103989549,265.32361705142455,41.6815681926758,48.54144382509574
580.7705947944036,265.5615943493146,42.18855290467337,48.0663876592067
580.1849402089159,266.43194005929473,42.60127918561479,48.54128862358485
579.6616563828684,267.0271434346379,42.8364776570307,48.687489209896526
579.1449799563661,267.8228312867221,42.99775489272175,49.26969677484736
579.0434422213307,269.0183371204848,43.15999312704383,49.95614205846334
578.5878349234118,269.2710097552251,43.57318164990269,50.37988329534937
578.8207954007511,269.9899734717006,43.91851227593938,50.36934774910962
577.9824422479443,270.5855329044055,44.471440238352244,50.81461623187474
577.8637183337903,270.20563337698286,44.244845462690634,51.165062358319986
577.200352330246,270.4343230014113,44.59998695082777,51.451542460144424
576.434390633407,270.8176491357958,44.37594201221507,51.66376171570937
577.0116643688083,270.6415605786909,43.53971541181195,51.91713238908886
575.1913119315122,270.4351439189429,44.355905420528856,51.9406805613948
577.7051367642082,271.66768011879685,43.53559218091833,53.184237293004166
577.7471697539063,270.75836428409906,42.72815469578472,53.772453379742835
577.7846851484588,270.38831847425024,42.53274845225373,54.08594350012146
577.9134788818457,270.5793504972625,42.23191156093311,54.80110869642172
578.240484446284,271.72290416048145,41.94041042775553,56.10517001202789
579.0768278910874,271.13195749178476,42.28794477151665,56.158458341296004
579.1932174333816,270.9121580918131,42.8595267322888,56.17728268140041
579.7055222709598,271.0296341642495,43.33198283967937,57.5517259213161
579.7138091039733,270.99238849711514,44.120794882461354,57.21479875802244
578.6839395540399,269.8357355916684,44.63163623910315,56.539868856864466
578.3221148251204,270.27510087252966,44.972897582012834,55.73542188009438
578.5325774119782,270.4941477745766,44.74692213952787,55.48003560924074
577.5324636823228,270.9616225982416,45.292547953368924,54.934054519030155
577.6246890326495,271.5843214101678,45.61409848677023,55.680728166120474
