747.5,457.5,11.0,37.0
747.8733503475054,456.7022931304044,11.208245226887072,36.40583151053056
748.7341739772634,457.84431156849024,11.504297924264993,36.25055783321149
749.6099336782823,457.56038278327884,11.491861216280766,35.79355037239188
748.4983454059459,457.82168953636534,11.72597533247932,35.20453242670999
747.970490778437,458.2788323874472,11.848224828738578,35.351902245939044
746.6526612025849,458.7897836733324,11.981105688740444,35.22020934900384
744.8652803130719,457.8357805877564,11.978508745079472,35.26707443453125
741.8844963613916,459.0245027687163,12.4410937420987,34.64181279470313
738.3029958969759,459.6058049756293,13.32471101156743,34.41626337259919
732.8446526192077,459.3487888849643,13.38350839168855,35.30801778746305
728.0042565901535,459.47769831426996,13.062620075651392,35.82653857900587
722.9747527072582,460.7031790317382,13.184160266369044,35.68207114164318
718.2752089131988,460.40457393665463,12.92535276629199,35.33016957214769
713.3116950474813,461.0000413204777,13.022583706650188,35.68465664326195
705.2069086559424,461.2211216960537,13.324568484662144,36.305966494145544
699.4290886104069,462.4114066990851,13.615193927295609,36.16748814381384
693.9038657994213,462.801960590831,13.621585517894767,36.248155996994996
688.2855557766408,463.0339789515675,13.603208310037925,35.895326447796634
682.1342336829639,463.01783448932844,13.95942229109281,35.60227530989489
674.029461712522,462.9086284501936,14.007100997601572,35.67188081620415
668.1225266640181,463.3915278501667,14.165068232060612,35.5425870120808
662.7401403247517,464.2188084216471,14.22827421442649,35.61479293226089
657.6913185945508,463.8959270957702,14.088018848228934,35.57850249487282
651.8723715285284,464.4448509362717,14.076222352221865,35.47423664532515
645.7524924710348,465.6219391326924,14.222905668625398,35.15094594889494
640.6207524891856,465.87286296086796,14.099739361571697,35.13246180172191
635.7707416257659,466.47773844719165,13.957330973664915,34.74443208485378
632.0941291106899,467.64905419457193,14.822755882509604,34.576511102254464
625.9533364140012,467.22150670095436,15.128450162605654,34.683707868473725
620.4327832198417,467.21725458299727,15.263514451925833,34.98553386289659
616.634078623237,467.7826758735098,15.844951030846925,34.46942390497176
611.3175292749448,467.6746903899252,15.71948573206991,34.87832859547141
608.2680675558862,467.99684520918623,15.483390535390978,34.60032666259015
604.5752377861148,469.2504069200059,15.830903102277567,34.069659644683206
600.4461301993367,470.30709880666797,16.34459475059557,33.593107393346926
595.1371466987694,469.92552552840743,15.881508017904704,34.02184700773887
592.8768700543147,469.4944470417433,15.392000996450282,34.60733978362224
589.9099842420429,470.22982665425326,15.684612609702263,34.464221211258845
587.6463737614093,471.90186432977725,15.495912168992042,34.72992879439967
585.0764365552759,471.6207651140664,15.609495687704145,34.88921636742878
583.5949585114564,471.57384047101,15.056893055708178,34.873524095812286
581.6739789620835,471.8839414359343,14.643490120609874,35.0224622306801
581.0555740640084,472.63150455227947,14.244560709492298,35.474471565654824
579.7087069306615,472.63103438540946,14.280761807393445,35.5118234530161
579.6051277912832,472.8928882338946,14.178914855484932,35.97689732743403
579.4149015219463,473.166332480807,14.166996752927242,36.59298056860979
580.4304756492099,473.12165237158734,14.073628640230314,36.94531719505396
580.7949569654498,472.89313368520897,14.094918731444261,37.00284010128652
582.131933096744,472.93085811807475,14.08081134419173,37.19422138186769
583.7963008331652,473.36301998120473,14.319358548046097,37.44414676582957
585.8800405094628,473.70272146735755,14.170669440507055,37.29479132942026
588.0569672261805,474.59544289698806,14.235477124625358,36.97529323715754
590.6967790346835,474.2232235257583,14.105003402333779,36.927211992987495
593.1921369357786,475.19988007929766,14.259484514816204,36.68510770625183
595.9933656303582,475.5439729401841,14.219342112839833,36.4842040520162
598.7969127313535,475.40178670759207,14.958362069479538,36.57218384692662
601.5304460797723,475.63791658657846,14.955819164908753,36.71102774286153
604.4934139002684,476.2972682667278,14.79249205205376,36.96303122689264
607.440873566158,476.0795408513891,14.812048161253726,37.97727994089378
610.5497787652391,475.90992344615125,14.801951843901806,37.759471973831225
613.3908572031173,475.8671799435682,14.695757988470286,37.322226184712406
616.1193246066528,476.469435925387,15.017063862093949,37.148782546117516
618.8331833595198,476.69896344889463,15.112168736425652,36.9828721722114
621.6210064991451,476.5498880489281,15.224368164114807,36.84367582825599
624.1571567109994,477.6060915194311,15.197350581134987,36.53838313075734
627.3097876462529,478.05460802339576,15.380580245814734,36.071758213181006
630.2671949927278,478.8158325383573,15.303578930245294,36.51389842142473
633.558162949084,479.02365078269185,15.805260227920982,36.80035964670296
636.555870732823,479.43399170884965,15.50069110361942,36.93832623760946
639.7924309312234,479.4878154012409,15.7424287619334,37.10993910077279
642.6135199737372,479.7196538118094,15.786044553553614,37.69369434464578
645.2094415885276,480.2739074878687,15.692740676389795,38.1430197104227
647.9366506443243,481.33453626826145,15.524561711982697,38.60568286687659
650.7425973375729,481.35170648616105,15.641120054306283,38.81792146719394
653.6421239648994,482.1233370070334,16.046403919709572,38.62204893138491
656.20710477428,483.2033041300472,16.305789377364327,38.915244453728945
659.2573928737597,482.9741221645416,16.920923818358563,38.56511000217172
661.3630466441119,483.6397689099368,17.186066244084753,38.94181657527763
663.7776039319766,484.61101280030095,17.170373394582235,38.968160333703324
666.2423402715143,485.2548901342566,17.468315323508524,38.50589357749327
667.7552163497644,485.73620196303045,17.657949557694273,38.087490188671836
667.0695595318582,486.59015401411506,17.800903017420183,38.4092119791418
665.9548874754074,486.9016779618562,18.052478470730186,38.735937454879135
664.2257132679035,487.8416857402035,18.608327448405703,38.120689902601924
658.9705189099916,488.91570871141556,19.234882279036903,37.64260183638331
654.2468308220575,488.75118538784193,19.57765278016132,37.666773973957504
649.7210190568422,489.13035195808413,19.597098385481935,37.59077591218946
644.3170572955905,490.91625983986927,20.13192677706496,37.01804485969394
638.6483413824052,492.3932295273406,20.861683051067587,36.50899455335475
629.4026907385379,492.8481252126944,21.139746576350934,36.10662443775885
623.7330904660287,493.4312601020937,21.375935990082887,35.74738652884869
616.2424898349474,494.5088216349223,22.99460177556078,34.50054955785699
608.8750759075834,495.40281299253644,24.388673213967884,33.57288621862054
601.3738978458155,495.9827245948249,25.088246325113623,33.59069725324035
591.6504638281405,496.3693345577923,25.553239894521255,33.835440259892295
584.7976830261464,497.21149927067006,25.237111129857077,34.36999506379671
577.9905882747883,498.51711543459555,25.230757152653933,35.086134810072934
570.3887586652803,499.66777181793844,25.476764279689874,34.68625753781011
562.9904021354718,499.9871126547286,25.41752221540564,34.696544024382256
554.7262741608236,501.2194492176093,25.86480358584457,34.39409590663175
546.6631300667041,502.7401742545136,26.160182045079587,34.48271151237322
539.3783741689223,502.87969464886413,26.264712761541613,35.04029367708712
532.9880126446118,503.0496811679588,26.214702510907223,35.75337032246861
527.1674700970294,503.7294194762965,26.364504189323846,36.350809203573014
519.5600260637715,505.7067462246107,26.919462980327147,36.68450199753305
515.6988520614682,506.82364209419364,26.778873534524806,37.036411962392414
511.485465308142,507.56893187501055,26.859851409768424,37.31962156816286
507.2971218618188,508.55451262794094,26.77418650340359,37.85394249752848
502.67709773520556,509.8638061780502,26.843211387794717,38.215042134370464
496.9140406281459,510.1726148492435,26.55986591563464,38.73159198635037
493.9853575395722,510.4952566450372,26.597078379555853,38.93541118988692
490.4936505026653,512.1089194608695,27.50605578878835,38.67533018331385
486.7931753392977,512.8302983003828,27.873964638320068,39.63445419908121
483.9921358803711,513.4576387048868,28.22342190547744,40.74293829180652
480.0111177608497,515.0697086747316,28.629874190662907,41.37323236548362
476.53988760099014,515.5630251520067,28.949028235967944,41.326930810374094
473.3748106562387,515.8423948292242,29.00434224738853,41.468316494562856
470.21565806716484,515.4025535603979,29.21056017578044,40.861339147762685
467.3903673495512,516.6366999289248,28.754033494857815,40.632954629092666
463.13336981906224,517.1502727935995,28.897870360340136,40.10017450247512
458.8420492787697,517.3466623556071,28.535345806769897,40.60910076271428
455.1360690166785,518.2019011034769,28.437267955097767,41.57120970801475
451.18630649877457,519.1904889775168,27.987951323730343,42.15057921750324
446.8975758005117,519.0189063542865,27.78785534720934,42.63971661154778
441.90234509286887,520.1217353040279,27.0112793708323,42.78325896078321
437.4053149410723,519.5693640149158,26.709031156969463,43.05139575173027
432.5545662671585,520.3126887025105,25.929867112585047,42.88330459263575
428.1433233986193,520.7392774597994,25.438692228020393,42.86177423572709
423.9715671420566,521.2397465994417,25.388753050472033,43.00971560369749
419.4564145064585,522.8346705514456,24.753495691968478,43.43955883318884
415.05637481175086,523.5095994236509,24.558079285180167,43.9801922167459
410.6989349763381,524.0248547275038,24.358026705029125,44.58067044532859
406.6232769245729,524.7843174599743,24.067513127163068,45.23470335441117
402.48897098879047,525.9878538496522,24.142652136484188,44.941677863949955
396.4522675473228,527.6763027173789,24.442489912363907,44.623119962709794
392.3235876841095,528.5046096933957,24.903867754787843,44.569227463389254
390.0377833768751,529.1232118236306,25.05793295800179,45.01393455221581
386.4281585055186,529.2828383380727,24.944352271637623,45.4613867383092
385.14953521164915,529.102442201001,24.75274159962616,46.239492558394645
381.8262327860506,530.8186277853915,25.102835277574933,46.82281648467594
380.39868761851403,531.1979776980804,24.85673504563144,47.666123452320406
378.8860741915911,531.1889946918361,24.821164208132174,47.80716985997106
377.7007501222999,532.0448927991644,24.957626889484878,48.651229157933614
377.0869032997947,533.4376297852482,24.947225489405593,49.41450916258786
376.7505588218029,534.755883453382,25.084400329102028,49.61957172683297
376.1862863961353,535.9132884453019,25.047219591638576,50.32663426343982
376.65619866083017,536.7989549345851,24.766388425629323,50.819959974372395
378.3892810027901,537.0731318685392,24.788978491007594,51.71005501240897
380.3647737046581,537.6108399336383,25.17717403362161,51.73116562419218
383.648312589418,538.2600076019013,24.88512258551288,51.41570277378083
386.1977274897807,538.3208282982474,24.553113215543256,51.1807400767672
388.5599619181236,538.9745850169966,25.009751403077367,50.855490263937
391.6204700334781,539.872347153094,25.15888201913961,50.76257421947217
395.39867687416273,539.3257645337716,24.769081916566726,50.66572759917673
399.90258846972506,538.4020491955081,24.52608168534202,51.40562041006491
404.3890022873089,537.9082289190594,24.217712325015512,51.09890652418066
408.7706185984716,539.3775639096638,24.03903056023421,51.16368669823015
412.26765352087887,538.3549630745075,23.8738863250082,50.906598167355504
415.1435198509934,539.0497050764855,23.88692464942882,50.97604191398698
419.49161462101,537.7970887452581,24.011363275594316,51.24083849932383
423.74609640726896,538.7952471941464,24.223606368115554,50.74107442652132
427.0595076590509,538.8787692374701,24.31682800059901,50.51331610993248
429.8482157490125,538.3531377839427,24.24486636092839,50.74798316461239
433.1636472387755,538.4987141249387,24.3155095192503,51.12198511852642
436.62704711972964,538.9436336821026,24.158986780657557,50.72186608052126
439.2516542902933,539.2794811376322,24.408170743515804,50.79065177124963
441.79208827172187,539.0968266132496,24.506040421039568,50.64425822287347
443.3098086426827,540.1103763430418,24.342158345347094,50.13561605679956
446.28786918936254,539.9332712680568,24.59575214151377,50.154299978818585
448.1323140376226,539.3302086707008,24.997662730332948,50.45916819501869
449.19470643145183,539.582891993936,25.32502232705867,50.03959683931659
451.2071134707321,539.634355876236,25.65737883031583,49.60135137361526
453.8378934818031,539.8873284330805,25.713626959418857,49.6131901997647
456.33278587456203,539.9768795225734,25.914792090740672,49.286724834896134
459.95269181450334,540.1014245537782,25.874167966442794,48.954622452385316
463.0426003941849,540.8839207606453,25.800167171367974,49.61769481411812
466.5627068561802,540.2153260242457,25.566748413942317,49.87680708984259
469.3031333624889,539.618224744564,25.528212410297147,49.552261961865895
472.4081130304797,539.514082443756,25.37732223096222,49.726304775392734
476.9956912649836,538.4366360271895,25.292334714896306,49.72109261852029
481.3965648975194,537.1333262216187,25.03728315905318,49.32980363743752
485.63895279774056,535.3852330534028,25.05667586904788,49.11484242710135
490.3720528361324,534.5386851015847,25.02616571841167,48.55417799290784
495.235025241733,533.4276344699982,24.977133214949724,48.28745465013918
499.92458425578764,531.9052356529406,25.224230167919586,47.68043233987265
507.0764875347745,530.7887050850029,24.774658305380427,46.635106882883136
511.93981683884147,529.3966761477316,24.46713765195844,45.975527386362586
516.9314209550222,528.4624604308701,24.022587561686812,45.393269981126736
521.8744381992412,527.4922328510963,23.79411151441075,44.83967749892002
529.6143436932033,526.6268621250903,23.397714604245472,44.521908161060935
533.8283018689032,525.8761589115028,23.3892957427749,45.00214206473753
537.3672536796544,526.0025667997994,24.13566523070855,46.10073679629994
544.2048134292422,525.9150980241617,24.11723156069542,46.88289899080584
548.0303327565828,525.0188634882657,23.84501714002312,46.98817514572775
552.4139908220822,523.4206128018652,24.514560139883685,47.339542260258526
557.1585527829516,521.8019989126117,25.002387817266115,47.05371806160801
561.7526497187185,519.7844314653878,24.677323561515806,46.824021413086896
565.5086934105638,517.5105997904632,24.53965968170118,46.48550865362215
569.6927345116828,516.1098303502232,24.81732371054203,46.074660687559906
576.8611067454243,513.7634428670476,24.988715038652263,46.13583718131571
580.1835532439152,511.53784402536485,24.954398671309185,47.0351657107048
583.7374247712452,510.194276077353,24.415494212993266,47.64125526387886
587.8578706306658,508.79683308632985,24.3725528573111,48.04011177357407
591.7355668338706,506.8428000722677,24.17471040436228,48.62429736766204
596.5177635718787,505.88258882043175,24.435657199342096,48.47853678112402
601.5128564223427,505.375133599526,24.286403390809205,48.273969807850634
605.971594469917,504.6391995388158,23.906044300055207,48.131961705707
609.4234968338412,504.8679294720635,23.533402787843947,47.0755258231669
612.6238123417485,504.67317868455416,23.604584973933598,46.038528269843894
616.6424655099561,504.5995531732826,23.56207634412248,45.33221765260136
621.0616513328963,504.4808025300107,23.533497216857732,43.54388580926224
624.4044016995003,503.6054187041878,23.094497929419937,42.6254973863842
628.4001376710845,503.35746546776187,23.18751485496491,41.972815797903266
632.2189148608372,502.98097568022297,23.25265918304004,41.412478550929144
636.4715022702708,501.21556400122535,22.516977467200366,41.12749504323224
640.1445226857575,500.6175852250106,22.41566996981475,40.5182459392057
643.5993786831704,499.7646484173765,22.33621825178325,40.79909981341558
646.4771057965761,499.33873144030895,22.70672675919429,40.526410366290236
649.8878274574437,498.228779570722,22.58567520686826,40.73118430085299
653.1041194778873,497.27504682061766,22.669856283626395,40.88667629127313
656.8260191897716,496.393532532479,22.61129979885311,40.83727996940282
659.7397224699803,495.9054241925162,22.479188095460714,40.26859980827929
662.9945611410974,494.81590832364157,22.58159752614534,39.99336952782485
665.4025645605469,494.0790432755754,22.652406712026494,39.43392224816381
668.9198998066776,493.07018966072565,22.61915528714802,38.623877841358066
671.6822398868266,491.82652514884865,22.950878477680128,38.474731063644214
674.3261844725878,490.5506787684107,23.293632197087895,37.728644264431
677.2246895115705,489.28839639346046,23.44326785581655,37.71334518948708
679.813810880999,488.1586744876009,23.517549969712476,37.48169035885704
682.760857328663,487.8154393385398,23.650304913740023,37.40991161256076
685.6432990922849,486.0191244344051,23.590001693502977,37.51142298973893
687.7243276458694,484.97681965900824,23.784748957214127,37.92873672697215
690.1671400103813,482.29024164898266,23.46375807447315,38.785748471358005
692.9504844946767,481.73757708206284,23.35264171101533,38.62629708380488
694.9094518248604,480.70038562818314,23.607175236072834,38.61791822703785
697.7433699090949,478.1447679532686,23.40296831336201,39.02641910649952
699.7498241002125,477.9410886744349,23.394157869664262,38.81862470911161
702.2696926896257,477.46863782415,23.41432192832576,38.67382273059669
704.9891660720746,476.5001656675019,23.200820910803532,38.433610833947256
706.5004633955062,475.36698080741485,23.094555170953043,38.80683010532224
708.6130658626465,474.8899496227193,22.923001569527685,39.07668795591821
710.4204306110496,475.36159656678774,22.947912642408433,39.28742892076298
713.2403610883778,474.5918755954488,23.02497206357623,38.96715957403505
713.4863931193498,474.6972455691397,23.630657354087095,39.004412663757904
716.8386452645617,475.2757920402216,23.500882983097057,38.733693062677624
718.5542493196208,475.59673672465937,23.747944736107343,38.458792918951204
719.4627485662573,475.72506193816207,23.66532136204372,38.50494457782223
722.0264262347811,475.8096623454011,23.266974222780668,38.49709046711201
722.4172565562325,475.88916238069606,23.518862888654734,38.60998348057123
725.6233434075339,476.39384842945145,22.93599721904149,38.611212545970986
728.17412427947,476.4178481660697,22.319235813914297,39.43761559577525
729.564990793809,476.7207125016256,21.64615084698849,40.20671335593785
732.6173191783064,476.9041458669821,21.045751756979474,40.52177198161296
734.1054810108013,477.3953234906239,21.012681132303292,40.377960030189584
737.3900465450548,477.7132740921084,20.495205833144468,40.61413849764988
739.2595869123094,478.2684382452877,20.693304425646474,40.605118417876625
741.2705548462939,478.172940463811,20.715011555419068,40.66194593709736
743.8743507888158,478.09919631738603,20.62480887249304,40.75126485384223
745.6865442108709,478.74945335820564,20.482846049150194,40.728952113832015
748.1943107012919,479.05210193415627,20.420368926920183,40.5836064520946
750.9156620487299,479.35046638350394,20.413054797107577,40.62316631549186
752.4582579693,479.2106543176541,20.372102715412705,40.451304068283456
754.3220785254446,478.69027138795525,20.364994735676646,40.86184856079875
755.4752200167301,478.7397675870247,20.21764849207353,41.2335478733704
758.2248878927835,478.95049976849515,20.068069934485766,41.0538182684489
759.2137093664925,479.79572382763587,19.860203569785643,40.69425579889493
758.4505934756135,479.73297819851757,19.9298536397747,40.85573171856157
757.066263342328,479.7869934578588,19.88388101373679,41.03150135480357
754.2004652913832,480.59120822232194,20.051104576106212,40.8369855526839
748.0572319122103,480.04767829686966,20.270004462808835,40.500958879578725
742.8777296434655,480.0021370418039,20.172651044365914,39.928907232052666
736.4303175538616,479.7048696461971,20.312641048463803,40.04086246417857
729.746726088548,479.9353755001713,20.443871601771775,40.09854074627375
722.029125426546,480.26023372550316,21.375661632746016,40.11830557307584
710.2225666159574,479.744260294798,22.24950999733143,40.004710528129365
701.0924147166614,480.40824588184245,22.705921660303062,39.60646196117628
691.0332222845694,480.20742822908664,22.762849844189347,39.39308414412929
683.3295546141686,480.6317888538489,22.643174267327343,40.15653025300318
674.3145744210786,480.8368049969173,22.92517551654446,40.18748805723658
662.4119674863405,481.05664373438555,22.793944149814806,40.18226901688188
654.762460568933,481.42487743014067,22.784934531870952,40.10051752102433
646.5835969833703,481.70094491595336,23.01979030407055,39.695773168319356
638.566984288405,481.36170727259787,23.105579361298453,39.4118933777636
631.3415366060199,480.47814751803196,22.782906572687267,39.81147467316556
623.6654796012524,480.71128702461266,22.41725858881398,39.737257608780354
618.067586058718,480.146416008462,21.563885670220706,39.286935582777915
612.7142936534957,479.7378133228523,21.23620114777959,39.3223723935878
607.4950247099829,479.86292372776234,21.016989858779837,39.164843407607805
603.6309623266209,480.92706464591527,21.863367379715307,39.193493686856726
597.3478960342622,480.01035845571386,21.453993181900852,39.43941980016969
593.970051096055,480.0849464844074,21.45924865966405,39.49818074496467
590.2284592398802,480.28786780796895,21.47452732745822,39.50855900123817
586.5569096812536,481.30364386912413,22.171896426095515,38.952445712164504
583.7596295590317,481.44996159965274,22.353650636451107,38.66463483964825
580.6236994092292,481.26906357060744,22.191734557424798,38.94544831695781
578.136543629309,481.81568613343916,21.81056067796454,38.90133029319257
575.736553653304,481.28136989627467,21.691335441223337,38.721908382336295
574.9183592231569,480.8627225886866,21.285754286945448,38.66926106674157
572.2313293036626,481.068886063799,21.50461602870503,38.84447551790303
570.3525120369808,481.4821453937024,21.79233707940267,38.551237111506566
567.9854361997157,481.49646388568436,21.68598982967754,38.76509694584675
566.6275427353356,481.4587751148839,21.839839187865714,39.096561671399925
564.2395305039057,481.21650978571324,21.840667575285956,39.3201215286263
562.1457772504847,481.24510073385125,21.844935575810972,39.431587249451965
559.6661353398787,481.5227900169858,21.808655889942898,39.233929445673986
558.067686608507,480.9113361746382,21.46927915796902,39.006191087545375
557.1431808910113,480.87516679716424,21.038439871600872,38.85761567234739
554.813214374637,481.2208147855238,20.896987978507347,38.78411009661007
552.6190598814132,481.16929806051473,20.774883318256897,38.56118925838405
549.4949320844509,481.463001190973,20.806607635478652,38.65170935902836
548.0951616554287,481.45636606201447,20.88136411928594,38.686457560231744
545.872602003651,480.99528712626324,20.960184270467153,38.74854997152907
543.4642020491178,481.17150374257585,21.10723015121306,38.53382075368198
540.4379315595953,481.0080848908606,20.934798882180743,38.38340689761662
538.4455130206355,480.20149336439636,20.810600944994064,38.84491460703162
535.5825145316132,480.0506989202835,20.91634531378584,38.931542309205994
532.9615470537979,480.02086625038424,20.69290341547361,38.669354160320765
530.0300929294531,479.801201234332,20.6485951152436,38.76468206477783
527.9824699931831,479.1861360595103,20.31046610603903,38.64612357355514
526.0444619126752,479.1955907704585,20.200969772014037,38.509504537322144
523.1872747974396,479.4476605676411,20.142984154462724,38.531563806940156
520.7112594786578,479.13597575372296,20.046733599246906,38.589884918979756
519.1834722242393,478.7118579009232,20.135380102865298,38.85450079158683
516.6094130763972,478.8923774508887,19.98464643169149,38.72517218522033
513.6566363784624,478.6689364621906,19.70796458662498,38.646717241401625
511.0987405238519,479.0191551959842,19.362231332466962,38.66272158394539
508.5141788228351,479.35564471945054,19.259898492892894,38.68913545178478
506.8271862732596,478.80191557133355,19.399304505740275,38.76317390053035
504.2459819932258,478.7480830658422,19.59206375092745,38.813812298009346
502.09771928166094,478.4882054491689,19.574183255935903,38.55154928708943
500.7575248962095,478.4067181029972,19.601663940062004,38.71478795280488
498.79151924852874,478.6964370438734,19.875987809810116,38.758374177078174
498.0661576229669,477.898695420532,19.651724817685842,38.40829911420593
497.3105920175378,478.1529428011419,19.341431425081886,38.467417537438166
496.59308881887455,478.02417176942663,19.481256786412757,38.28169386476567
495.4216454576349,477.60768661091936,19.259714464168564,37.50306259067
495.03268079989635,477.36822079843614,19.012264002691065,37.83643858531013
494.3990981920602,477.3799367550381,18.898737332415195,37.68780617698229
494.6018685158912,477.1698805832931,18.611776139473104,37.49861087372102
493.9360943625765,477.67377861383704,18.266789554974032,37.431894250365765
493.441729414965,478.0325585633478,18.15474385071741,37.129889262242514
492.7887441480056,478.0592670097202,18.240019127449223,37.24854801363314
492.9148327616779,477.8744560835478,18.34689831327827,37.16576402581953
492.6412681072355,477.9675715430432,18.21331074994799,36.95346656143156
492.09330573201174,478.56437824562244,18.29822199255242,37.149517210190055
491.8103129409777,477.9291417645708,18.392003545060362,37.452101936247566
490.835526912426,478.8672481972627,18.331863382925416,37.206630905504234
490.4575611151153,478.90596310930835,18.474382299305155,37.44491901697504
490.4488487528639,478.9655406198388,18.490218946057922,37.48357207622972
489.98857744849994,479.2839053341821,18.53261252219303,37.99818599318516
489.8009940161325,479.3495264096342,18.547437838008225,38.37302858244285
489.274627937572,479.7895388295696,18.62392351895589,38.26174636351707
488.77997672728037,480.3537245471051,18.531328084734106,38.68234598538427
488.56151621929257,480.62549464010186,18.571010518337097,38.495415322687066
488.0808509214325,480.92834658879224,18.367349377645162,38.15025533795557
487.47423490741255,481.17594253509725,18.362742045447984,37.987569386736496
487.13743440000474,481.77380925526063,18.565755985506897,37.599617583124704
487.5942979090104,482.0674141976656,18.716789652462722,37.27847433893024
486.831119701894,482.36915443391104,18.58712065699692,37.28080444907708
486.2938409626384,482.69859145857504,18.610055863970416,37.05790154061063
485.74643021300324,482.71788341308417,18.858949528729866,37.13197274224956
485.35364767724883,483.6382483127012,18.8718558349227,36.93392358800453
484.5777905298314,483.23851487802284,18.920028660183576,37.16432834359931
484.455407378405,483.1786710131269,19.005974020992124,36.96130058233469
483.5830082064383,482.8123542851125,18.92984033424775,36.86511082955468
483.21857580754846,483.47260087390737,18.99178739072878,36.773827909495196
482.5773803307332,482.7380139988292,18.53979190026751,36.668431123037955
481.8015927761994,483.40597138178236,18.449645045452627,36.565308973022205
481.3273365040979,483.37344909629667,18.49811147950242,36.65576816917627
479.97730970096933,483.80777665910625,18.640138771977796,36.619889172802914
479.6837532753338,484.10023116356155,18.403226826762996,36.415385679324686
479.74538281047984,484.43334760782295,18.27533774589586,36.26750577618398
479.0006642209489,484.5179060870004,18.127245313370217,36.09097825942273
478.1443285052246,484.47009249601024,18.405128517737452,35.984803917836864
477.8318197045945,484.70318750810753,18.186446604131817,35.96998955692273
477.1065667036699,485.18586898712084,18.06328615261958,35.92417022282045
476.2774306539187,486.55757274944693,18.02061835839931,35.52729957293934
475.5575468876759,486.48314012463385,18.110344024582464,35.558712655590924
475.76095698561863,486.28736857664376,18.116259320688044,35.74943087991191
474.91033866842974,486.9256631944415,18.033920420245288,35.70165374281957
474.38462690060044,487.09105973236586,18.21234148636423,35.95294264052345
473.3511680015953,487.7612157950131,18.34160979592549,35.89797153962785
471.74721412748227,487.56732329659496,18.227316530586485,36.366483838002054
472.5205988060613,487.71929911464287,17.96480482380374,36.105672166248354
470.88325482449756,487.8433248211498,18.068438662099055,35.900639533883194
470.3270957178914,487.72459219639745,18.027872034346167,35.766290055604756
470.01711716678005,487.6151118375962,18.212003222424297,35.75876887358813
469.60514981775265,489.6436417652051,17.84855033483911,35.26432179035833
467.9588436634331,489.7467452322471,18.160540113494754,35.400562315971854
467.1398715347992,490.0331448685559,18.250530884319964,35.08675935120428
466.640173396511,490.81875539671967,17.88200437799845,34.668334920967744
465.79662816502406,490.3630577041197,17.800521914450957,34.62267747928622
465.1092746496344,491.273848208532,17.60302399775862,34.57013443242144
464.1265200171402,491.9666191328655,17.732301435011188,34.36016629038134
463.5985349979344,492.6131638994825,17.689648197666028,34.29418726225143
463.28001013445316,494.0961122686811,17.770883718028244,33.51754123148057
461.7398383965792,495.3429998136086,17.711809068623538,33.52231369564164
461.16456307095865,495.2324696792595,17.829528885475916,33.45199805906454
460.00481158099825,497.3930414829913,17.945882546701732,33.067431056444036
459.5731739404336,498.52803492357504,17.943586269355468,32.68103380063521
458.0681740398032,499.1620031826516,18.187088697035342,32.59325196368784
457.73158072930926,499.9598506852559,17.997235586043853,32.79849139241634
456.00016791680036,501.85266521964456,19.55159439511312,31.935877918121374
455.13792030248294,502.40718447496977,20.274846151648692,31.871405085113736
453.24356716931624,502.99997309607323,21.027009763944616,31.677267781452137
452.3094413620406,503.7717370697864,21.610351891725244,31.578589682772957
450.3749981880397,504.2582081134775,22.17031714101799,31.73470178411918
449.94361606253597,504.25885540583437,22.328523913597618,31.977078974269595
448.8350734524231,506.4934605363733,23.53396453200142,31.366522735408576
447.30298098755424,506.63740785745136,24.183381958000748,31.214594483623774
446.8351738632952,507.8258873271802,24.91699789821783,31.18998363338416
445.15951477839235,509.2441320324596,26.03343180593856,30.745375688737212
443.72185309966767,510.18740022120267,26.796256880001657,30.625177898058357
442.4631119965672,511.0132509827041,27.20514252286339,30.839414561700984
440.47047717206294,511.1939160210076,27.685118802578707,30.955301742116845
439.2145905181339,512.0505761589795,28.606616465180714,30.756035526155358
437.8960413922726,512.9066715493536,29.462200072280545,30.72435824657434
436.4864612556275,513.6050106584377,30.352492409436437,30.547073996988548
436.15639376085187,514.3555683697343,30.582439130564577,30.61125069437503
434.64897493229824,514.4830063053936,30.902791361722734,30.632155888282025
433.140474677696,516.0446112183075,31.265459233140405,30.161360861190836
432.34266978229687,517.1958528828967,31.69973796639006,30.594898335464006
431.77969649210036,517.3956426006196,32.363214909389114,30.65082281079824
430.41079084836565,516.7348062036855,32.18984450854984,30.728973318251285
429.07626210356557,517.4744987095146,32.75679971848691,30.495816524671646
428.1577616962344,518.1393192837107,33.05194960865744,30.54706097732304
427.22503809796785,519.0170031088937,33.37535454978884,30.96897971344686
425.86189654305076,518.6127784128305,33.317484913422504,31.740118505292706
424.7276085240065,520.6784642942797,33.48698491887255,32.642145847466196
423.7071967402657,520.6503228558792,33.46516638888093,33.24292931363804
422.2425725402226,521.0138249960362,33.30065572906103,33.573885066740715
421.81176211023643,521.8444195987969,33.566831254122135,34.35208079850587
420.60557426678156,520.9293999633446,33.570884845160926,34.13438771619991
419.57033148870096,522.3050624774983,33.91919730657269,33.62341531850771
418.0193734883528,523.154469206661,34.087607295305986,33.668224282400644
416.5677934816737,523.4507700292069,34.28982669968599,33.08519247967718
415.7816688249711,524.8305151304314,34.135792462828746,33.170849171683216
414.64793718433515,525.9609826845171,33.998276276708665,33.73768715768898
413.82837507251793,526.7674380092178,34.01820575432571,34.48793187327794
412.06328235750743,526.5081214634841,34.1899541230369,35.013512379694646
411.0438565462735,528.007194347849,34.477141345403965,35.578699168643254
410.35940464171574,527.9302845816621,34.02277125734852,36.848930625379055
409.03670330934153,528.5011957536021,34.535942686592705,37.088243983632424
407.7507519606846,528.5370680884454,34.4555161774399,37.223222214217145
407.8630643688536,530.290927308866,34.25876537823629,37.50217326609763
406.7285619370172,529.9078077365443,34.11056013982771,37.62439829063905
405.9485006353818,531.143677076878,33.81511791041119,37.241213515458625
404.4724704001803,531.3529973163091,33.44582423004204,36.92757529084412
403.9549242240561,532.7463597130238,33.35355123156731,36.45526023023342
402.7179708606774,533.7052066245585,32.438607269390275,36.808015568693506
402.5346286126995,535.6262508524903,32.66435896696041,36.14235185457487
401.8308987022668,536.4916534500551,32.894514639151865,35.88297731873935
400.62802721465914,536.7338610864794,32.83526628326666,36.015945168335136
399.9302602218934,538.0541593503465,32.75277840867561,35.888576103369275
399.17649233921685,539.4913266338762,32.75000495466827,35.94434865300914
398.7120227416515,539.709192664256,32.755075851268394,36.413035954794594
397.301431990584,539.9522305262491,32.1229406648658,36.86024063919076
396.6713957388304,540.2667039588807,31.843684474029374,37.5651631119631
395.27082009271675,542.439475730772,31.666788872183268,36.963303144764595
394.3965862333457,543.0322056805184,31.546638817869276,37.32914567828557
394.1585521996877,544.0369390658385,32.01920237701037,37.41971433664621
393.53642434929736,544.4041676774551,32.4259387301233,37.62625292582898
392.9442732835545,545.6879206186361,32.22360675020465,38.02435516343172
391.34322294567005,545.7797278649005,31.535319175622607,38.38010775063786
390.4501839638101,547.3418141545012,30.95283038786239,39.03680274803533
391.04478340918257,548.4700490739191,30.975478444787434,39.14256607112584
389.10105508681045,548.8891378542612,30.850040935936754,39.31630407497863
388.02631383212974,548.5948022093728,30.84186725251861,39.595187316488115
388.326845828588,547.2810031195678,30.86761243938495,39.91725184856101
387.5929295164896,543.424913100509,30.887858765592807,39.91668335915157
386.62563644324865,539.8542305488997,30.43121599781387,40.50546858260947
386.4577601554751,531.4915351275827,30.322291041641726,40.65499463337354
384.7866316742394,518.6902427648405,30.65066798969361,40.502318891328585
382.2308098949128,502.92330666096746,28.825391382331205,41.26577293196029
379.7099174425918,483.07197077150147,27.99649357060359,42.120670205277115
379.6339470826739,468.4040223598707,27.716054508239523,41.667067745701715
376.85705763550334,453.6273991621888,27.026790933556015,41.4824105460948
376.40822864527104,439.9355355843303,26.42174894282151,41.16607590371605
372.7606043356129,425.4415130341516,25.968748985019857,41.05464323612915
370.29276776881636,401.80332360794876,25.688875510641786,41.21059591055637
368.16687418558325,357.7297397889227,25.28148108225934,41.7660505969483
365.8757480635958,310.60723678607206,25.489162956513816,41.09797829454409
365.9995405611023,260.6563216671381,25.54710368162025,40.70535205047837
362.9386808330003,214.95573623739992,25.997125521247114,40.58790718729854
356.40578671041754,164.4004221817681,28.359901299981935,38.050502156472305
353.0845121159458,128.46714794103139,28.93751480472139,39.47858170484028
352.8508346297118,101.23893818056456,27.85231123589142,41.23640045673095
350.15374583422596,80.52611762360564,26.893571155659505,41.99294367025816
347.18385002738916,60.27935196354873,26.309701155868808,42.966478347305596
344.5221886634546,41.168151453460396,26.17124715033942,43.87270962871273
341.8652060012965,29.828474350351847,25.965526729416368,44.19467057015932
341.07015575236005,21.897310267051076,26.657956004602482,44.708707339666134
339.6522262513328,17.63804223532824,27.042135538502023,44.705719927464834
337.34766457701744,14.33971862056967,27.549599589189697,44.83320183181718
333.9716399921092,12.07506901816371,28.170426987766,44.88852776239814
332.0413222146431,11.024320979978555,28.094476162693198,45.30895601440474
330.161363482563,10.687679843069589,28.114335920020565,45.68523281365526
328.863755060492,10.733466867666358,28.663166045412638,46.09217663536474
327.0019023634935,11.431441472299277,28.939499956560415,46.48378848509701
324.13083371479996,11.779462444266386,29.228469338603354,47.0020482465232
322.7929533325079,11.95015748298632,28.915429815940676,47.25954883127663
320.6518038643324,13.176370529801083,28.96871530929856,47.28830626654725
318.5185134869882,14.4191749581593,28.796068482962816,47.55342816277577
317.5935503367235,14.137925821153257,28.640562654585928,47.75372692168356
313.8172598657317,15.538602237603861,29.368825664440564,47.80481539966492
312.10820049001427,18.61358449802495,28.886997487851154,47.801066794502674
309.8014637779821,21.65496119540115,28.657707487995854,48.54462832589773
308.4726555928967,28.03115318611596,28.341585664654726,48.43979588102817
306.9347583069785,37.53002596405661,27.967659615382146,49.046019899121475
305.3503764380948,52.27319314831695,27.61783385653689,48.979737105307834
302.4808400884408,64.95971415967655,26.257480286313694,49.093515303535895
303.5401561391157,81.45941855567803,25.552323579212853,49.00274832671849
303.1707891385073,102.96666711381431,25.559734219032844,47.97060442089514
302.9974793426758,128.33019612497975,25.39152310219214,47.310246380253744
299.74900730431244,159.20237443494088,24.475746975519158,46.87336198933535
299.5802864827915,180.06409860999955,24.598670101305235,45.88255295196218
298.85215371962846,199.81925086415822,24.40488772933886,45.127081665080354
294.88206448481435,216.43319740989696,23.83611691918189,44.490951116327516
294.79162665963867,231.29843140451752,23.595490038958474,44.2075236849477
290.56909816622436,245.47018754082285,23.52102626620451,43.89270365782042
288.77511845067573,254.18262345451126,24.11507562306779,44.201651791991495
285.7109415079844,261.1355505881822,24.881976452115033,44.64432066460325
281.34849103868913,265.0674659856346,24.469871584736346,45.41662687836532
279.0179771480098,268.9191948320334,24.866519387915055,45.291627971578535
275.65968004877493,272.5224674228697,25.391054069478052,45.1871054377637
271.9331526179386,276.067588827343,26.08718954714801,45.02498705661236
268.9500410647193,279.68024068293334,25.98961851753929,45.120049728030615
265.2131879430648,282.84684337608735,26.242883896285335,45.1646247791921
262.2232548862825,285.85204302509663,26.276559652641623,45.03891385855391
257.58023293617794,289.28272638484356,25.73123892119787,45.23094908608153
255.71113986197412,292.4864774159959,25.332239019190546,45.14827994003653
251.4424293640463,294.51944502109626,24.981122608124785,44.96722479575389
248.7011898503896,296.7641130124714,25.149337814790016,44.80816434858708
246.04622770649337,298.4403043127143,25.725255697705755,44.86623983602238
241.51639074771765,299.8129262241383,25.577424389121934,45.23102571059263
238.58763173668981,301.3548347239185,26.324573205702713,44.91206743371899
234.11327200406384,302.96828873191,27.45084870885752,43.668919297801985
231.66011838998608,305.9063626660591,26.98415483838023,43.44470128485038
227.98644734888296,309.4300976307547,28.059716906548353,43.02330042436786
223.0373475937212,316.08428038121104,28.414978184450028,42.785188295647565
220.08727869745496,319.5882102432251,28.945144224815742,42.405049404444235
216.97779639885042,323.04261475304486,29.296848365939653,42.03727365277953
213.63151613367253,327.18131332802125,29.50827352794825,41.64938522703942
210.4979810313073,330.4380792998575,29.657220201337154,41.52294921155898
206.56044464659956,336.6780306868786,29.73357308778754,41.03203912855675
203.77835717071088,339.2770986656833,29.90709061463815,40.73990092409072
200.34347659751714,342.74550817859466,30.2371893998806,40.167850403364454
197.9455200636175,346.8976497819738,30.209662392759245,39.361030422924486
194.79040441220204,350.09630290994653,29.765407134768623,38.88806489192413
191.60611633047125,354.307812559193,29.183645888257022,38.304930351426805
187.7441325127015,357.79540226537324,30.103308447197445,37.141551895792375
184.10874892484253,361.50338561113347,30.86265728032506,36.31007598033399
180.35706571099936,364.34735000522386,31.378713298465478,35.36401568809437
177.54780868180796,367.1752512772379,32.00826995175794,35.244670682670986
173.93225765168438,371.3097859688201,32.65086102186228,34.77937851737161
171.8126363381662,372.21838937817256,32.978861640689466,34.77852501974211
168.30944262935927,372.1098645292142,34.564835087356016,33.68053412927992
165.48345112056901,371.5463751013237,35.174487839891356,32.495699392150165
161.99488582499725,371.1542802667521,35.63602490228731,31.791646315893875
158.66262892215815,369.74309211904426,35.29359023689622,31.69076979034094
157.1838407839146,367.4439351339905,35.5262398032545,31.24755696601483
154.95269046930667,365.27225524207245,36.04365756274988,30.65394031705064
152.05525885619159,364.5343030485795,36.201513552499335,30.38408736265171
149.45556316283674,362.6518136696682,36.03546838525398,29.998270660727023
146.44929336574194,359.12650789872345,35.496181502392794,29.779077248087724
145.2723786032147,357.91586321584816,35.04876271545082,29.627357361290024
146.25988513738807,355.28421689625833,33.76628713365726,29.486370768444548
145.4585055908805,352.5965041064982,33.3178455983918,28.94806429611552
146.50836839805203,350.5304132874138,32.45490730323206,28.512039624012022
147.45221924620097,348.0119914847335,31.685378014084478,28.145454674837648
148.62826126822992,345.124928676299,30.80950218001801,27.85141546626722
150.74854337928213,340.1880572243182,30.316683471829577,26.673549330922285
153.98453433004246,337.80679338588664,28.989953321254973,26.201601395144927
156.02899615698124,335.76903762465173,28.394333443164776,25.168677286816383
161.57543525510383,333.57269880505504,27.049495446199405,25.279028704543737
163.97210910346703,332.1540865941583,26.50762069945465,24.89126085109921
167.73513903449586,330.20574396025705,25.69829715407791,24.618788137029178
170.72739970775228,328.3056041506897,25.23573845023473,24.094488040435014
176.30552714203358,326.52197602849566,24.75647122968241,24.79345910568499
180.18937092931426,325.210611588335,23.69277173037741,25.262452109922936
186.48826894130588,323.67651933151745,22.714223142917575,26.509140732940665
189.63993895558687,321.7215511831727,22.52133719684464,27.08353482763429
195.31336434584122,320.2591956026535,22.302447575088372,28.22677914697495
200.7070485839244,319.15988564167895,21.565509396773578,29.539638880821386
204.02793117659613,317.22427089990043,21.448348055119084,30.139679866835035
206.92933542337107,314.3816019472303,21.515581885635378,31.356233916737118
211.71907456547825,311.3227853736372,23.01890065189705,31.932054644031957
217.16735822240744,309.28367443298436,24.443978121058723,32.52021810324897
221.10360988201685,304.9538262653764,24.539036523641634,34.20150085661677
226.69767049055062,302.2341998173931,25.0827392277777,34.29866505324259
230.25058584028727,299.6651688668313,24.584250771498972,34.26035299577848
236.29630018196744,297.0833083039171,23.710981763736832,34.49236435521902
239.311027067782,296.06768011455637,23.791016956188532,34.20864475699648
241.27510250948328,291.380767456682,26.07020106805573,33.49968065166364
242.2298742521657,288.97236956265573,29.575135407855672,30.724433039905467
240.75785722318173,287.10065150479437,30.07344855479763,30.073518626911117
242.13457145238706,283.63467635735014,30.426746742810273,28.81364591612333
245.1059697216749,283.0875302091216,30.44181734977293,28.42924174708812
249.91351772537058,284.5907672764962,31.14834800558956,29.138675901294597
258.31904491349405,286.8807627264922,30.910882954293786,30.445303138662254
265.62118840213355,290.11926552171496,29.27229803389956,31.667866296690814
271.2261864127325,294.55213058059337,28.766175647040054,31.89175390812101
275.49805126804034,296.24620545530036,27.10000941298693,32.94167254859964
280.7343293059793,298.29545595532556,25.66245318452102,33.90124077767523
283.0041072135839,299.1511809444746,23.80482528869976,34.19975455021634
285.7630909130595,299.9739744124218,23.398693369484846,33.56872759852912
286.195629184482,303.76462586311226,24.537443683252995,31.30084308551493
287.36304608533004,309.08681202333344,25.502192362941173,29.068315972286868
289.79521693601373,317.83112740024046,29.3474663689713,25.827628142972348
291.5381294711474,324.8442898841746,31.47238958971957,23.646062162530797
291.0364765302466,329.13174569897205,30.60996780848098,24.39284490702034
292.13412829911687,330.4650190262101,27.130413296085333,27.849442402324627
294.8006188684501,334.83035840283924,24.242572996041872,30.79888888557755
297.1373459472783,338.2042304873065,21.04547892101181,33.56568252792222
297.64466152315714,344.1406825443337,21.24407671021789,33.09024793443682
298.4620708907143,348.0606397659376,20.181483247759097,32.338162127398405
299.44939465131165,351.1284741531136,19.54952118760867,31.430891676105528
300.2263613525228,354.8015402905206,18.941900272311777,30.613822149246758
300.85587203983636,358.25384729372934,18.57117866088729,29.83472074277436
301.6618261837198,362.15278398492364,18.28321780277731,29.062991864932904
302.3391928678798,365.9084204148486,18.26172661242071,27.89166193721188
302.87679442891715,368.74150733408084,18.588697009480434,27.2021545492479
302.79371088594985,371.5419720834908,18.78266984287938,26.471243532636244
303.29582447216274,374.50328348606996,18.904215146649946,25.509330776153398
303.22588468579335,378.43505835535933,19.965922452905346,24.776011941200167
303.6265781508462,380.1885193249004,20.592013120989883,24.870655363140962
304.5652143610884,381.0265058625431,20.826568312428826,25.109257745428508
305.5210548887251,382.0524007127727,20.951673098143566,25.581878054353503
306.0777859481984,382.7846523165913,21.139343062136092,25.750341961164814
306.7336248139701,384.131591105175,21.25146484536323,26.672557065882213
307.8311157229813,384.77743891961535,21.095041748883244,27.72630277840163
308.47872180496404,386.0419280908194,21.10663746055088,28.161219518467313
309.79505860625164,386.32700121995174,20.521141172733977,29.57385812748931
310.775588340812,386.4800578360837,20.31999479050444,30.355141040092327
312.6102893075108,386.8651275518554,20.35196095059741,30.810218474088515
313.68217602767635,387.02496726695034,20.519890238537865,31.321501463408485
314.48355184470523,387.1438941789241,20.93933823521739,31.325160161562426
316.203629735708,387.4537074515213,20.796277275141794,31.854828827206184
316.3838507489394,387.2849624211275,20.874829626530484,32.714913161084255
317.8758926463543,387.8630152505557,21.25140948412067,32.63765848680124
318.64202959631706,388.5368426485955,21.330554069836683,32.38242558002676
319.5618124418561,388.96353238235014,21.60972655319715,32.17151134632023
320.1726866144596,389.64384916617314,22.06797922842151,31.923459746981752
319.58070337516443,389.85212786619843,22.043830963779186,32.00055752190174
319.5140221380543,389.9114902367685,21.57429031032914,32.255619945449745
319.2144032993082,389.7151431517259,21.270622344835157,32.22026833606831
319.1821115295615,389.34918846787997,20.612487109056104,32.69301387705614
319.12147744313796,388.92074709003055,20.49342303607649,32.85512772711536
318.37131938859943,388.0142928070244,20.26538755213595,33.22557969007744
318.21068358849465,384.2055252189241,19.09276564820275,34.459790720007305
318.6531768793327,379.97953476868753,18.831949727499296,35.333122099606385
318.5394372567548,375.4444473267987,18.881378693037732,35.75555280461203
318.4543058665728,371.37718263355896,19.022486334521776,35.92837078438383
318.3186869935676,368.5546759785988,19.34045372715525,35.9701040268602
318.4379598818956,364.52143135730404,19.691767614939412,36.33934290323884
317.8728249067561,361.28613142967936,20.33858074496893,36.89172796051457
316.294443805601,358.43112006811594,20.335821605955218,37.319029164171155
316.6428013121982,354.84776155501777,20.03310187779502,38.19683341723521
315.56495288152524,353.72960074026525,20.162726475423227,38.65763674859116
315.0183752197609,354.0732306591736,20.12828399011405,38.39153444966526
314.499387897086,354.5270101865119,20.016135754528147,37.79526771547855
313.9617020473698,356.1672408010737,19.88293745045114,37.33051107047669
314.3820104616365,356.5842390884923,19.733530653427007,36.732492830781524
313.4778315919394,358.46817457852336,19.57109371508691,36.29630691694261
313.7881943717364,358.8094445344462,19.222819645656767,36.05239412892973
313.19914042939985,360.5159691305402,18.839622126620377,35.6842088760269
313.43905626535474,361.1124660568901,18.738112966622026,35.86409762792606
313.44887260959393,362.04934725508986,18.656185668298882,35.484971886380436
313.42723290963147,363.1075758627296,18.72769626619202,35.34615613438068
313.7177924181186,364.4294140163353,18.753750811267512,35.211310136083526
314.5231164083638,365.1165846925961,18.69301242245197,34.81424189013684
315.12964214746313,367.2748496378981,18.78670885761391,34.16564117204874
314.5675323322998,368.6586956381584,19.061476826830663,33.70536441849166
315.44692192365903,368.62529440913306,18.920674786446206,33.64204776142816
316.46377179266653,370.2993206941636,18.86413705194832,33.58374529054909
317.27694603448253,371.5415492455233,18.907980094729332,33.330109320489655
317.7739963387186,372.94446693645585,19.099320741826652,33.096211022822544
318.6480946375068,374.2454872102513,19.022710896188105,32.8616652967801
319.86781846333884,374.3602044143694,19.234117116823203,32.75149941021047
321.3433511488517,375.64297177398055,19.312976853753455,32.29382358724368
322.3453300807788,376.946263171476,19.232013603546648,31.865666819550658
323.90637037703783,377.67964795164477,19.27457510659435,31.836844532467623
325.48132618142864,378.6622110437473,19.35327615917445,31.217623175380467
327.609242342387,379.7690634728328,19.21596075925479,30.671612766634254
329.19644326457853,380.2103635978649,18.98744910308895,30.855312193465068
331.1309220954305,380.6753334032572,18.820431977884084,30.88701687455835
333.1626689855892,381.9265980381301,18.473619439555748,31.291516756728907
336.1277490916327,382.05306392827475,18.254012396719215,32.017785697226714
338.24772901423205,382.76194794665435,18.50185314966504,32.21690737566229
342.80495139818265,383.42710961559817,18.771291858021236,32.84010719680164
344.9404985080009,383.67680032642755,18.920544852129773,33.097855921169526
347.3169547697753,384.0840701273981,19.188492523740962,32.9411793401254
350.5599942503493,384.4549771850304,19.216073993501148,32.886461164973895
353.1460943448055,384.723095724147,19.28138257839244,32.83065671632583
359.4961277381589,385.1749983149329,19.108264720518605,33.6462903260291
364.174119152275,386.19911611372083,19.144942033277577,34.68279679769763
367.4134550279931,385.5859303175461,19.336329485943,35.143591908227904
370.65917294582556,385.8662875058802,19.745110706552545,35.23498399546885
374.17285526371404,386.45193483199193,19.548242858800435,35.338537685187276
380.592707113366,385.89213492397005,19.848531873424847,35.28825258111084
383.83065461683805,384.8944925690946,19.820438456446446,35.453805945684934
386.8726798809324,385.27199351115047,20.494555195103413,34.95093388454271
390.20015909341794,384.07845221685744,19.95690634044496,36.041275583579505
393.5012406219131,382.60622998030993,19.823902886573535,36.87253441252475
400.00761044996,380.576934680306,19.840276046336587,37.499717322484365
403.3713361918732,379.2805709495741,19.87345564695235,37.670162088177875
406.3531819363964,377.587879496486,19.98633323825869,38.26822652626028
409.68611419351174,376.8987829700362,20.12935811306616,38.638128692280844
413.4361458581278,376.56122778665593,19.712045104268597,39.17764668781606
419.1804322871253,376.06256864967537,19.709302553280395,39.59596430994077
422.2489418963537,375.80143887710386,20.283950395675696,39.563012966697976
425.6780461024849,375.28366475545545,20.58363945579478,39.51654402669096
429.5235263493477,375.67976807476526,19.598919616060908,39.89415674308237
432.811871447816,376.3025500189313,19.344704852474017,40.21598174692408
438.65975369394596,376.19181080586753,19.80583981242351,40.6901041456869
442.0964835577559,375.8694367135972,20.14727581005383,40.771547190685865
445.80018888036074,376.38422488645637,19.856599669543918,40.76726586411735
451.4343811379746,375.94135441455177,20.024536412861192,41.318900541427965
454.58453654834733,375.5892868700446,20.313275408247254,41.201301261641234
460.5084105976359,375.6467346773287,20.40562607218235,41.44347689775007
463.93698628712656,375.06580431174683,20.31827869405548,41.707629510952
468.830975154227,376.22502239928616,20.566252574234507,41.900969783169415
471.39509413808537,375.9263387846047,20.20524320988078,43.065741819146275
476.82503922808064,376.6754387600587,20.285897158308167,43.07722261622419
482.0051493083439,376.76542487303993,20.47079532969083,43.56696090719131
484.11915426039826,376.21091950336614,20.67097565690544,44.14364870332826
487.7525890902033,376.1218708323966,20.26326451322555,44.417612568950446
491.29635785509197,376.40303809011226,20.469300839801868,44.5806242611378
495.02942659507687,376.1944557654623,19.822486422728797,44.62292334871401
500.73364626915,375.9286011405077,20.1522672894264,44.567134947046284
503.0509649559009,375.77479169708795,20.740465456696008,44.496536196346824
505.83409357271205,376.0953584378724,20.89260011836792,43.99168359415626
508.24373535320416,375.75089118352525,20.72809360740201,44.1526573255678
510.5895267593349,376.42322611373277,20.57859978058361,44.14212311674122
513.5791527050369,376.54270432267504,20.90856200432242,44.04320413116963
514.9525264272119,375.98832868828197,21.348703254735693,44.257229481186016
517.1263498270872,375.5806007158673,21.067931912748755,44.4799858982748
518.1474695246201,376.01512640713156,21.743440682813485,44.721707959922014
520.0380608808854,376.2018205820339,21.499884713599666,45.35827883100349
522.4396611956493,376.63047757654226,21.749460420741848,45.55225773825764
524.0363248327832,377.4512833889604,21.87960111636833,45.71089151766477
525.1984302915073,377.07704533131357,21.695465167258206,45.77781528243739
525.7776663236774,377.47673660411397,21.66722186077608,45.845975897751956
526.1840183691088,377.6465072268909,21.957538795571054,45.72219741641362
525.9427934536137,378.03556730356274,22.188686831316964,45.15226239938809
525.84016090278,378.09394324184024,22.407860394651962,44.89252134930158
524.8538007086594,377.853054882621,22.52611100673974,45.21958121841289
524.0106176193538,378.36026968871903,22.90563366614007,45.44234066070605
522.8672795056366,378.64862084865416,23.890757717099063,45.48664113414784
518.8726846698531,378.77046925761516,24.39242526342166,45.303202581810574
516.8011348845215,379.2372613088648,24.82242606966548,45.976302806436834
514.2219583570744,379.8270490483438,25.358804656328324,46.05079117215964
509.595921464675,379.8717457601183,25.445050689967644,46.543640952727344
506.9590015526868,381.3220165821918,25.592194881009398,46.62878155764963
500.36982093397233,380.6647771673995,25.82605519528154,47.02405019169283
496.630747189171,382.6336186862061,26.07985080194966,46.60742452140443
490.92480764463556,383.683100060931,26.061728632170507,47.10544591998023
485.1079646175118,384.24896097913864,25.958519125199704,47.310722546241905
479.8628869372573,386.466209317933,26.56017808678295,46.47719661373978
472.02912570304164,386.6597816364351,26.789635980018957,46.69227286964181
466.6924195219905,387.40713026128117,27.13744008864227,46.4073213846821
461.6991437683368,388.802786791863,27.544764148439832,46.52751736053615
456.78273307058174,389.0478614968713,27.68037427838604,46.45141531093981
450.8496882863687,389.0483730846237,27.4192303415631,46.77483079677199
443.23026856930056,390.0990087436586,27.447573826907842,46.3035151280781
437.6210909221137,391.2799917779494,27.453417104985178,46.240033861742475
432.56154911979417,392.5321101956545,27.44792986306668,46.211658098872554
426.87089288421566,391.8291980174873,27.470738992548867,46.317512662841075
420.82077502094677,393.3458417524412,28.204739939728707,45.97808715429795
414.98358720481025,393.7031669602855,28.40583657267313,46.08151603138358
411.9161533587037,393.12185617697355,28.93020249868136,45.578824354141446
409.50920152650434,392.6453978194592,28.934610237176837,45.71392922243704
406.96841591033683,391.74939152621744,29.24341678674206,45.877288759451616
404.48385269959823,392.2579282214449,29.551047045804665,45.74030375791659
400.5440159036336,392.2472043471474,30.569526980812665,45.636800881509195
397.8690066005865,392.41978917849013,31.231082852684416,45.795532700452135
394.3088158129524,392.91582997385336,31.89662281418306,45.18342961748283
391.0901226573643,393.2531819250867,32.24764199507965,45.316758287285595
388.0329951296316,393.19757606253455,32.63917356650571,45.28589246209785
383.12666954916534,393.63938386618327,33.67042213954767,44.91818944721149
378.8828310235846,393.3813473019349,34.34567023944574,44.77196419437967
375.10685832847986,393.3327938670166,34.67155619285714,44.5973124780479
371.4923106815418,393.31591007190815,34.69627621970437,44.363930828486374
366.80401542776985,393.35793699272125,35.30482607020481,43.87204451334371
361.9270758115716,392.35249704146065,36.17287442338994,43.542773344316444
356.26884409775323,391.1936614332994,37.337863852003295,43.34010364114428
351.33536904000164,390.0975732592789,38.32511712149817,43.15941860383986
346.0858164780223,388.4558497941884,38.9743782665749,43.217406912042094
340.4822681927211,387.39147290313724,39.7320624912911,43.53488902666396
334.3279008884229,386.7914962657567,40.26229463559309,43.60884153943927
327.31286611633675,384.22169290683945,40.93536001411594,43.85166633588694
321.61682668173705,383.88527272336916,41.20071750117421,44.962782010244524
315.8274645781571,385.30477386840175,41.74649226070236,45.396526759974265
309.4537678153541,387.5795443385438,42.417217046989435,45.88121462141738
303.45782899347597,389.9632509127284,42.605602144664175,46.11895989742558
299.30784593886085,391.78362793733703,42.14912332286416,46.36366694020367
296.0761450416114,394.04372833526975,41.41833366152194,46.47830997063211
295.979377215133,396.0361266164313,40.722687402533424,46.093452277785374
297.7552889740096,398.18955353155303,39.57480432400449,45.98176932690588
301.2174728314247,401.26262304478615,37.83570167341383,45.56542957106953
305.87945719456087,403.81469757073,35.59569061926062,45.67836445015111
310.13075493686176,406.00965909363725,34.045821021957465,45.39732240104067
319.9628325899618,411.34719376362415,32.736983785215315,44.877117372285184
329.2530640798788,412.8174417709428,32.81645961763718,43.496268321720976
343.07775098918603,415.96222606215514,31.977331312938727,42.46996058066597
356.1457404877532,418.9776925552141,30.582286687752724,42.422059821110594
365.1229061879624,421.0550324976374,29.31654819810084,41.963430341766276
374.1998396589292,425.4227242462897,29.246150647036394,40.93491596982786
386.73717682560834,428.0048163849599,27.97871966084606,41.43028474348238
399.94944673417007,430.4264253839032,26.60192078000196,41.37445936186769
412.8628915422069,432.37836523005814,25.74563892149662,41.263802335344586
433.84295567644807,432.804743046263,24.568271273131522,42.22113068826349
454.38529874585913,433.491911996938,24.115356221955835,42.66000494320937
474.8173805708503,434.2578305792118,23.532351019239204,43.22137561481282
498.93848392221497,435.5213856340539,22.968050352886763,43.782342573457576
514.7660194554103,435.3718171145032,22.19208199340529,44.56609350797516
526.5071783441172,434.7758427405385,22.354655954883242,44.501560131575914
537.6267377880351,436.1202625801242,21.801045795074447,46.43966213331285
548.4904309804825,437.46501659581605,20.47277592629293,49.15186747320595
559.7300286748608,436.4296399953888,19.81928892681875,51.636954792426636
566.7214984086943,434.6680739395484,19.828113527755313,52.43036893421315
571.8833815333702,429.2024491816706,19.67842431239994,53.90926306514203
577.5311819675745,424.1957568607851,19.433499789816445,54.3842737597695
581.4528266397867,419.2062664376327,19.73367644118064,55.10237222844975
587.3282676026043,413.5808803557781,20.29765104478137,54.5498244611287
592.9432862376638,408.0494554274035,20.707277470951553,54.68185194544136
598.6194836392416,404.06033132788593,20.932621429697647,55.13608424100357
600.2478753161874,399.43799949787484,21.40621884935034,55.578387366357816
601.8420040502929,396.7138298950901,21.81458504027345,56.12786230267069
603.0514474455761,394.0829399612598,22.16397661007376,56.76872532691693
603.9995429762471,395.38855561178855,22.326807021662802,56.93056531492194
604.9024940726994,396.01328098401746,22.359402229041883,57.47764457878015
605.8184823156704,397.22149819099906,22.131423688885373,56.944877276213774
607.1383982350347,397.57925679020065,22.237784305448393,56.86062780423192
609.2293477976984,395.8527876529041,22.407410486822865,57.6278189322186
610.172923001318,394.06151695512204,23.105984671792477,58.18235377413282
612.2959481563661,393.07000984162363,23.968439133882594,58.48872975554711
614.1284874215498,391.24417676461275,24.634534023467594,58.10706356169898
616.4846524427646,390.369172516302,25.56839224016273,57.4654933840041
618.4706479207592,389.6174428395608,25.784650872186248,57.94012590471514
621.0774236353844,388.9120583844059,26.193933171725966,58.283325201568196
623.3422873498826,389.8755500488884,27.292823029411807,57.440169010550306
625.508455736324,389.6479929238913,28.187775456358168,57.180792548855464
627.7769929305288,390.9545213742791,29.399291537308933,56.65537688724614
634.4270862362292,391.1343403293089,29.05118660620596,56.862967294447294
637.5825924590756,390.8507769975494,28.748255596670234,56.738804592674654
642.13462782941,390.5659748880528,28.698432712141695,57.15743987260207
646.7811420030699,389.45857211626486,28.921940123793895,56.57702671004683
652.1847953544811,388.93824559194945,29.322629789379754,55.71358911574866
657.2845706987626,389.0752009435572,29.352281371324658,55.51735071525607
659.4435985757569,389.3402770649205,29.59883180706386,55.518051744013874
660.4402637434273,388.5397789917611,29.3419334280143,55.44321037354792
659.8576021764015,389.49253321222693,29.2801534479376,54.87271377248296
659.1446314663259,388.19430692522684,29.09113920440795,55.3411040982531
656.8873867855574,388.79273972323574,28.946332530178335,54.764566272945274
654.7260852004333,389.1076884595173,28.841266652117234,54.002185362724845
652.5300234674236,388.0466447226257,28.997341419711347,53.60901833898001
649.9167034803515,388.4794662517334,29.814720167201465,52.54887084093379
649.0623013644613,388.15166711318085,30.168956752001645,52.37064525834731
646.4115248165813,387.54638583779195,30.43723376667642,52.170548257504606
646.5605803156591,388.30335461029466,30.76830558407265,51.982291087598355
646.0049349677245,388.6035216029334,30.576214717708837,52.01553289940186
644.7017228140885,388.7270184341205,30.453741453417102,52.443966256623725
644.5252465087405,389.0763401974824,30.98593025264414,52.512286688640216
646.4120234638019,387.8135547551908,30.779461370215863,53.318229716015125
644.7528351325591,387.0084338230806,31.404782641389733,53.45671071120934
645.6907417832729,384.19239242993285,32.19999866926226,54.936589937629435
647.7189863223998,382.54761675767793,31.856225216771346,54.85718423944509
649.5839149847752,382.1698627382402,31.72141584276515,54.55563144057483
652.8516997495205,379.0955220036468,30.48304651621628,54.600797284761654
655.6846695497343,378.88607946159954,30.035496903734327,53.87912805996494
657.7525342549183,378.93608489692593,29.31901893532197,52.42168530073188
661.1083747509962,377.6417349540648,28.68915461644506,51.188572795172945
664.4882010858955,376.55278712698146,28.485984261709717,50.40416838716014
668.2132543116768,373.2920430509047,27.517437086728066,49.96207068573698
671.9526537939556,370.61108915241056,26.842792041390297,49.3942475905438
676.222190240965,368.810997893896,26.215134247469223,48.94658808181606
679.901779244667,365.72073281239886,26.13020150221136,48.853344097776706
683.5706549745842,362.9058784035717,25.77303609431789,48.90289611229997
690.5085025670276,359.04950216896583,25.307534352729277,49.11553223324502
693.4473167902008,356.25091805699395,25.118121638957177,49.69186553439827
696.4311120375951,352.76428130525954,24.9381221246986,50.126627284784874
702.2828108026362,349.4159143830699,24.764439178966896,50.08152076661533
704.828923970354,347.20806471527095,25.214566950434335,49.60151726331544
712.3036498397739,344.20723661914593,23.6606659394388,49.407953938811374
715.3823707185501,342.23482096548315,23.617679881807156,49.45376815057111
719.2158220343671,341.62420388439205,23.664297777059076,49.17236123094337
721.6025770544732,339.68143473068164,24.12602867312623,48.88362080224961
727.7786200129724,337.4977476706946,23.886298942040952,48.62186885029385
731.1967548458346,335.1895384445028,23.86466121525077,47.84093317670093
734.8385305515668,332.9270555644148,23.661415856947897,47.35736259807069
739.0784581130442,331.94659811652684,23.856859424788993,46.7707401670339
742.918119771212,331.1409102185432,23.451329805810737,46.28948939134587
747.1250313520162,330.74140724285087,23.729676787329737,45.148942558764475
751.5905127855718,330.3568617800626,23.992481467825925,44.539286617161096
756.214542165164,329.4751400658243,23.16482523549721,44.03289886506528
760.0446981807214,328.66044186543996,23.046336591528167,43.256563587824914
766.7014852713789,326.96195568237977,22.270756794978723,43.653126589245005
769.7473406013977,325.9465187871413,22.09911296843744,43.64333284584732
775.8697772566408,325.814410258024,22.54422588689406,43.88654579909521
777.9205442558099,324.8981752424879,22.8019290826171,44.58016168416356
781.6873981229219,324.025423916391,22.65994402753124,44.835081154976244
784.937188638657,323.1237216088727,22.66342619796542,45.251490812088996
788.4560884042686,322.2342276026384,22.775112731652975,45.38773797887734
795.3690374312386,320.7014259526613,22.461029748819207,45.14658525923927
799.010345373794,319.3948829696875,22.541192527343394,44.78537465536263
802.4551255264951,317.82982743697534,22.827335270647474,44.74536262050618
806.3537589304736,316.77179425253973,22.883892601331603,44.18242122074635
809.8202033517925,315.3051678070035,22.680415837551237,43.952597949480634
815.9143653822069,313.3088493095484,22.46310770689812,44.84813993172601
819.1697797450273,311.5806411645189,21.97994602685081,45.57956180077977
822.6025025152924,310.4381338973829,21.940238916343716,46.28643440733263
825.7005332823859,309.4082117765483,22.605209391281573,46.22803447785927
829.1585767939865,307.80041332553293,22.52015082953656,46.75991508274036
834.4960116070512,305.5620667798495,22.843453009742582,47.33462229039449
835.9508656134371,303.60549880994927,23.270737499183355,47.55197032354813
838.6120346731777,301.06854944235675,23.208963230104857,47.83204009449976
840.8318874971457,298.92543292875536,22.905213869553105,48.10376010595549
842.8696976412288,297.5821177973092,22.713002843090344,47.865533229260436
846.076240861793,295.3290813369947,22.288971081832415,47.7878315832391
847.7571685532688,293.2134956090943,22.263911505765613,48.2043393904345
848.1466936573677,293.18872707766224,22.485133094748157,48.80093747939501
849.5783642523314,291.393988690185,22.826406305684365,49.65398432461626
848.5586745259664,290.89850554757726,23.146223108687494,50.40122463944422
849.6117335320499,288.41904603051205,23.48390387696177,50.87422610536786
850.1926178378509,287.47907537637127,23.74517327118866,50.6727984904621
850.1146887472333,287.08016158969934,23.59049274326,50.675357349378075
849.8533776602794,286.00419044471283,23.218635821232095,50.93743006861897
851.0155997212289,285.3892955754076,23.11459560901632,50.97099785955953
851.0361804360527,284.77420240024236,22.65648261243404,50.63905685812908
850.7633590484944,283.54495257080174,22.48087974107392,50.83000390279828
850.4631618145136,284.3845140097335,22.31871014596335,50.39128169689365
851.0904517692807,283.78833519578706,22.147708465379658,50.199855149867446
851.895712679713,284.4197473279376,22.28624214931382,50.08398232256279
851.9508204577774,285.0158810777325,22.323945666886083,49.957818639005424
852.0658587198643,286.3146197128835,22.495379202545823,49.6614521131797
852.629960910643,286.9353418947507,22.28259708174966,49.81387083137734
852.9224260417766,288.71624832890257,21.658016897081858,49.73882453984066
853.0031179947028,290.34577842854964,21.487767587286587,49.44922745051661
853.9865394132067,293.94349898425435,21.444517675350518,49.20908380919991
853.7481206589096,297.02617703193033,21.575741436109553,49.14759047629911
853.561794823687,299.9825367275638,21.49899911889899,49.36894386564133
854.4178404355589,303.93303130898386,21.5684814291672,49.397016592449596
854.6450183801435,306.3704468893487,21.636728872994397,49.38336669087515
855.5839256081379,308.9418469664253,21.47818595764734,49.29141406708698
856.7028307951447,310.79506540813213,21.471830671295443,49.28559425863976
857.2812603957875,314.1207594508554,21.502429985177116,49.35723674036238
856.6775625476394,316.6957679613929,22.149067806030978,48.586528419848946
858.2208103306731,319.11150511192204,21.948223113147634,48.89873373762606
858.1578781287835,321.2117393088963,22.260853798650828,49.0786989030953
860.0800147178138,322.09772294052846,22.02668828088362,49.2169828996348
861.060564487337,322.7014537259636,22.09127929740986,49.33746608431873
862.9189171171336,323.07976923885604,22.14731702449584,49.241223885857686
863.640761774293,322.7052235865583,22.742691879107156,49.085181227821984
863.6717005945528,323.1379158363452,23.21786412815179,48.64637262737227
863.7036738945112,323.20060739819894,23.354084796749703,48.93522441009986
864.5469933538382,322.9704609491801,23.45482371241587,49.066704857967004
864.6007865286783,322.75446935943324,23.64929141032019,49.15260627395485
864.3732977391185,323.2297624218983,24.089478566225413,49.35498736360904
864.6916154258986,322.89777564143657,24.060601357070915,48.85403236904387
864.7845188070122,323.1092575048184,24.318541966278836,49.00528107418786
864.1493422958296,323.3250604987145,24.530148650753418,49.30926894177678
862.2128128316868,323.63668424128076,24.75310401000813,49.64545918457236
860.4674940584125,323.51756707293174,24.791966482551768,50.12750219310249
858.2141613924402,322.95508998228274,24.569863942639582,49.60869545482952
856.0141371687426,322.8307597421132,24.547030309956565,49.36926005561391
852.9577020499876,322.8925305207371,24.54454553266581,49.40496221615572
849.8954839013522,323.00872223906686,24.81110028391587,49.6321873641386
847.9229061604622,322.9323271414238,24.75043310715735,49.64889710066453
844.0066012979834,323.4130276901265,24.734091015556054,49.30352705394113
840.8704287755701,324.2381566106859,24.60476941914722,49.20421890554843
836.9906630332534,324.992666052392,25.100480732424344,48.900136407290994
833.1316467147161,326.6364929925698,25.075889086662116,47.929806688464936
830.2806264985948,326.764256850779,24.80901262589945,47.59127548088324
825.3235967371567,328.0668130166818,24.067322827791656,47.53509427090388
821.5050386739886,329.79725120470357,24.273392468227115,47.0096198113643
816.6193113006087,330.9126487807101,23.98338481264304,47.036087366107864
811.7862417931506,331.99127857939925,23.926646325117908,46.809046942160876
808.0855524976549,332.917267282912,24.206138185915144,46.933658380388394
801.0107939530606,335.6529783133019,24.736151300189277,46.38782635790817
795.8325215756985,336.0443720785521,24.57322965476684,46.39580369566721
790.7264310876825,337.9911951821743,24.392785775757353,46.252612629490244
786.0814183749891,339.22546716910836,24.77684921078768,46.01889069045793
781.402409028206,341.08258883727365,24.117880103755866,45.95747318649427
774.7781381927117,343.07754042201884,24.310382918238076,45.64127821745862
769.0812802670591,344.4060026133399,24.169300147411775,45.820969397255425
764.6212261978419,346.82641592394543,24.27533090852683,44.958781663449855
759.4204742170715,348.33029244075203,24.108181763378276,45.20690254836994
754.2089758483696,349.9994206713925,24.131281879077846,44.806089820304294
751.7527884504999,351.6833042816856,24.412602273419736,44.26894718010144
749.9684006675079,351.4025877942961,24.748866795855037,44.434121145042305
747.8432982820801,351.14496633192283,24.893414466033267,44.676615092842965
745.6355512240441,351.4402609487973,24.732036710157065,44.71277728197619
743.0590226188892,351.87018691843696,24.640810721156402,44.70951144136782
739.8517596002379,351.34040893169697,24.79119901355564,44.70277787074218
737.0398761724125,351.8283822167325,24.864882231968746,44.88754866879704
735.443210282182,351.52694169378435,24.824308935449203,44.90819443799437
732.5376167980241,351.7394258286622,24.735817673479147,44.91559692033482
729.8808137741072,351.72827954219525,24.90994599151572,45.04223705754874
724.8129815887982,352.66337583385274,25.959768229565483,44.42945118581213
720.6685236290787,353.47941639084974,26.348907690264298,44.089138145853774
715.7141893481279,352.9004962716024,26.007508541289347,44.20823310026796
711.6210421823271,353.00259286062493,26.693165818447515,44.12578591094949
707.2397819479617,353.8698218580503,27.32938642908517,43.75273138136977
701.4347407941352,354.4617484361832,27.429376001447544,43.226201049105285
697.2398035045817,355.39112901570724,27.913103577380838,43.08376290813122
691.9334044378189,356.70435314304274,28.531152641692394,42.66651098257705
687.5733046176074,356.49782211469477,29.062192888805015,42.763801250914284
681.9248961059825,357.1254762114847,29.109561135809578,42.76029836281546
676.9254885350755,358.02996391677266,29.729444278417162,42.351146021811886
672.2470847722435,358.5820335522035,29.767733165470126,42.345123148807886
665.2246167449945,358.88065380403333,29.299565734860785,42.895414869803375
661.5935282185643,359.42966915696445,29.220998769166485,42.827382585610216
654.5648261562443,360.54381802912246,29.214457123542832,42.655229555649655
646.8558859225757,361.19311979122153,29.299310704893628,42.63936364417576
641.5252141654098,361.76427221961586,29.71405979020933,42.55077938083955
634.744007317736,362.1167796166669,29.634249173728378,42.48790312748228
629.3693028567329,363.3570871765749,30.440851851838133,42.24593594544092
621.5513786152939,364.2724271058302,30.383718614745515,42.223484698876455
613.1430144506608,365.22149185541684,31.019210676921816,41.75222041977305
608.2255411016512,366.07302588058553,31.468829082094405,41.554682846005804
600.2990798304737,366.9622670332677,31.851140052183542,41.53397441683156
594.2013830615658,368.55867816154455,32.60095120016775,41.624782769790244
587.7209749207686,369.92384313418677,32.990150355297416,42.007378592404436
578.0174431332548,370.65576289317863,33.430397981838695,41.99727192258808
572.4580593025917,371.1586815491025,33.69060317368263,42.01649657572907
567.5614987077705,371.98520537312254,33.72671008872773,42.064300606537216
563.3169496492374,372.72893490946,33.52291136283749,42.20656997033231
558.5016416638723,374.1624049496924,33.56945235950748,42.25364351405884
553.4623948338854,375.8658884438292,33.17714561970124,42.09170812101541
549.3124483818815,376.662158268796,33.201813838039996,41.964087203724866
545.440116026042,378.2652907125969,32.86330479788788,41.71253732962717
540.8970828058018,380.4837081217512,33.15664662899315,41.08706763888205
537.2240997452395,381.5302205083574,33.43504492480049,40.763605706131365
530.1988757139575,383.1890391301225,33.94609384033082,40.374895407333725
525.2365408596846,385.4375609263668,35.03346801664996,40.075951428034855
519.845845190342,387.26456939036126,35.795934642200585,39.32674683601393
514.7147828929081,388.7331383221524,36.425714991157555,39.08966838634156
510.2246878756672,389.80144358832473,36.91717459503644,38.83633860808632
502.6740565918625,391.40809370611817,37.01792503953784,38.69515546272461
496.25516354512274,393.4061969877322,36.786448628439736,38.52483419536455
492.06509149149906,394.52748523840097,38.18222870294177,38.59757270219043
485.7386607123419,395.3174016213359,38.623612027918654,39.05560247561196
480.4679210267089,396.69214486389114,39.44723689936776,39.56405938230131
470.7079699348798,396.66354265133276,40.100512343523945,40.72414798081133
462.98738008034553,396.05812591872126,40.612796102275155,41.81645031578014
454.55358623763107,396.73335280528147,40.719199095321315,42.78975848266218
446.2565758089003,396.2937326010907,41.1971825840084,43.67228665088596
437.3313125877467,396.08637418353794,41.75646451947965,44.36407052142815
426.67105652153043,395.5811902365504,41.92892062163874,45.32432221540322
416.9102165686841,394.054945031195,42.26252832274154,45.85556285499576
408.07622015204674,391.33706226041784,42.87202086609936,45.59374186014264
399.68751754885784,387.8296998834843,43.34995326363927,45.80752562356177
390.26487627024403,385.53383438269015,43.40261802301529,46.0744747304663
380.83623856057847,382.83266563357256,42.09123804683857,47.66107092811856
371.8252209987475,380.3783021621978,41.73748925021242,47.80366217827154
362.9595828757307,375.9312290283467,41.89277481936614,48.17176264671845
353.45599354441686,373.3826037744373,42.01650964959646,48.19435094598013
345.2673768854988,370.40078331164244,41.87379782277925,48.13237760994268
333.52703335263146,364.7265544419681,41.58434328695138,48.01468029710618
325.358276382024,362.5889477317424,40.87932907570048,48.06263741949244
317.777333570734,360.28685769400755,39.97663568827072,48.32411176833866
309.8441193714681,358.22645586749155,39.49094464100179,48.65808332717809
302.38554571784033,356.2598576640016,39.070717261062406,48.85068129398785
295.7219106179299,360.78666690207825,40.8372221944648,47.76052850844727
291.5498831523778,364.7272972025495,40.66555008241716,47.99953768289542
289.3274506255026,367.00215060174895,40.6314083688947,48.17197691873714
286.9781631612352,368.58700349079413,40.5712738667348,48.029555762839266
283.571575666131,370.3129670306317,40.54794487439926,47.80170996101137
279.8787498091015,370.8874792280433,40.784063316668735,47.73861996674669
276.18036552353385,369.52373244839913,40.965062596880045,48.3477451388127
272.99578958873815,367.7877449601919,40.98914362754316,49.47709044413033
271.570476462059,365.79094226157076,40.779352705608545,50.87731848961179
269.8932990936946,363.5497592965995,40.702453770691136,52.37917466155865
267.2755475048225,359.6463612893223,40.81160273090603,54.27746714370342
265.3867237958933,355.21881056559357,40.26165110014991,56.65396045975223
265.2649405380727,348.4054039171907,38.599365655608906,59.11859953170439
262.00861384793944,341.10814521516517,38.790780041277074,59.08060961153667
260.82377828714056,333.4935314005788,38.978043545305894,60.23963441325584
259.33627992342093,325.81663997988016,38.632925898584446,63.1220065033103
254.59036974446116,317.2976642460421,38.24412434640871,66.13865193308371
256.144488106794,310.234812852868,37.39477920423217,69.67481328419012
254.5279942756927,301.09875056004734,38.918537754763236,70.89494163875237
253.88270616844903,295.62298489051756,39.24522758905496,71.66515278738227
251.33447197711556,285.57425370941655,41.373055644268284,71.5197009497551
246.14557851794243,278.25159227170434,41.058943262992955,72.80024721385143
246.99121790986362,273.5512546319494,42.369516991510196,71.50124025764359
248.49807969483567,270.12162145052616,47.59771007806022,67.1079307461614
245.511973023131,267.26350516990556,53.0113750902089,63.69567762777614
240.52612829393325,264.3687240142744,59.33800949298606,58.98908420020786
239.83302351681363,265.5490166078248,61.974698626197224,56.550030369978266
237.4685555618611,262.654990657825,63.25008729679864,57.42955060417579
233.6676482560339,257.5587715485222,63.67994346195034,58.77335124190982
232.93127686543443,253.06926084493904,62.60755050668391,60.61462393081442
232.939791992839,247.5149029929349,62.212599594478405,61.88714178173432
231.56326553194006,244.10938234743105,63.323969056994386,62.04081822746617
230.98737209773353,241.76331885147331,63.077485795249984,62.398392454489056
232.09770109079952,244.2475534613203,61.1327391104924,64.40810030541273
237.21155787511356,245.29811086992382,58.70167976626011,66.91861211326676
241.2684024792885,252.8914980302797,58.79362753605963,68.69990114704716
247.56318431810672,258.96767150465104,58.44702001992221,71.04125041107307
248.90549118128376,259.7783226107031,57.8817603031964,75.2692938830204
251.20177982546934,264.72544072914434,60.52663456817,75.28081841121362
251.45563462278852,266.19008737173306,62.99496629051774,78.65358429962015
251.10948351560407,268.4446681997266,66.89778591135024,79.61854898259182
253.53220936252205,275.56721626145236,70.24571075865197,81.87647982142056
256.55596590950057,275.4752649784178,73.01798087544934,81.44452603802155
259.95862733061216,275.76356153958574,77.44955264077012,80.66026926040456
263.53690726062314,279.253141947647,77.26352662855697,81.76353928382053
275.51311974085763,287.54230459719844,77.51655744811723,82.51348966525973
279.97930482932253,290.3613747977319,80.00757289130466,79.33533142094635
293.4393412510202,294.81343318029036,80.21871800445224,76.80907520194144
306.90634446921047,296.6351150379967,78.89932605476615,76.31786807794421
320.1912748689775,296.21952875530064,77.44232307383564,75.96461671984385
334.23196060529483,294.32515071760895,76.88406103723607,78.32543290341206
348.63266340475934,288.1161909654145,75.3520817841322,82.28683328090897
352.43025955796594,281.01115134690815,76.8099347505462,85.93564371146414
364.9299619158227,273.8584937080172,78.45834383182978,87.88084298430218
370.91052300832604,266.57148834156095,80.3329913001434,89.10317486894806
385.86174931364405,256.18068191442865,81.9344163292779,90.67739598432104
395.85473443964463,244.80737790033047,81.19133357422498,90.30481761115021
405.81604552709433,239.88524301719127,82.2601893656341,89.23195023143253
418.95784131933925,232.9948025358256,87.38585376258956,86.89592407441285
429.12583317189035,224.90749397085176,88.55086569347372,84.95338040724141
445.68194209878897,212.58484051985766,90.71641883577027,82.07708467861434
454.74471048184904,199.15276227104778,88.84626079279461,81.8678978992566
467.0155591194176,192.6079886194624,86.45681190022579,80.91029172952696
482.67068407621633,183.71102589226143,85.02056825799073,78.62235950265452
497.4616668906251,179.50015477055396,82.96422213600911,78.2863340687623
514.057133670109,171.92007601131243,79.1565092496487,78.91770015963307
522.7067491457744,166.83376327352732,74.26408142942128,79.23606709791082
538.1614685556161,161.98779786542718,70.30995343127128,78.4045213134641
549.4715703463824,161.46191009496266,67.391549242439,77.54490607299059
566.1930801170765,158.5433143028651,64.58380649548408,76.47153895662413
581.577109112196,156.1342274972897,64.2905428930627,75.37890543505404
590.7231727242643,153.59757983090532,64.40728827329625,74.94156729919484
604.9381892836014,148.55813058765497,62.427683163655125,75.7843503300681
613.4541083083417,146.48827159464713,61.322515188637425,75.26852022038062
627.376052522178,141.6813736426035,61.19521001291791,74.05101825001725
640.9280985583767,136.69375865955885,60.12637146530081,73.09230732865532
654.109501456935,131.8605446473809,59.215960153657754,73.06650989677348
660.9218063267689,129.18149506436444,57.616083957386024,72.31486975921753
675.0759958003888,122.31855837844743,56.284538353652145,72.34826971949147
686.6482550415807,118.86203616346592,57.35982844975962,70.4601829009804
699.8924433768804,115.95200800718413,58.28180639341805,68.3027874122439
704.045874974085,117.2871264377384,60.39625362381343,64.87630738182767
718.1047150543324,117.07934968663793,61.0912527540901,62.83789259751431
728.8689440639375,115.99779117317952,60.62698655311724,60.9215981177783
733.930270694888,113.66716161611387,61.05171564595262,59.433908085638855
746.762769806984,111.89681860102543,61.308489424934436,59.40655946692047
752.6881535669024,110.4094636914326,63.18933697162595,59.998991320560464
764.8029025493887,106.54382666357832,61.761364122619995,62.93052077025098
777.2077958152706,103.2419822421973,60.27921049490889,64.60074508588289
782.5480212307193,103.83804126556646,60.51643277497344,64.5699213802319
795.8866050599438,138.39225832456682,58.86069417841424,66.82724806545383
800.4272930764637,168.65081595924246,58.952376655200986,66.86344319038966
807.3720745526431,203.42240861632484,58.55757898451952,66.4922854641155
812.3452185981363,235.575597773254,58.06840415952436,66.3561265716439
820.6497170634287,273.1370133595863,57.43636073540914,67.45157237651833
828.4347858361165,315.70056323583776,58.42000660678183,67.783350187492
830.9923159034122,355.3693266164935,59.64057259752593,66.96114325039936
837.7143476852151,390.36419466513064,61.53377500224293,66.61354277324222
841.9316483008047,424.1009031740066,64.6057216989203,67.23768282336144
847.3012368319253,459.6268131105815,66.76672736067806,67.92910330665693
