663.5,450.5,128.0,132.0
661.0984241736661,449.3819956065953,127.18174271330625,130.07599892581692
661.5832197961316,451.5083074099519,126.93060940561585,128.86715445385414
660.3825726515875,452.5492367025005,126.93638944490246,128.19842329108968
660.9294307358575,452.72141275687983,126.66224459260455,127.94731414796965
662.3015942309465,453.28134495640046,126.21182882106982,127.7834574679683
662.3068168084109,455.3303720234716,126.743689791305,127.93208120934483
661.4600099972192,456.04636438796183,127.43123268061794,128.03504804801423
662.6055984497717,458.9291659944061,127.80941164480629,128.48276032203364
662.2854608310186,459.70303738169406,127.53114950400138,128.41847952350906
661.7553178953438,460.9155525279883,127.86765438570401,128.2969739635102
663.220874459257,462.66330936301233,127.5369011745648,128.0348463331961
662.4809871640837,464.2445648687718,128.28362726628075,127.74866784311578
662.2706575191152,465.31861302043,127.51668963906536,127.71264663020773
663.1117425595947,467.362123145621,128.242070846711,128.31280403790677
663.0355250439251,467.2630506900824,127.80053385074848,128.71031460953213
665.1645273616093,469.9009799579171,128.629521956011,129.01304408274336
662.1310195285707,470.2863078129662,129.10242999421968,129.2782717993115
662.3300935229947,472.57839821442076,129.87874646955913,129.76989475311615
661.7606202169568,472.07085742163,129.749967494744,129.1787272446883
661.9773416340571,473.75049033204687,129.83491847510703,128.9285231418417
661.9639486513652,475.68978207530404,130.18569684185252,129.0563082924122
660.9765067550261,475.60955907280044,130.12139153426511,129.661390076085
660.971663265395,477.8705467323039,130.50321147050892,129.59091660339152
660.4705638297693,478.3838722681069,131.29091147913613,130.7459354822707
660.5117811692828,477.95813395697263,131.31918368824847,131.06258755438748
660.6075074212758,478.06778477743825,131.91253183295157,131.1260130357631
660.1297226034537,478.09023050811635,132.2589478402464,131.46175221658254
659.2500164197561,478.34745025550376,132.60940165337385,131.39671708067152
659.0248274118012,478.5967556564684,132.8752869322289,131.1155771034607
660.8946435637388,478.6625886275805,133.4436532855803,130.70288664560775
659.8008803715397,478.63921906864067,132.88111291277625,130.63215631861644
659.4222383668545,478.7510155758292,133.03883290628144,130.4109568714756
658.9440124562448,479.46586813768033,133.30740266172768,129.73128286139783
660.1914451278697,479.4140187706903,134.37251365781816,129.73457398007395
659.7848599757949,480.40893754171384,133.96241747961452,129.10951805614513
658.6825645378931,480.8370966671857,134.64710433796984,128.35214353788035
657.1138756910284,480.7138033030141,135.7197182472906,127.86094301951935
659.4041796815143,482.82453436843446,137.51307457601126,127.88470345719065
655.6654559049056,482.66119537948214,137.5010802575855,127.84074661105772
655.3459259820618,482.6500289631789,138.3127568830772,127.20422758171051
657.0049186792597,483.32517958848246,139.629855164066,127.08827367454819
656.4814412494719,483.61077140004545,138.5408647035122,126.44396410788062
657.2471637174872,484.44223355887766,138.55722829542816,126.76947505861841
656.998745316567,484.44338120978824,138.43591951220827,127.1898057157167
657.4154650041172,483.87024582421174,138.69797488426983,127.2478707917174
658.132763539561,486.74063271601,138.24354913620485,127.18891120184647
657.3295618296789,485.3830466314405,138.35086975224277,127.57029473763899
657.9375948581918,486.4841187227724,138.9596567578467,127.5429957736336
657.5946935931329,486.44755696016296,139.22359537442838,127.80517077795369
658.4164353956007,488.6299330489672,140.26895859604622,127.82654702594331
657.7720333711655,487.9655514775143,139.61260475936504,128.37182654439079
657.2334925157659,488.1135717979936,140.11601375831526,128.47609257529007
659.0205094547173,489.28951006947807,141.23445233829813,128.68060274153433
656.4504179910297,490.1581218267621,141.10473446687567,128.3487010634379
657.8803504479506,491.44322460320075,142.41077169079017,129.12881489608912
657.1361193258005,492.2585889736698,141.46291291496408,129.10325723955503
656.9935800796725,492.82116957460516,140.48521157533366,129.32832136708336
657.8368470482156,493.8724862569378,141.14480467148104,129.55190136225082
656.2666003307237,495.8696745125121,141.66235828140697,129.55711620165764
657.7423506232074,496.4447369765335,141.67323905935473,130.4924702946873
654.9003428111497,496.0740188302708,142.21490257928312,131.26606372147737
656.4741339961257,497.9603937122952,143.09618077833127,131.8535315286872
657.0389016602783,497.61962046174284,142.07922720226685,131.70368031756115
658.2141470117979,500.28878733741516,142.1880801710264,130.8616339121028
656.9823731569694,499.30386389772275,142.93197153245484,131.3640242122792
657.3248885394968,501.2735966951592,143.87895957195013,131.2066056507163
656.8120214969921,500.49509123509245,144.83920608589887,131.66362667979746
658.7932250567951,502.7195922221395,144.63836846626242,131.74924689808617
655.4805725220522,501.77202701632655,145.37718652860718,131.83865030470724
657.2519678714929,503.4440683912437,146.22238153605514,131.9148158249077
656.8836562528642,503.2431127903012,146.9817118370173,132.5305250878059
657.6662966914033,503.5602468539166,147.90504456543815,132.92864183301157
656.071361952794,505.2781390360369,149.12018057078643,132.88406301801115
656.5002815274479,505.2604256671377,149.50930969082665,132.93807122069617
658.1222814489711,506.9141833714796,148.6335251702748,132.14052743066472
656.5361737160944,508.1676274916089,148.87714127842327,131.74374971172264
659.0362107349014,507.0652826256339,149.22558132085686,132.12966176327564
657.1533344874699,508.547748286803,149.39669856753554,131.9066037052502
658.92393476713,509.0961114042478,149.98569505640265,132.33102519832698
658.1200398603198,510.0949229562657,150.36218594653076,132.45518225138036
657.5227469174849,511.7188501140006,151.72024107226974,132.8278451897864
657.8012046432008,510.77309183366305,152.02640445346455,133.1756281536597
658.5959062166496,510.6174716948552,152.40858288482153,133.36238839984452
658.4757303805617,513.2000726426352,153.7380095262891,134.14193729011242
657.7247096877127,511.2531390501694,153.97723829754617,133.43291446039544
659.5224356848163,513.1958248010611,153.52897901993748,133.50309553658434
658.2225609148867,513.2860487515613,154.58022694904068,133.57415727222462
658.063154526152,513.2575041320017,155.11269332076563,133.15493023813144
659.0153027259477,513.799719463046,156.17087317468378,133.00909606308798
660.5613075576267,514.9577341225578,157.08833826565905,133.2785128633729
660.1360551588234,514.8056963824431,158.44671135321323,133.34699857113947
660.571999908466,514.7853541322569,158.30122389822435,133.61915167452685
660.6831084445554,514.3215184613607,158.8348807445788,133.73251061788562
662.9452967001032,514.6363799023466,158.63489321434884,133.75954944178932
664.0658665592407,515.6062929121492,159.27739831533336,133.87931686128607
664.344081714897,515.6960179175604,159.13559996679695,133.2682663095872
663.4062123674039,516.037227468214,158.99988551008033,133.03073669411606
663.1930865813836,516.3788439562611,159.83046369983873,133.23352151739937
665.3218873642331,517.0280175002722,160.09039495960963,133.8472641348443
665.8012472647356,517.4976724023769,160.74971512423417,133.7492349102019
664.537142315362,518.1081087517083,161.04385686769277,133.62964075501154
663.3181440324215,517.8768549278199,162.28241474243438,134.19518419549672
665.6976910398465,518.497481502424,163.26724629902614,134.74541444854066
664.2235899193105,518.2717208465962,164.15222851598918,136.09943895262114
662.7748759795636,517.4876793026472,164.89155793623928,136.32682594409877
665.2102487224026,518.1499410436306,165.346395908508,136.56804602769125
663.6561215559233,517.6321330049127,166.1688903156243,136.5430674272019
666.5629516593224,517.6227298852548,166.72018219622848,136.2648110608983
666.782866120184,517.1385266733168,165.85708969489804,135.6416952679774
667.1658255979185,518.1353598196534,165.83364911009582,135.11783290463308
668.0416518230855,518.0250776313544,165.15930602980248,135.04033617860247
668.2700156699603,518.0203135055699,165.72961142664434,135.13295475785156
669.7043940313545,517.1547435481004,166.21541150279103,134.92471188127146
667.9056654066999,519.0402257496265,167.7118412633917,136.46463433811303
670.2778390710683,517.7444185421778,168.42303792955835,136.32885631793675
669.212730237274,518.4812756754924,168.98423210719506,135.82684122952625
671.302666309153,515.7611996996857,169.2830114870271,134.7433935565059
669.3648229529059,518.4928629526511,169.5148242695439,134.36530741464986
671.5160060764904,518.9131716152692,170.20105207755057,134.73225790042585
671.9004381345654,516.3748585091827,170.99558334237432,134.90750309682133
670.1383615705013,519.7514929821226,171.6797358410778,134.1240608492446
672.1307422359903,517.7839267555463,172.33256539526212,133.97258489251558
672.0638939827649,518.0996298066121,173.50973764882136,134.80771018629625
670.9869904546796,517.5243425682568,174.32093112714912,134.91445844058725
674.6220630323878,518.7217143158405,174.95724482640787,135.62289320813034
671.600536772258,518.2676095920243,174.29269055421756,135.8137396558466
674.0701438090514,518.047503033972,174.53150697150605,136.06269602530148
676.6703149920794,516.6356115399024,175.11309695942344,135.7875002555825
675.4248083538024,517.0693055865397,175.60977375011473,135.487147598938
676.2473974047482,517.7671441315641,176.4170483078301,134.90876462967773
676.3819091248749,517.3762737147454,176.70174438814544,134.69135840578195
678.0224517683523,517.6849435585292,178.23274997490898,134.5019197776035
677.5160689798838,517.6000659344361,177.61791607407812,134.48140752252817
678.8511389666871,518.0968718240617,179.3585131381301,134.71068135195
677.7104774732385,517.025624440613,179.08708100761103,134.22202277373924
679.39838257745,517.287074844047,180.1488299269957,134.83412875226418
679.0426011962059,516.8429162131924,179.94993984677143,134.2509781613807
681.666958444282,517.3813987830744,180.99426467251854,134.58297229114046
680.1441489024564,516.6697952597871,180.58112659407564,134.08439469835656
682.618714899524,517.3449766028787,181.24641215288855,133.88643107528384
683.1857552861014,518.2282627169877,180.97420458921016,134.62618981401516
681.798472010244,516.7918542055347,182.00977427755976,134.70667228034162
683.708140335964,517.8415828078217,182.38661749291063,134.56962945965577
684.3346267225548,517.509214989812,183.01158394397208,134.80172338086396
687.6709596807066,517.7397215584724,184.5303786371046,134.63224854167316
684.7882842902577,518.143135560558,184.41491009732368,134.76140151312995
684.7992246740172,515.88245677196,185.2647340274137,135.44206966962577
687.1008243337893,515.9278647858702,185.20340720924256,135.63154466267565
689.7856397022199,515.204660543128,185.14742278890975,135.18717639473437
687.3182724821534,516.1903153687174,185.68247327671136,135.45877045296726
689.4910359196575,516.1344529468047,186.83252326022352,136.33603327401113
691.3902687134829,515.0026261159093,187.60539727981146,136.65842624034457
689.9277622796859,515.355018975416,187.94039950440006,135.87913049833327
690.0996033660194,514.5538756598683,187.92664745840008,135.53714246550368
693.0301754804435,515.1542842970314,189.11250697558467,135.27797349563977
688.8642386637173,513.4397697281897,189.2543714919106,135.0000350410836
691.8630935820172,515.0089429833154,189.30968165576857,134.76961866655944
690.0657275829207,514.3083214976127,189.42231221353197,135.19194505251915
693.3248100198496,512.7195996332439,189.8798830040418,135.20539160794758
689.1224301184104,513.6355507761866,189.92266522971073,135.81421321808884
693.3103061257083,510.65413409664217,190.06713778634307,135.5384515683276
689.886785605233,511.83585799761056,190.77984283257308,134.98183143076605
690.2163132061726,510.43158749771953,192.17432476104977,135.49908333943796
689.884497846517,509.41838226584235,192.5086410696745,135.55583435552225
691.7176443882366,507.60101620209537,192.8444842167039,135.50478357362294
689.8860529091278,507.3153342008397,193.9099012523752,135.86171247557888
686.9961219466013,503.15027002813446,194.0232354293202,136.00243061133358
687.7579308180116,502.13391999830515,192.95954986475851,135.1465896877922
686.7756474476971,500.4301797920547,191.95624756203745,134.75117813061226
687.6391001458079,498.88352734598186,191.89005333505867,134.6147187996591
687.961132383644,499.06901164000783,192.88699771329885,133.78843342960948
687.6118736214081,497.81215065104857,193.91548798175867,133.49015155659112
686.170278105545,496.0341401565653,194.6158081486167,133.4390849334056
686.1877794856215,495.5946957733845,195.46101847030044,133.5720981623717
687.6872426638678,495.52005803082693,195.66312785179906,133.70567956384093
681.5748703968408,495.03136063889275,196.84488933073845,134.1160623953091
685.668496819941,494.30985495497777,197.53895934525573,134.5051600506375
683.9894246632085,492.7568534588154,198.59137999157585,134.93215289014552
683.3765196218601,490.3845131930171,198.20716264183093,134.46425750926656
681.9544394278904,491.8684257255437,198.88498172499126,134.43026199018806
682.2507051040427,489.4502175180372,199.2611765308288,135.09289510289392
679.5327395521828,489.6016506163011,200.0561278677031,134.33252376963793
680.0804595047848,488.78230006841073,200.03741797539263,134.02494498203382
684.8367544099706,486.46740671748523,200.4211427859927,134.40709536567806
679.1204433432498,485.88897906642114,200.54196491638254,133.9892474512535
677.9677690491607,486.13154422566225,200.9062360337814,133.3877830148223
677.7113064074024,486.4111829525439,201.48561693484498,133.9005853387765
681.2674028167706,484.84631220236037,201.95768171880013,134.20313858574093
678.8837935482138,483.8899294396508,201.7853727443172,134.14253642012005
679.890526947102,484.36688338029546,202.13979821186052,133.8025354587869
678.4120301388431,483.8738112334169,202.9693745024049,133.3471638299976
680.81341672504,484.1490864544907,203.76051488515623,133.11686541893792
677.5009909480806,482.10864023906845,203.1853146545597,133.20299566754676
677.0176948150364,483.53019317612996,204.10058902395426,133.67109112742338
677.5697286692807,483.42031553265997,204.46971782196567,133.23335860470522
678.3658357708684,483.6889153087161,203.93765972573917,132.96692200277494
678.0588315686223,484.81993269117595,203.50821848995753,132.73729499847542
679.7248439411541,483.9251038744307,204.5869794199428,132.05409801770804
676.1592940779148,484.117820635942,204.84660869506644,132.18733076208045
676.9847755533235,484.218756443131,205.66567080680997,131.6547365772832
676.9944706250897,482.14158926869663,205.81716269459915,131.58177600427692
677.1509567484012,483.70630876819496,208.2848730117577,131.78899405255203
674.0118077961365,483.52682777683333,209.02411032363574,132.61464034690363
669.2524634474977,485.1980153663283,209.6475572835477,132.74436542578712
674.6876444241177,483.6434073539295,209.73421799723894,132.33003308594547
671.7449922708977,485.63475939732683,211.03090879354693,132.7412565733085
676.36490084688,484.2877222368702,210.71695776859661,132.29537704252192
673.513353248665,486.68926420081607,210.80496545587124,132.57014965531016
674.120942734081,486.3592198298554,211.08436651548047,132.20300801526585
670.8325522221443,486.82052505135783,211.11400264952258,132.4142922541915
675.7742352248907,486.3222787281963,211.6759920593738,132.97863847049908
671.3727968613271,486.6051542201188,211.7035906950705,132.63763349040107
671.7907312631286,487.8849575273018,212.91437659270028,133.65613161045576
671.6266578561982,488.7346387801976,213.72090182166886,133.70974540299645
674.3213736065678,489.57279824839384,214.14280302356627,134.2017967134911
670.7898595743726,489.5609176200336,215.58149007690935,135.2169562451101
675.1945400944293,488.0420266811906,216.50546930016267,135.63640764412798
670.6723263507341,488.74360468640464,217.16047627821465,135.63351959234097
671.9501555826719,489.06536872620677,218.09910721253263,135.80347349925927
668.5213358576962,490.247804815966,219.31400879703588,135.3136348175512
669.999045094041,489.9149626773578,220.07080097955867,135.01227283393396
669.5435095524531,490.65852875555123,221.22196140473264,135.7934836493488
674.7162758160523,491.19116129972235,222.69291428250244,136.4567453916797
668.8855702008874,491.9644129801876,223.11880133528106,137.44314808619973
670.9625951520318,490.71631552290256,223.3289463029873,137.45381143224253
670.1910957862272,489.6941559909841,225.20600877318117,138.0596539335795
669.3283819078507,490.6104722783449,225.5765467794534,138.85629811132983
665.5490713167139,491.1674134248262,225.65375936568807,138.68065902868295
669.4665130472572,491.4366707491839,226.84677469305382,138.5154264250935
667.3000785448448,490.69857444733105,227.21044523253113,138.48243025755133
665.9658969307001,492.8767151298323,227.3377616029868,138.83373136630365
667.8804102976309,491.7957459669842,227.35191624081403,138.4675765924058
664.3136110559997,492.20859083929133,227.36726244670223,138.91378642874696
667.0120994747836,494.4035711745273,228.27836914337513,138.92271434622677
664.192320462608,493.8977912840824,228.53041639120647,138.31695859633953
667.5088658890995,493.82437293907674,228.5468688235932,138.4945185675556
662.8912135434357,492.6355386384722,228.39440190847557,138.585634977984
660.9906031286873,494.523753862121,230.611631210415,138.39047403332614
664.2632708304656,493.4094937287895,230.5257265014386,138.63890248976267
659.4099909265934,493.112450308524,231.05505833524495,138.7641350519678
663.3745199940297,495.66493044606557,231.66810492144162,139.24561820110944
658.8706506162526,495.037752101544,231.8862928957458,138.86985365907344
661.1102056350736,495.80752807401154,232.7123600698654,139.44435615559047
658.8149664203439,494.64945463020354,233.4058849165611,139.10008238700215
658.8524537521918,495.2370772881061,235.90681223803375,139.79007585694083
654.6472468818081,493.5718566853465,236.0452199439501,139.78263096741298
656.2316544757526,494.14880073926525,235.5374588904299,139.48010324022508
658.6039951075866,495.39612883233184,236.3594566276164,140.25843060511727
651.5515720689425,495.5237254284915,236.88780181226542,140.0871425508733
655.4442935362348,496.732598834845,237.45433336498553,139.512229972404
654.3306997369475,497.74381500155823,237.73284282768816,139.53624396237228
654.3439145706673,495.1118421723187,237.51148367969614,139.06340516269097
650.35372479898,494.4731637892719,236.33125493144453,139.1402087499973
648.7877039184993,496.6048392345772,238.31197885755176,138.767444235577
651.847658268762,495.49001822386583,236.81453529069358,138.39698216344794
649.0123601391936,496.44820156093044,237.39434509276862,138.48941933377068
650.6047046641258,497.13553244033426,236.02407686218646,138.08736852543302
649.941506461296,495.196505805309,235.98585425119902,137.30985128843395
647.5664487989085,497.9553517073846,236.35619786653177,137.66891996707088
650.9612007001349,497.3415092126614,235.6849015187605,137.10009294880402
650.7348367552655,497.9564419887282,236.29358831431523,137.79108601826766
649.6733310102348,497.63872535382734,236.07330685279274,137.77312685394918
649.2476218476422,498.0189963208136,236.14215654442162,137.76685976509992
647.8681519268288,498.44271175380914,237.89250842962002,137.53505141955563
648.0586167217831,497.9144461229057,236.97085730402858,137.52742424172635
646.6980469737787,496.15494471514285,237.4780623784983,137.01608876989852
648.3590965234707,498.2841404737614,236.19050822387737,136.99883761826194
645.5496305682939,498.880640759329,236.561426637832,136.4286784053116
645.9918676979729,498.92652731844765,238.45876528473926,136.7746132476799
645.2026810840661,499.2960896574329,237.81150703710438,137.05221339461477
647.2551969664634,499.2706729036688,238.0792322303175,137.24255453857091
646.7577216935802,499.148802043401,238.22490921365255,137.43955740729098
645.6680794944489,498.10665615745785,237.6771793087077,137.1458350915003
644.723734638726,497.3358413863032,237.00069825523053,137.0502695234886
641.6330493798616,499.3499772152067,239.83701033179693,136.12749665642255
643.1217327471609,499.7738536464682,239.09188737351988,136.38484108775333
639.8295257645541,499.3629015492138,240.01295314079644,136.18041075810743
640.8284909956568,498.62956992044417,238.8369859292281,135.46323564818456
641.6277532829221,499.31812754544944,238.96898315283153,135.71216288341108
642.0442503168437,499.15161848675643,238.60036252453875,136.1353921240252
638.0777348182714,499.0524152521744,239.43514790095554,136.21539277425006
637.4833451834276,498.8802987444936,239.2962954586835,135.44176451870712
637.8174332883416,498.6678224724199,239.38760389755998,135.13165601339313
635.6653265923738,498.4065088711383,240.21665382971756,134.31706695790726
637.2654503291624,500.27231593217317,243.60581523065218,134.22053698805925
632.3634614510095,498.8723213286333,244.66480645283946,134.21984794196524
630.969154447104,500.533918752771,244.70297104162887,134.2855106967629
628.259684073446,497.75023924036935,245.94328143692456,133.28183958164314
633.8109798276797,501.51173567986814,247.8961470436304,134.54389709479648
625.0741325522396,498.2549743141786,247.8978758047157,133.93189816632446
624.8709384452322,499.0928797371093,246.12385959406308,133.8529147082728
625.9920383620471,498.47775362372715,247.036629214245,132.98441610534047
628.6792499194837,499.3021671248107,246.94933836255535,132.89859741158395
627.4434178476988,498.117225997904,247.83251440416606,132.9678860508192
626.6326444731261,497.93372337311814,247.6158733395526,132.64490787286627
628.5056117491854,498.33374026337174,247.98443215749023,133.00546354891725
624.4830925668998,496.5211801196748,247.69226463522045,131.48202140497574
623.466303255638,500.5367857772208,247.0557139585802,132.33092655259122
626.4331516789233,498.71349625301633,247.0088770058085,132.58934537227097
625.1471539015796,497.15339053874635,247.71425917243428,133.3896131343528
622.052450765429,497.6898262690363,250.2581728910248,131.7713063047581
620.5522908126771,499.36626694317744,251.62387344132665,130.93390857425842
619.6019143338809,498.4655277919212,253.78379040443693,129.82667067498863
617.9781645199097,498.819853469985,254.09664318751555,129.01222827909626
614.6762532897553,498.9667797520621,254.03063866341893,128.68993363201534
611.6373181791007,499.2164711587176,254.0852373240591,127.31873311068902
616.4549658420431,500.1760595762896,254.19962251727833,127.38035201662613
613.2131598500322,500.33431773864686,255.3754876140931,127.17322352181142
611.7627730292555,498.577061994769,256.8511685585029,126.3747176412505
611.518400968499,497.7221567050051,256.80048760496163,126.04720641482442
609.4421251257766,499.6400687434395,257.61207544992214,126.06332916870505
613.2183138104693,498.5467895450741,257.32171390008597,126.15344796544498
612.7252605382419,497.28509482196085,256.1658471874762,127.02669724538885
610.9986390935786,497.16822543076387,257.4909565414175,126.57127496554217
609.3518365618238,498.4858558511379,258.9356543726426,126.62711901371014
609.8565635844643,498.6137289933405,260.91237348028517,127.2976823744809
609.6344527168008,496.9253611527543,259.5006445024546,127.24831565582726
606.9865432891738,496.48925240287286,259.45109401871935,127.16776763120274
605.5408572270561,496.90549737485026,262.8920210273884,126.72294248216991
607.5220817229626,498.4003056966494,263.7050542133097,127.37562978220559
603.535286128526,497.68875955862603,263.22277000545466,127.59586670966533
607.580008435421,498.1404035985269,265.0873954829121,128.45326908053184
606.4128904618162,498.4993837513231,264.9039796337807,129.16203106307123
604.3143734333681,497.54765809469075,264.09725573703304,129.62571132016072
604.1670148999731,497.15195182749756,264.88265832637944,129.28502398767998
603.1873761914625,497.6140832202909,265.37150977999886,129.7878921396695
603.8696836688614,498.05743755492716,264.8379096371936,130.05377040734774
606.3763910535024,497.0908078429029,263.60700944005515,129.84194020508397
603.440306714433,495.8374641587589,264.8009759659419,129.96461034429183
602.94804901325,495.4959070224005,263.63122691823435,129.4588280801815
605.413376996921,496.2885189656126,264.646059403804,130.27065719706854
603.7026426185054,496.71687609061394,264.72771159035324,131.39329184499985
600.5234277079912,495.9619366320428,265.2099126020247,131.00185781486874
598.1013593133239,497.60737425396314,267.2410699315969,131.36885143318023
599.2231443485514,498.01927308380345,268.52649585189516,130.5958087937306
597.9898629335461,495.7873415514998,268.48679518741415,131.08408663609367
592.597635509758,498.5451339036004,268.6322415129565,130.947180730568
595.0970934520307,494.9688253788553,268.6645165006036,130.78513770773156
595.9713717967679,498.08266719626675,270.5673663376948,131.25342031665252
592.7104206006721,498.04096222740117,270.263114021024,131.50566504497112
597.9985770545961,499.13195376269175,271.8283864632125,130.01708891389654
594.5327234412377,497.19061346857444,271.6428046236147,130.0818674139658
592.2501181112299,497.87588367473677,273.34435542492685,130.2275922747354
594.1014826831047,497.3423568661723,273.26846663418917,130.3431039912295
591.996687512526,496.5084338948177,273.5204244336901,129.74066861908884
593.2220229935767,497.52774792660193,275.6558402216193,128.9036631608442
591.940257493248,496.8061455639707,274.2724634635639,128.2587788968489
593.0726116270487,496.8872750367208,275.42405859218763,128.1666148943952
592.7220674480325,496.2331795014989,276.5587339648951,127.59783972681717
593.0820349494754,496.205609536809,277.6439456561924,127.41318832252165
588.8362483775171,497.6606212613617,279.8129489530022,126.89409957915039
584.7170853409222,498.48785979799544,280.1667831057209,127.19346061585301
587.0634420019583,495.6436963326243,278.10297984834597,126.83887458654286
584.4164430889924,496.7545402486666,277.561725389274,127.14552876304893
584.2209760007579,497.5711691713094,279.9371825044713,125.96781136619056
584.2687964716749,497.58982338582797,281.1981604438629,125.2728874543462
584.1929237527885,498.1131778743501,281.8739846084043,126.17316217233225
582.0864073929033,498.2639261654588,281.12307003203216,126.58228724510211
578.2013529255171,497.7055484506858,280.10127547101604,126.19850420628728
580.6424688452203,497.04531629220673,281.0614103270135,124.7506079084688
583.2239259256016,499.9142475605779,282.6384682808138,124.19838236894935
578.9515946527467,497.2030609413038,283.144482221177,124.24117320240714
577.2615471694065,499.2366345159836,283.59420041974516,123.75768117198979
577.2998308265669,500.54100523082366,282.6181813131842,123.54058374331679
575.3365586242401,498.9775749725801,280.0992777960852,123.12558677880115
575.5159971484261,501.07211451974945,280.90228290980724,122.76643870519916
576.5688185655619,500.55634998743676,280.0108931435058,122.63000164242882
577.5933525680706,500.95851850105976,281.0001292289882,123.2887261863041
575.4619425077765,500.9264932573254,282.9843391200843,123.82353788349913
576.7357715853104,499.7991512857733,282.5570730491381,123.20425370221366
577.9799298275307,503.9984708004937,282.4031145416111,122.78326865302802
575.2657956616416,500.5230510319846,282.362689617011,122.33907769154156
573.012575054755,501.2163897637354,283.2248141575054,122.06237890388232
573.4770955704697,499.59553930690885,281.7342385425074,121.88925914645378
574.3576554756951,502.52619264256714,282.4396199680185,121.19470815140673
572.8686768052181,500.4697645452218,283.19423417504623,121.25328883340217
571.4777635445496,502.2506635344823,281.1307447631556,120.01084109749587
566.4948048076716,500.50446173428514,280.5621478097266,119.27489882691847
571.4970087500283,501.8331996391122,280.6206881519421,119.80246396803956
572.065870800382,502.48869011629677,280.3781094078897,119.22455302957763
568.2771579641808,499.8537533377535,279.14954390750154,118.89788851980022
573.2500582408971,503.9397047920329,278.3884643471108,119.37748249844842
573.5016929378997,502.13243374251,277.2615643698194,119.46908753809174
570.0230957686066,500.6575990605736,276.22682059423937,119.46461361621327
566.4620121251482,502.9277402870958,275.367316547843,118.37293884635059
566.4400576607865,500.4994031333605,276.6846399691737,117.75531515348553
572.9896236893451,502.318704750301,277.92712740363356,117.57421857625123
568.8509113916512,503.426198701247,277.62509566967583,116.51814440593418
565.9345766097092,502.7285618643854,278.030270230813,116.28321030263407
567.1251440541422,502.7116166091358,278.7177541163612,116.42690474305837
566.9086496672865,502.7942580254694,279.7032371179589,115.98335065251376
570.0262042748352,503.965603592628,279.4765312041005,116.52356070990794
570.0154776370854,501.23028509623134,280.1615933882534,116.13728318243761
566.602827509826,502.27179549169165,280.7347836383469,115.64340256829007
567.7051330032881,501.02714640439467,280.55908543409197,116.51022857586898
570.3220128705034,502.89309864801885,280.88478872380074,116.65197893099734
571.7739947805321,504.6419385566444,280.26679821421374,117.2895964121776
574.3681494324167,501.92827142783347,277.54715021873324,117.70261029626435
575.8050717067963,503.4640725726371,277.06143943424115,117.4516211524852
576.8094592928094,501.78157343082705,279.03928301946274,117.61954764541014
578.6663651045174,503.2195894015174,279.26937484224436,118.39372632300224
578.6597675337937,499.4005820426861,280.25956783601714,118.14646853776568
578.8494362421372,501.9694610015122,280.3635770603937,117.55888676375976
580.9971579662222,501.2725641639428,278.34490563447116,117.32720980062348
579.5646460297984,501.04498823445107,277.66321806246395,116.86989030559914
581.1346430572428,502.47058079713787,277.1901499147103,116.60805969530125
579.2378718095392,500.1385870966835,276.60345483077174,115.399542861896
580.5786714172474,503.33182456178537,277.6867453324574,114.81086942629064
582.2666324192204,502.32668647604225,278.0086399388476,114.90641671784832
582.6084520685563,502.01894105539054,276.7096708381396,115.24680255960942
582.3342430766406,501.83793554135923,278.02256428679175,114.84064650917703
585.2494606226497,503.0692499612861,279.15287786725884,114.71112227976637
587.5785095907197,502.16064762692855,278.1657854185611,114.33485599358653
581.5915479318422,502.34291042466316,278.1712744025147,113.82298878911615
585.7374680773539,502.0974280646593,281.3252415684616,113.68641220548926
584.6819624074285,503.6312545779458,280.19650752981795,113.82232096175312
583.9374767978098,502.30866677829385,281.2709310076423,113.67984669113817
586.8344291394186,503.0130713799317,283.2755650092697,113.87376931178366
588.8522053138873,502.622351282483,284.7502470162587,113.63328083865895
588.0481318360814,502.64848811263437,284.43817776913465,112.51866620354849
586.0051285351908,502.85062336877155,284.0054718503165,111.26168884169911
587.7007944648826,502.4269500322776,283.46487875474224,110.81260599980206
587.6652142706625,501.69456092162017,284.2093915635123,110.79130464748559
587.7880206438107,499.97811787318983,283.5903303559218,111.31544760126457
592.2335386814605,499.7379376787221,283.7901536937692,111.27424493706891
589.4783578665692,499.2296426994458,282.9956423338971,111.13024686957488
593.2595541200399,500.64968472490796,282.84094464354524,111.52978159687923
590.361152731059,500.28681758976,281.6522880938094,111.2806959685698
588.4197784436243,501.1201284596875,280.5304046725239,111.4939044699181
587.5810036312297,501.8205125680604,281.9562864103406,110.59144452434207
588.1669803545255,501.1008595473897,283.30735847644434,109.53615694538313
587.4153549701714,498.6911557904205,284.48721646651745,108.22527824258563
587.2382998330745,498.9953447253757,285.7288626107867,107.92682336585844
589.7108778008701,499.3543318149055,286.6411008936402,108.0603401612251
590.274413123321,499.0418618994046,285.3659004428159,108.84687195420675
593.2477374248616,498.1324960475363,285.12561742506176,109.06234242556735
595.5731783207373,497.9490880275852,286.5156773485509,109.69576753815463
597.1900990262312,498.8996534293773,284.778814816538,110.09008217677024
592.891100431225,498.6281527048167,285.34236910493905,109.47746781931174
592.1720020149977,497.61718799977757,285.1219706138311,108.8916851989793
591.7733897252185,495.0249216429655,284.2224685135874,108.95485951798054
594.8303002654488,496.1988296800186,285.5980964573273,108.41940456505212
594.6936237113833,497.2786534152023,286.5478729362965,108.77050118953336
597.7014531157722,496.65952848162823,284.8644260988016,109.44880380440797
601.0982282122682,498.0682117806456,283.4332845438103,109.97583451281548
595.854495818275,496.64843482708665,287.7662836564425,107.69275782377242
594.8168713293013,497.4429731015067,290.5879470573789,107.81751091150612
590.9545206830378,497.1595120101714,290.05595737090187,108.08095085969882
593.1344092758449,496.24512444369145,288.05754407307467,107.58703216789058
594.8652537847528,496.7759633324105,290.56051093141855,105.64672244102769
596.4964344278651,496.2973883721635,290.91091638790033,104.88271838698873
595.8340954956232,498.6882703346913,292.69586400154867,104.62327759349435
599.6857134723098,498.04030257401223,293.2388591272769,105.15606039630849
596.3151947636962,498.1467909615821,293.71793270020476,104.21987102141439
598.6884461370731,498.0608698974008,295.1263882015894,103.70647431158129
594.7701995238268,497.0910474563099,296.4952181399656,103.13061554881972
594.8233762413453,498.2083329490542,299.0268382519105,102.64678699878648
593.8167630917446,497.84312348696636,300.3583389298883,102.77130146300887
595.9274813072102,498.5828252564728,301.2450834987129,102.50108531241612
595.7473553457595,499.2563976015965,301.2331773710773,102.9263878506004
595.7390982871812,498.616087913283,302.38269281574856,103.14324885396685
595.247582036905,496.9117908930394,302.0677196161895,103.91589972009199
594.6908410518226,498.81693576486896,301.8598264547472,103.13020213761136
593.7071682162054,497.16074767010036,303.30662431876493,103.12889028736888
596.8496176398727,497.0824830486028,303.3281906203562,102.69232381054972
598.3606683883435,496.26004112065834,303.4910022818315,102.48420964817382
600.5247336464467,496.02550774196766,302.79026071978757,102.30147744200852
603.0580714846644,495.73554867424286,301.86503497163585,103.12711261120197
613.048623507052,496.61862956158325,301.1690642886772,103.08355272708513
606.4833555198752,495.8251018055102,300.6642700628355,102.29896159654633
605.2151421938281,494.889151222436,301.90320266108904,101.74153384423771
606.0196177654268,495.1570664197745,301.3363470598456,101.83604795963912
606.8125123942568,495.63008827956094,301.0616846303792,102.325650654823
617.3824839559068,496.085265747198,299.69841768505773,102.78344666902703
615.5109453340177,494.7423782931969,300.3400685658446,101.75669358668796
621.1082852849353,496.9627159325691,297.5832806241535,101.98822900130305
621.4950968236246,496.5336279355495,299.34638616730393,100.73652788581468
623.6577219922082,498.2377671565601,299.1422386400429,100.40227722051155
612.4975407064708,498.38539958355005,300.0847230224307,99.36785302090478
611.9882148879004,497.31291562579224,302.6145837898587,98.85758803007886
626.9194296485468,497.14904951077904,303.4037465232044,98.30453944402707
630.9895749819445,496.8129097888169,302.0968212967777,98.67068147516491
620.6799727607431,495.587937152073,304.65974178837484,98.7895963798478
619.8926859345275,496.90903153174236,302.9631848789775,98.86721882160465
625.9465877891192,495.8351252491816,302.6109553961735,99.7109168065717
627.5578840668395,494.56702985497947,300.74752529056974,99.63982829428627
630.1517510503647,495.36918387556267,299.5971038311486,99.65540414804028
635.7592781643415,493.3728263666619,299.24901966545093,99.7574302696625
625.8579390312527,494.4747611253078,298.32082100902096,99.05143739650534
629.3161607746872,495.4366319518318,300.3911786696131,98.9456539791979
627.2168852178818,493.56910014366645,301.7518238994347,98.58534062714487
632.8733997087131,493.44884737920046,301.4511726567247,98.86128681336469
617.2185243189126,496.75895554020843,300.9259987384498,98.23225043443342
626.4571360643778,495.7417193439241,302.6078977145605,97.92242851738604
627.8711236632296,493.24210847869637,303.5941860990865,98.07447655704563
636.9840821794089,493.06892583376305,302.9862996148237,97.81372479006558
635.5719229928504,494.13612153302626,303.57851654751096,96.46453160320912
640.3422823369237,493.2329398163761,303.1346387178238,96.01080373173046
645.3848957132149,492.1424236817834,301.6319553383493,95.23187601709014
634.2683050211183,493.1424984528776,301.95304260633145,94.50938469900755
639.3090078292432,490.7685513436269,301.2379080090635,94.78288268871873
653.5466266427349,492.61711799107223,299.28568063598664,94.86563444746263
643.2436247450144,490.697517333224,296.83694352566596,96.35103761214276
633.4766173362298,491.83068468092523,293.88537217685314,96.5964433628311
650.7628199579066,489.95599031131104,290.7305637505162,98.4914301559917
641.2093346812874,488.85478021196377,291.5174754811229,97.22776897384213
655.9493928955922,490.9198188070658,291.04413586220556,97.92637277576455
646.9806066601782,490.009873342866,289.7801130266371,98.26480384813078
661.7798437588535,488.84144996384714,288.94920360284607,98.77604426003818
653.924740939726,490.24514367841687,287.8313757938355,99.16092663299216
642.4152086698704,491.78094736479306,291.69764644926926,96.93440625202678
651.4201166018715,489.29393186053215,288.9431530416268,97.92141176120471
660.0829773140598,486.4319087887029,288.2431468729876,98.51935831837635
664.9272173347902,487.71398722106323,289.3140605235436,97.25362307497832
669.614090711276,488.49794392815664,286.517692043582,97.57783109500325
683.7207155133653,490.24857328783975,288.3779001572989,96.10001488242722
647.609975795928,491.0753128049095,287.9334326317245,96.10879566541112
656.5899111587017,488.2151265349118,291.2146927350343,95.22870767607915
693.5256132532747,491.01613713939577,293.3973199179587,93.21184457677607
655.713027397635,490.09298121423217,294.4436418367578,93.28656810160281
648.0614703951726,492.8010227595923,294.6045286688308,93.5585863025391
655.7979752903303,490.0485145643276,293.5248647113401,94.90027356861776
664.4733113139516,487.9781983079747,290.1507780522812,97.06267310154905
655.3904275685572,489.1262567857998,291.37935644089697,96.83171212887015
667.8938703265464,485.4678763644138,291.77485091454264,97.15643233748676
659.7111538196311,486.78965180623595,290.21436916396897,96.7016107400364
673.3272527685275,485.00942854495213,290.38807603607376,98.01920457476831
682.3336989040797,484.080850661676,288.24285763887053,98.5712693178755
674.2416097618125,484.6901944151577,285.7199131206707,99.13666839595696
664.9825597448025,483.08910097864594,283.94865120095517,98.97388530018466
685.7074342048163,482.38290265529366,282.0948838788282,99.19427404760485
673.3887408896793,482.6623340053005,282.394946366646,98.58655407964511
693.170974255831,483.7007537696024,284.7794580584149,96.70337168104437
685.4652344977553,482.7243037714974,286.36306243723715,95.51918290161964
675.4341056257929,483.6018597532276,285.0960564940282,95.77408213429572
658.8890072675953,487.0260210826633,288.3506685699206,93.90010372896425
672.4104956389999,486.0031614386907,290.036323800378,94.73198753908048
662.6097821067741,488.1168972905083,290.8785173900981,93.32835096995159
675.1304484273849,485.8485786795806,291.0475862839107,94.81250058003627
666.7858231537942,485.71423690468583,291.4036897821417,95.5232380736983
679.4914651453034,481.662988795668,290.1415356666772,96.99454065388606
671.0413693968256,483.686279374857,293.5750313781102,95.28136618229084
679.3662771653903,483.9454057879189,296.63581383292427,94.04096523576382
666.8421088471698,484.1456494608828,297.27838302856935,93.15181606417909
679.3670015753819,480.3321474799801,292.5970992353531,94.81098984486262
668.8619229347239,485.65013593109524,294.7184110729437,92.49688374646537
678.6036167412356,485.2261492577242,295.40783687544774,92.9604997302218
669.6151450585794,484.05233227902505,294.2622216470098,93.45355483496665
687.0820501827961,478.7703848508134,289.8474963289965,96.39278681526079
679.5682812254981,483.5219011955521,290.9410018034069,96.2191618177389
669.3127915029145,483.9804252571005,295.2018668076563,95.03007219502753
677.1508645141919,483.2178829681594,296.00361270709834,95.25478500681928
671.9106477101077,484.77830798629066,298.9029243937275,94.3421552140108
679.5911905240654,481.2859095230082,299.1463385827066,94.94598976874953
669.7993214024053,482.56015380838613,300.1813478831557,95.57309171313037
679.2091451343027,481.1168405931363,300.83020437138725,95.72550526826376
669.8647348834695,481.40009302675765,300.57222082642284,96.20158958864315
670.8051530735504,481.35209246475245,301.06247914993537,95.83779377733373
669.0552716540401,480.87561720150677,300.492870288669,95.75959908879058
664.5356323625151,482.17948513983794,303.0124726632231,95.0894679970937
674.5113141241791,480.62609732684206,301.3167091154811,94.93359337169697
666.8376662579153,480.5927263211409,303.03701357603575,94.49560879437324
673.9782803255035,478.5226267498357,302.22760913318115,95.00799054463437
666.4074830303612,479.99084065521026,303.7799340854043,95.03771182560581
677.802775172956,475.10641527944586,298.69287915812487,97.13473812187345
676.5878088096633,474.6057454848684,299.3740881393642,96.03545100395127
672.3080833533376,477.35214222289517,300.09475531101845,95.19392982480332
678.3425405020821,475.7548551937577,301.5682232538246,94.66118893404256
678.0903830468559,475.5713494332196,302.3581102758838,94.19122613232283
680.5867093157988,475.2196274653592,301.790982449607,94.14322143675702
675.2917292956027,476.30600547929714,301.6472102664882,93.4295091501074
676.773036606634,475.48804276328826,301.4841886162274,93.02867854345939
680.699022809192,475.54671385835985,303.0338427980255,92.48692869235501
685.2031109043442,475.51732107100764,303.0525716675357,92.56446562753551
679.1729030920704,476.40638878547713,303.73485065725635,92.48452720577579
682.2864713893812,474.8080121954308,302.39828279585026,92.62392378987528
685.0983155948893,471.01143695245685,302.32225616614494,93.08285415253228
681.9706366153027,473.82655845576176,302.8817399111459,92.59262484068559
686.0128694356669,471.7461556560844,304.29759184396494,92.1876068850477
687.2152539045641,474.0686967297313,305.9397522656066,91.2061435407782
681.109833298561,472.1866239470256,306.1890170158206,92.08399450284176
684.8920552718686,473.45237629777967,306.28958304463896,91.78715138046579
686.298658895954,472.89876883461324,306.2206890365194,91.49062125159992
682.4275950297714,472.1075255943792,306.34865813851343,91.36225665880295
679.9887757305426,470.6384131679615,305.1031487724936,91.89995141176945
686.0842971497723,471.11994793113877,304.34501494587505,91.35992933858
683.1206087842952,469.7080800108681,303.8374189137675,91.49224033247222
687.7941782150714,470.5824643023351,301.2861823044125,91.94041264843347
688.6638735684515,469.9720375006689,302.7340653384206,91.73219828244368
684.8355850823554,470.5438306175654,303.06476750516254,91.91905161621662
687.1631179431386,470.7432197491121,301.86739559882744,92.38890209343384
683.7109599846953,468.8709549116898,300.8024284117712,92.1922267435592
687.9020415683651,467.6271234009419,298.98217492002965,92.48302778270939
690.1702832216955,466.98897107582144,297.8737287799642,92.52513433953604
689.3006717138782,467.445760275913,295.65991334154324,92.6369072252874
693.2448982227975,465.6726271280527,294.7198632053269,93.62709723278475
692.099533080745,467.166323114806,295.68961091401536,92.7275338954476
693.9289284013591,468.11049932412726,296.03300084911154,92.64663940069418
692.1913831639206,466.99591358903336,294.6082585984635,92.57303000425902
695.1285169661035,467.56080748298683,294.1862920194884,92.53844704652181
695.219740008994,466.87790083433003,294.24716309073756,92.15306848935847
694.289345674557,466.0180376034058,294.636436938559,91.94429465652158
693.363709192652,466.8956086965392,294.7067437396874,91.59646653237321
694.397261614209,466.6096968303481,294.5870189624914,91.72233710423107
697.4358658689187,465.74033083956203,294.68329430164374,91.14395234843752
694.4680713646037,462.63025710366975,289.22469442935335,93.37078817662163
691.055283195192,463.14657594855095,288.7850515565983,93.11702464571856
695.1774497926393,465.28070058692236,289.51522283252893,91.93530152444744
693.5632037581308,465.5400732213018,288.19253787670453,91.36984988467935
693.947202648631,464.7170532790349,288.01607828654596,91.09424257816545
694.038765708513,463.58660535003094,286.4496293318133,90.8875926884163
695.9268256044737,462.33653217761275,285.2711350338953,90.76403769925308
691.3833114895428,459.05885588255603,280.8181337380001,92.30105113226205
702.9131465843847,457.0989270331489,275.19477336276964,93.60279579015214
697.7030888732518,457.9028695472,273.34556925073366,93.54309813711873
706.2427443240254,455.14974767141035,266.6273871562543,95.30050513294547
697.7323860108788,455.570108643006,263.80565077961785,95.4067971639439
700.9679457975261,457.8088344507323,263.1019877378479,93.74139112267945
699.1043559162039,456.4805143879618,259.0417515191996,94.5498752728787
698.2717021942733,457.57029115509266,261.88085430550603,92.37297012083181
699.0269173262706,456.8332175964913,260.61856562829206,92.83849411486567
699.781237614153,458.0739514159196,258.65616532266506,92.89725722704657
699.4488558711682,456.4858554483062,260.13642745870857,92.07605483892443
698.8320636224704,455.24616204619986,255.67281928718938,92.72123291625421
700.7816630951598,455.39286932102584,254.7744886622757,92.85744471223664
694.7617777218924,454.79016421601614,253.0013502825289,92.77161268039657
698.2518358848474,451.8011807636691,251.05305520753438,92.50957456876385
702.4713471075489,454.1008979928198,253.1457491088719,90.22205550810641
693.4330508892907,455.00734088813994,251.8115825732205,89.72834972921542
696.1586507359151,454.6390956957988,251.30006584048192,89.82042849041979
697.6070414241304,454.9151746076743,252.19700160997095,89.53156613833698
694.1068646206138,454.556836972203,250.9582824173218,89.72562567851716
693.379594232629,453.5191276941193,250.47950529358735,90.67156363432755
696.9085506029778,453.64585670256446,247.21156819604766,91.32703067389468
691.1263211015082,449.51794370534793,241.68611478443603,93.16888858208509
694.681068351551,449.089760657399,241.7969972527345,91.99031324312277
701.2475926523723,448.02575641521037,238.5489135940237,92.37735910295005
701.6614540922064,448.3220216058524,234.6833892102205,91.74184347608062
700.0617626193364,449.19106312628634,232.6954881631931,90.9692159672867
701.5403980460499,448.18837843102983,230.2016057527594,90.59110457052253
697.698800172427,447.4294387039194,227.77185498969018,90.33415189526484
704.8491964553948,447.0173215186402,224.4831893463621,90.36505982834996
707.64405388401,446.1063513030938,221.71800437537746,90.34207402138284
703.6407799608907,445.55934702556823,219.83855349572494,89.5120684849422
702.800126814815,446.40526503883075,216.6602292031593,89.08914215118143
706.0704813781308,445.974271827513,214.4407414281514,88.73416277925361
706.697925080606,443.1280033539989,213.25343364278757,88.84535512178965
707.9297478131414,441.9410142500047,213.36846344779732,87.80698601303618
701.806160454425,440.7960242431687,211.20525017237105,87.64927077142862
707.5933969298322,440.34806859811954,210.0493916090688,87.75397373471039
704.5351787899097,442.56205878028084,207.28427423901155,87.42691500124718
704.1378189576993,441.82900521827696,206.1065238583426,86.34506303597576
704.2479304020385,441.16596726625465,204.26053242737453,85.61651295201375
704.0946438845218,440.69538709284717,202.48460333571424,85.74107041310562
704.1340186249593,442.1543149790731,200.60169922036363,85.10328065398998
701.7656442942668,438.91956401560884,198.10971148114413,85.33591658360396
704.8688865149056,438.5937336131075,197.23304719596402,84.9753372171742
705.7128986380858,438.7547187593012,195.8752084821735,84.3274622872116
704.6569874127404,437.1497188175262,195.64540953393868,83.45740550343373
703.3037607080057,437.6933155153301,195.51879194998435,82.75300341837473
704.7683268198596,436.4343532035171,195.4301810618786,82.07495464569948
702.3043464180323,437.69516321679157,196.34391399840658,80.42417647992173
700.1586030168073,439.3262184235111,197.12001350418,79.39356025479141
702.4854101123262,438.02136339318724,195.46787083261245,80.5474176876849
699.9592020259428,437.7141592186337,194.18177935309657,80.52709849915996
702.1772767473753,436.4816427223734,192.71612251162603,80.88016821958577
699.1540011204368,437.34010527783244,191.11548271783485,80.33314757911154
699.8595778442086,435.72867438860646,188.75102223770588,81.40776283084526
700.1525183789241,435.063916837228,186.47487241331584,81.41488737726674
702.0438503114548,433.5032801668146,183.9168392617174,81.79167748559546
700.5728551115963,434.57277891123863,184.72930376154738,80.58672924544265
700.3389648631352,434.20263231774413,183.58102149811626,79.75099229727698
701.0468166462665,434.26580072000684,183.78462962218418,78.93491549059625
701.3337869141029,433.52465848388596,183.3449241109635,78.74362766097343
696.8115125055976,433.8441266948417,182.58727547161425,78.67087802475983
698.8568869275456,433.37424981389535,180.58433452147136,79.2373887825689
697.740793892895,433.44075956033566,179.91907157420158,79.50175339680112
699.2590655589931,431.3526761199574,178.6636986101998,79.62549966140787
698.4477868181834,430.7068427021461,178.34278263352905,79.2075898902799
697.0477193072165,429.38486922068455,178.96656181668732,78.30028162706775
696.877956487401,430.5802963091551,178.89914920148522,78.49733285707856
697.5064415504997,430.1466480571685,178.4513379965295,78.68697163762499
697.3663131755001,429.5263226105558,178.10748357099166,78.71074662009141
695.2687633900973,429.3756591873307,178.3442570404941,78.48775107598527
696.7250964373493,429.21565638934266,177.6035973146272,78.67557911043978
695.1073797823749,427.538335607175,176.701275230594,78.58883135249421
697.0011364006225,427.1930350420255,176.8766283004039,78.12583322055566
695.1343283583179,426.839743339407,176.9295917666047,77.99376532631608
693.9026856393955,425.13753104741767,176.46633945229806,77.57034266793934
695.1759694662759,426.21057896417193,174.34281338064483,78.13930969110501
694.9206163086719,424.94527634189143,174.1133656083092,77.8978993640718
692.9695088405917,424.5154133717413,173.4210676050166,77.88763042560312
692.5563543488842,425.6757710530245,173.00028624877106,77.67124441064723
691.7219836158109,424.3747436379037,171.33044996757263,78.15624334794454
691.9565836938818,424.7350139531513,170.71481557883808,77.90485785021986
692.429353821912,423.2246144965334,169.4028297217916,77.86461230888106
692.3030619316108,424.81529297616487,168.5600093542918,77.40117779872998
690.7439399453378,424.4762730164696,167.84086934131852,76.91977076339347
689.1646063768657,422.3329910435851,167.08003350470625,77.00917923354596
690.1862244229717,421.71632670768827,165.7937102399859,77.16390499529774
689.8071784721766,420.049756709321,164.47588084450285,77.31511993366745
690.9089060610628,420.911757187575,163.34173311321018,76.87249533900635
690.2154226865085,420.0820480093221,162.49631828005863,76.44997781294389
690.0553366493929,420.1577863474604,161.87813270305637,75.84433505213934
690.4952871761741,420.0028516610514,160.51001104721985,75.86839249406245
689.3545113145364,419.15881918761215,160.05623195041173,75.90802149066167
690.5480535828675,418.22142947214996,158.9455808816145,75.85615969577127
687.8162094751202,416.30946525572705,157.88602137829807,75.84828766780159
689.3044513077203,417.7695996839319,157.36516753868978,75.44640350644494
689.1743081025655,417.71139965094864,156.7607796788464,75.49715278148179
687.3266121845105,417.53518548140687,156.27318716284452,75.3953422587661
688.7266347554794,416.6977120273606,155.92407523890915,75.87379995196147
686.4682212728233,415.94730206078503,155.31403395623565,75.78091899933986
686.8436259134852,417.84949632290926,155.30083757802984,75.15807454056686
688.5231853817788,416.74569528524523,154.43098765961582,75.26718756979807
687.2389770033785,416.63079260796553,153.99435828718975,75.66207031264406
686.8876734799995,415.986401737904,153.80140369845344,75.88765420158626
685.3752450519826,416.0453619968349,154.1578349944897,75.69773151125422
685.050876522032,414.29826864001495,153.69721863127228,75.94870290239969
682.8050929282879,414.9506328950006,152.95948007458946,76.05622121573927
683.3604166982195,413.01559246107644,152.61830119984918,76.07351625785819
682.1929540327309,411.7454738318629,152.74921175268915,75.85615654668072
679.9911737310457,412.70917880438304,152.79173128702882,75.75372399955913
681.9813742003856,410.3938541460076,151.87351205954585,76.06450713589018
678.6937693735711,411.18170073467974,151.7067855063573,75.76093669929139
679.8653440224664,411.60375440220946,150.74574215510745,75.68716080658805
678.0109290546869,410.7764843348849,150.0214389653613,75.77770259967681
678.6690527596584,408.6441755601208,148.8191584525485,76.26727022435455
674.3486257948858,410.5853217478793,149.3908938823376,75.64054206163668
675.2204903492449,409.5739161892625,148.25174243418016,75.96260628498753
674.9487945412981,409.9910679168845,147.80583397788064,76.35630406665899
675.2472759091222,409.8316934081305,146.89807372970103,76.55433510419948
673.0329943394725,409.17038458647824,145.78416689066816,76.44233177105598
673.6661840333454,408.1044202754342,144.6962145584002,77.00665310955168
673.1314843694363,407.67764688434335,144.18977496276426,76.96153309266505
671.0499766037516,408.65628751819395,143.59203447835606,76.6314517131932
672.2105932272832,407.9516879893302,142.47730426493086,77.34463112141509
671.0743926362384,405.91379566902606,141.42852820283395,77.72734916503853
670.762457370044,407.3693473437076,141.73302965754024,77.18031170121927
667.220995432017,407.10760051368413,140.4743550228521,77.10068342494486
668.7070890182956,406.5642552808108,139.75631347254821,76.80410696487978
668.1243969261307,406.2351590327508,139.71975235200762,76.73556267701849
667.8306220009384,406.17912856285324,139.42583784024757,76.5081284347763
664.4507837446806,406.51141990773476,138.99499406620328,76.74138451635649
666.3091944802803,406.6547712081599,137.60317049692026,77.1621944730127
665.9665242195128,404.9420988748199,137.44493357390178,77.32906669706574
664.0308303297653,404.13819674444744,137.06373975702232,77.33078947206246
665.0491266009558,404.99179510560236,136.11199764512995,77.67339004627661
664.5018915008507,403.93203184742197,135.73344872226284,77.60728242643751
663.0504981950355,403.4405055220867,135.78249845645172,77.91810382014614
663.7467358215506,404.48794165918946,135.0590822415839,77.77886125232345
663.3381679156212,404.41567595452875,135.3011594143931,77.93205398300915
661.4886156850515,403.655207998003,135.20842546801595,77.83042569947402
661.2000419035132,403.8697511548527,135.25843098321053,77.93382946040919
661.0960636776822,404.33723369004144,134.96199761238938,77.96861241020385
660.0302965811222,402.8727009800475,134.71487231873877,78.28450410697084
660.3590549001159,403.3030178894333,133.99403852342337,78.29515709764371
658.7577899007474,402.5889710029257,132.80305675000443,77.77072513575752
658.3933742018337,402.5273187559552,132.49316467905157,77.49716292070453
657.7959595878104,403.0028046038493,131.5997075072566,77.35424263225357
657.4378256381355,402.45798755120467,130.82312844081693,77.05121004004069
657.2840997751366,403.9716612879894,130.12610958003776,76.54448934984225
654.4624397295906,404.8388681653623,129.9099736088128,75.83686895580644
655.7486537312736,403.60385311098366,129.468559475686,75.95114874222186
651.6200688003917,405.0024212885026,129.21742855619996,75.34851402559647
651.3195869465119,404.47480786224907,129.29476516158462,75.62033080577687
650.8522428565344,404.5804588828158,129.17537714677624,75.87865689007263
650.8547390656274,404.1043716080662,128.44234784809726,75.61117163427396
649.5868911264631,404.79420817098253,128.03605335090688,75.01592156170588
646.8706695208374,406.4563749435171,127.59967446438017,74.19445976842199
647.9925619299745,403.79052181821135,127.47683509974968,73.5462051006071
644.951114930629,404.79048496874555,127.09522151863715,72.82605561113834
645.2677213342739,403.99236622096583,125.57205170060129,73.33340708413007
643.787823007278,403.0846560971106,124.27834789301485,73.41011525946806
643.8116519449019,403.0251695140204,123.36152090174684,73.46053487361695
642.9459818483086,402.28468556146504,122.54541365192492,73.52886721392362
640.9858714135955,403.2494770139691,122.0509735907177,73.35270394659557
640.9330516692892,403.23037994243305,121.12112185122659,73.4273964239265
641.0122322495617,403.495137509239,120.16174656533434,73.40051039159097
638.797281568615,404.04070907819226,120.07298547453016,73.08390422096188
638.2835716540278,403.3753536440928,120.0184937398313,73.06888728783797
636.7519539121677,403.94904999434004,119.59423284751392,72.54754130451039
635.9432552995663,403.8311319605461,119.00696226609116,72.05487640984083
635.6366579626865,402.941470558789,118.92757939897633,72.60943951544101
633.3650735474935,401.9026758588337,117.86718492064664,72.95740285581938
633.7642827916046,401.10408077711526,117.37485842647146,73.24954252696958
630.3443289457448,400.34145420722376,117.47520122256118,73.14819170576159
630.7491136311434,400.23716528796166,117.4790694328264,73.00267626087104
629.4273575260149,399.82645313443936,117.77948395631566,73.04282511673223
626.7277901979385,399.54671064995836,117.76129883784088,72.48088600675297
626.5423921601574,398.39054242838904,117.5732834276358,72.54382493364093
625.4777492152987,398.7551964436592,117.45446522189431,72.49813938253945
624.5098155192594,399.75361840482236,117.05390921690861,72.80417693947643
620.8126905267931,399.50773032789095,116.5878510315226,72.69387888746378
623.3386912711453,399.00558867311145,116.57820317288409,73.41547471180485
620.5926592081988,398.6509397611738,115.5592132597756,73.69726221453986
621.7861935143353,399.2191841653642,116.21168326940517,74.33946565164237
617.2798077642453,399.16527515043833,115.1750334591601,74.62125874684466
617.17610996182,398.4477304853816,115.36456718178619,74.9932202016301
617.5816446023471,399.02325239218504,114.87353678561026,74.77788586449414
613.6097898859624,399.0356777356063,114.04631020611146,74.57858561462513
615.4533148569515,398.76053204531894,114.33875722000484,75.1301315811207
611.8187253609877,399.28332885721096,113.68862993370355,74.7584343892596
612.7543353076794,399.782118431998,113.589074659766,74.88168947106216
612.8453961041537,400.6757169157249,112.76630249642504,74.34814662596106
609.536640455972,400.60338543634765,112.73329060705822,73.54307346639885
610.0281859823033,400.69188551318257,112.69001447958951,73.50020019945444
607.63993093868,401.2864464069392,112.02913376254546,73.32735250652277
607.1926952478435,401.03423327271605,112.08035755176904,73.42600489687152
606.6466940981043,401.0631680079887,112.2260874184434,73.36580714293994
604.7004599384616,400.1028051600307,111.42413301586603,72.96544690898533
604.314806886143,401.06425063117837,110.79725136396497,72.43479708702841
604.6586543661862,400.3272621650237,110.02344062638605,72.43913555250279
602.1615264361468,400.5059052259519,109.13441477870101,72.47760245665492
603.1834328275962,400.5727475754464,109.18297083697358,71.73983106056433
600.7031185384573,400.48926682449235,108.42574396176013,71.6535119526263
600.0384320980835,400.60342138137634,108.26394834351473,71.04425509997252
601.1298110082031,400.95917129024434,108.16133659757065,70.85890819103851
598.5185020788238,400.9659066965796,107.14160149383544,71.06541433998062
600.4351947368013,401.32245137778943,106.92117484754274,71.2804037481985
598.0577447996326,400.3479607664311,106.33622238881131,71.46950526262515
598.5622068365675,400.3481421229749,105.53104919351398,71.57655288358819
598.1281181846346,400.9567408407558,104.82038397666608,71.63903033568351
596.7293827939814,401.1566943098237,104.6071604926069,71.58780481763549
597.4205250113669,400.90016150741906,104.25141729089853,71.4188380757193
596.2083172795678,400.9456769712848,104.19534636152193,71.27405799646003
597.5765339417569,400.2860996291107,104.14290923770525,71.13219101904976
595.0248722608563,400.65451837302146,103.84497889925004,70.87684694467663
595.9502705646563,400.86746146240506,103.52380222382473,70.75901387197894
594.6134369355495,401.65153100267264,103.15687156638894,70.89024648696224
593.5059884580745,400.968008451442,103.13105921652934,71.0664989096368
593.3092206180856,401.8988582973448,102.59777342624636,71.18533699000989
592.6426745858142,401.6637003902248,102.05952914988501,71.106526656026
592.8170319020423,401.31141642158997,101.80066007046926,71.25651044774979
592.2231743024797,402.75741545546856,101.33438309353858,70.94123261772451
591.5070739926555,401.5422466023623,101.28886631358993,70.61439154052027
590.9101646482922,401.0784323330367,100.81402889155301,70.2654174533246
590.8651686240476,402.1003707133928,100.34997717020599,69.505607012078
588.6863064367144,403.66441671094816,100.44388804923626,69.05636256831318
590.4977243733842,403.6839593942988,100.71815047873773,68.86197512408
587.5092438092723,403.82262780013923,101.04833779180657,68.62943693616968
588.0933608499089,404.0440242154199,100.43678397262205,68.40669600516071
585.6051338858997,405.278190071329,100.61209043970304,67.94305947042074
586.7296172576879,405.4353475089256,100.87506536749807,67.50681191730294
585.2786232874064,405.5686263185241,100.76488561587676,67.47842021311828
584.8029364883597,404.8748144400631,100.12163600592407,67.42431502049338
582.9270076972183,404.03867150311606,100.24630037569776,67.21576762622189
583.7807177202723,404.7812019264729,100.0716560892868,67.03613444998716
581.881792621083,404.8889310844369,100.15678136357778,66.89831213755342
582.2540259992289,405.6012132272041,99.92487956442787,66.82698166625849
581.2791112840133,404.47573427192486,99.57006894015626,66.87283284158741
579.4495400941383,405.4744369948488,99.59364556215478,66.71720472041602
577.9930271749513,405.4192634787597,100.05025407837002,66.22826835539655
577.6676587857461,405.117838490502,100.04288512577008,65.9475926623372
577.3616217544636,405.3158214674489,99.93575547777897,65.84713506334558
577.4530245748934,405.29243690363916,99.66455108977304,65.72171923191117
574.9128140877443,404.62816446065034,99.65865404801909,65.84501909988339
573.9861921013959,405.9097197654656,99.41385267159481,65.61743090350674
573.2755851278637,404.19865983587835,98.87579900238725,65.83918283512989
572.9992070519213,404.9170460764506,98.5519533390483,65.6122015374571
572.7251948696645,404.9954791119529,97.66784832047475,65.46331547785609
569.2796869423526,405.2155468507386,97.89442115904639,65.66691320369576
568.8714904572965,405.0067246778091,97.54899479035993,65.47508253296087
569.7456158371706,405.45314797158176,96.86294147743496,65.50151200408939
567.799500867644,405.7910919528392,96.98450314828446,65.54526119710725
566.335362986136,405.20083163858715,97.05163913697778,65.3250409637187
565.6159171072626,405.58326232989793,96.7771777376814,65.5109928745542
565.1166509920537,406.5809007241895,96.4618606381508,65.73468566948239
564.374132444965,407.1926286781609,96.41076158196795,65.43614745944609
563.7195424425863,406.5495152790362,96.13399466919138,65.24872833217364
562.566959028075,406.6255665190936,95.9663631507409,65.16645130760524
561.6983966247283,406.0852256234954,95.61622222753012,64.84923752423194
560.7383708084194,406.0506464939373,95.51054825704428,64.79824613366848
560.970193533375,408.167144769117,94.74129051126718,65.33004011828218
557.6737112518202,407.8379986266192,94.01101336371376,66.19034488258302
557.0004651151594,407.37308530740313,92.9004653271295,67.0608895459843
556.4726940946143,407.49763356565774,92.19624722684696,67.69621860997661
555.5865610098112,407.1886053101939,91.6322847873681,68.13549064617385
554.484851441003,406.5460692797206,91.37454564938022,68.10414644354015
554.5580103398559,407.0106412104262,90.96111461310144,68.39891398673865
552.6618921796716,407.9909398422577,91.03069396821425,68.61239065763056
551.2038834516386,407.0368539770726,90.80614769785511,68.36615202575715
551.2568120822891,407.4547179276614,90.5054571429969,68.32600582299725
550.0875315529396,408.36611987990864,90.21606944070966,68.70470614900202
548.8394718268981,408.00743409393505,90.60608284993057,68.61480480987743
548.5556071169495,408.54550102826147,89.94893014397324,69.23460619055327
547.6982707156135,408.3667287638406,90.26807093465958,69.5657583321687
547.6942058585317,407.3627709566157,90.08205511836091,70.00590060448603
546.3949579584154,407.50579004229314,90.15039216043007,70.10865292137413
546.7040737370488,407.47017573174645,89.46426323121555,70.30622866704411
545.1373378311765,407.1791248956923,89.33416854897206,70.2295005309172
543.6904952457694,407.0241467535931,89.27398986060959,70.07307770907096
544.8226650985861,406.7525535332701,88.89918701258132,69.97721378522257
542.8609985530471,407.83346966606314,89.04292449017953,70.26586055024569
544.9261344075626,408.5000527045227,88.81370167984547,70.90450815206795
542.5295249747329,409.3152044992438,90.07780391495075,71.65290434213627
540.0868879386379,407.41893444545184,90.38193174690618,71.31866632395722
542.1727653626612,406.442442435184,89.76092810811885,71.68875435030654
539.9622110012984,406.004399751738,90.22111935800498,71.12229144220461
538.7517609374321,406.85612527660305,90.00207159450233,71.30053554380355
