1215.5,240.5,29.0,36.0
1211.5786926280257,238.88879503241805,29.860436532736276,35.517484159635934
1209.89869470107,239.50482537867157,30.58068810487894,34.89989663121048
1206.214174519353,240.27835235476408,31.023731211080253,34.547317256929205
1207.5074180728798,239.66312406625735,31.352256940483237,34.20586690969489
1204.0966446187902,240.28382286975406,31.605376285948765,33.914755512284806
1203.4045050194782,239.24595609492224,31.664361228362566,33.79652768003619
1200.5042797738572,239.59009330645458,31.816139138885482,33.66170640438288
1197.94787793517,240.11382024572478,31.881483213903756,33.49361355928208
1196.7919252217027,240.2681219424915,31.692075908141767,33.36422997790344
1193.7836988559086,240.22858971927712,31.483576895650607,33.41365562542477
1191.3564714155395,240.1398452218688,31.394601829489012,33.54837712532451
1189.7865895151065,239.60607031366837,31.34648010751276,33.28932639012014
1187.7103003116583,239.74713099829256,31.6676466758776,33.33166516968313
1183.706184809215,240.02887039178503,31.679845442757653,33.25763004248057
1182.6511071313562,238.8530665806132,31.615133168470297,33.310176843291046
1180.9395111717415,238.9241027989919,31.46840311733249,33.11039694034858
1178.9442508216382,238.92160834289493,31.031364918613054,33.29368671008641
1177.6455834594344,238.58139999719032,31.009440047149717,33.1687546475665
1175.0446143935196,239.1367753351488,31.23458155193475,32.86074365146292
1173.011085179552,238.0813859108405,31.21998972275926,32.82865755752886
1172.0525693129048,239.39852392087874,31.39407638101894,32.285292687431046
1170.5890153207297,238.65924983896826,31.191111533261182,32.291185554926315
1168.9558269495665,238.69567019833687,31.068720079481857,32.211708349334685
1167.2391431927435,238.79511512093194,30.807141542483976,32.06148091705619
1165.2181557702804,238.8748492565356,30.81093222145565,32.26231029594768
1164.876222028271,238.2778379916134,30.590953858821422,32.219657086503744
1162.4780190689607,238.27754053812012,30.566115537634467,32.296162524474695
1161.1067217034795,237.57868951105416,30.6491660390896,32.27382981240942
1158.352044126748,238.44251133762322,30.688203351976544,32.5579781037751
1156.8715030108667,237.0845728801836,30.24607875848289,32.89850215915729
1157.2200488480012,237.09424178927463,29.966329657618132,32.71142220783463
1154.8139501112248,237.19137277955178,30.0874074603029,32.49040999984392
1152.6220534827862,238.09637048882058,30.478158009737097,32.2994718790129
1151.7402641422557,235.9504112738355,30.65369300107042,32.442735371238946
1149.69976233119,237.23099147379662,30.758042093630202,32.390281064151196
1150.0312210093791,237.35817176890117,30.562690154541496,32.32603385449343
1148.0318682011464,236.58367668082298,30.537304527262926,32.527673194849655
1146.0533333255257,236.45265527030324,30.794751409012978,32.79583638891836
1144.1518496566528,236.34146609268416,30.839773924447513,32.681647759503036
1142.569232020591,236.14082453831878,30.447756312659777,32.75666058596528
1141.9747012106889,234.94655310507775,30.081480026580277,32.7650095037016
1139.512668243012,235.60754563036522,30.451205599385112,32.6672237481706
1137.894963771872,235.53619728628593,30.320917634621722,32.505394524521165
1136.1960786817997,235.46661853177972,30.453979534202883,32.58888141452266
1134.4375043550697,234.97456587086023,30.664503775126395,32.702244832579744
1133.651241628607,235.23114006578132,30.639242563089013,32.65949081567766
1132.8938757975293,233.66235504220407,30.323824097833324,32.849475041680414
1130.0669915489173,234.7710246800563,30.315384514765846,32.56729008478544
1128.6827846190988,232.9579260295021,30.361598457562998,32.62268851199253
1126.8391791795955,233.29082559362902,30.51125078096675,32.4657654094154
1126.1994899588403,233.818385463373,30.69420023211285,32.22713274382572
1124.135869550445,234.00969956262955,30.564535493178376,32.50316376505445
1122.787628305044,233.5156852148381,30.12974781376856,32.37523376999407
1120.6094789517522,232.83326879452494,29.783523765683384,32.40212317590511
1119.321297217336,232.45475310310022,29.975918165988297,32.40686246213973
1119.1703669514873,232.67474510988353,29.9551284737152,32.194039230195
1117.0047231895383,233.1755755614419,30.13609594451286,32.30530695599981
1115.6767979136735,232.92944663718345,29.907118167156106,32.20962566133587
1114.1254811317483,231.3788828166882,29.70941584691206,32.40385599588413
1111.8913812990852,231.76180987908361,29.75866400085522,32.35433609484053
1111.7115804719963,232.28985232784282,29.625737782709272,31.97195635793994
1109.7844465867497,231.84734142431483,29.585278561548755,31.952849375094132
1108.2324147081094,231.058092107219,29.44928270464783,31.949583072838635
1106.4667085057092,230.90783768688902,29.654040436825703,31.654321018017498
1105.3952454577768,230.7416882829138,30.028862694723365,31.390407796510882
1104.7834918088784,231.75254034739416,30.401462249543364,30.8184766215373
1103.5774777526449,230.29340678348882,30.055660934291218,31.234682143894474
1100.7967205171385,230.85493340810837,30.2700775316163,31.258633737413533
1099.911054321326,230.72834336275574,30.119711591408368,31.327956282862182
1098.313936948861,230.60645765708907,30.022039264271083,31.285471380871563
1098.3405473378505,230.05343710812178,29.898434900302412,31.10669478318846
1096.004462847607,230.05002213149558,29.535605940725752,31.34445460287399
1095.1642729108426,229.4155898344479,29.44273046604937,31.605104842454274
1093.3324713590423,228.60918584707804,29.429379300240768,31.563861990167634
1090.2434261446062,228.84979788229813,29.339792898820924,31.785473419967786
1090.8039513018236,229.14195213191613,29.37356874863183,31.757464368745087
1089.4379502878612,227.6704336117597,29.31228445300922,31.914707150940284
1086.1308798774135,228.50161929118275,29.720475013742607,31.73979521325203
1084.8788560248192,228.33501476694022,29.150416740918836,31.81972555923963
1083.6456391531176,227.1054183967657,28.969577659081263,32.01436666003174
1082.9057561878997,227.0420329631106,28.694525150033385,31.85970397483839
1082.2056216628457,227.19526831808494,28.40139894314501,31.70320281287667
1080.974387775387,226.58662969877423,28.77908650184569,31.947316863994295
1079.2986341584901,225.94525242267503,28.922476727429775,31.98256789713446
1076.5142473535143,227.0510509656541,29.099102319498503,31.852809657382956
1075.7289919213677,226.8512393607518,28.9281663311078,31.80598805775075
1075.2684981049297,225.8109362762041,29.04801949685856,31.538276603707743
1072.7700468172252,225.67255723614701,29.142797667360412,31.355343546746504
1071.3705930670944,225.97603611335813,28.974732816547803,31.219204639742113
1069.7496094116236,225.55347777101517,28.884736111528692,31.35197173078864
1068.9935530770292,225.12896583535382,28.707753402795227,31.463828005294328
1067.7372676928162,225.45155668708207,28.948867691195083,31.331821074100375
1066.2485551564341,224.3028664337681,28.60698472143282,31.4871830241335
1064.871484388255,224.16138667937642,28.539494587792802,31.703875482114142
1063.0100216049932,224.39156143048675,28.545490957005267,31.593037066834263
1062.6722899707283,224.45470804630133,28.44170014666994,31.279149868482587
1060.8972389107216,224.3769550372039,28.5656765018366,31.126315575627046
1059.5311210384573,224.18666515351012,28.618035918850538,31.00965661759077
1057.7104742803024,223.68830745558444,28.5960720747023,30.742747226111508
1055.6770154712867,223.47305448363286,28.771672563598074,30.80895077324037
1055.4504532745343,223.6527475372559,28.774812674847787,30.6168108437869
1054.0080524519624,224.49153686288307,28.869620080184653,30.588859878079404
1052.4740901297166,223.81638878923985,28.37549414369786,30.961841314748796
1051.420312790968,222.85810925817907,28.23668947289797,31.08671622617456
1049.3445608850968,223.36011351206255,28.32830301440717,30.933533564602797
1049.33490729766,223.79108844665654,28.216238482556363,30.692675001624387
1048.2703467445044,223.00066492060984,28.189107204681935,30.77405062770763
1046.4045892259223,223.30478636025887,28.406125200143876,30.728869939419106
1045.2038867967406,222.687727898707,28.510628117207908,30.811689531666524
1043.128192362294,222.1486054763427,28.338811515062357,31.017180696642765
1042.2823719055698,222.75683758177206,28.423510490110584,30.586689319417477
1040.9180290785257,222.2946393348393,28.589839672183373,30.648158912896154
1038.6827699048608,222.1868854284774,28.769523592632936,30.75636757658356
1037.5881267661318,221.3292441124584,28.62340046724356,30.990756954341467
1036.0327139990707,221.62962744925454,28.549672378166612,31.231331478239877
1035.7996458497707,221.84455900406786,28.336345349835675,31.226698037230527
1034.614199210764,221.69499451496256,28.456265880046267,31.104286844533142
1032.6115427332136,221.20905398574567,28.097111691134394,31.374480686208166
1031.3075430735396,220.64368556658744,28.263534052779832,31.382487507816283
1029.4639712035214,220.55296438363726,28.61835304954561,31.27018748522978
1028.2560803858262,220.48847532143964,28.757607041732108,31.17785414471928
1026.2909382888656,220.45640934154792,28.876362791362986,30.979661890521083
1024.9677980425242,219.95766944981037,28.91124530240227,30.991172965004203
1023.4146737378439,220.13271145635508,28.608292528172093,31.134954978316287
1022.0214116627883,218.69960163947889,28.231331151244916,31.3864597511525
1021.912209877457,220.2225707787531,28.066258077152842,30.78356255880101
1020.9981803600706,218.9833708058427,27.742593488649966,30.759928794142052
1019.3570064647344,219.19095837818233,27.896200968653556,30.68333592676079
1017.1131190408239,219.2505812217275,27.857279611335365,30.811612668302246
1015.8693161432246,218.0439722419068,27.625267086068767,30.891743183638173
1015.0708389817395,218.8555813759962,27.417681728558108,30.57546964335704
1013.6494925577,218.85506062478228,27.653284818717758,30.544681926473405
1012.6223229564115,218.45007264880135,27.74419266295731,30.382484783685836
1010.4673954022452,217.90234657869425,27.76934880812469,30.444490135112154
1008.5168870370209,217.42503174966228,27.581143584227725,30.577590225934443
1008.4028230068237,217.30928376777075,27.446742277413456,30.48871262475893
1006.9264774346384,216.75795464447583,27.33019332855291,30.745914747996693
1004.4026125125946,217.77125526044725,27.540282887148496,30.864025964174
1002.9266795601144,216.06477347628933,27.556708251795257,31.022830081958855
1001.2486508764506,216.98941377015973,27.524922487103893,30.830147942971372
1000.9584317994327,216.74544590956862,27.364007725375927,30.813358923171563
999.0530257945392,216.868040780764,27.439344195001773,30.656237427622226
997.7639271458745,216.87436212918155,27.413465822088604,30.540868107371182
996.5292393875214,217.04923728093908,27.48695444075409,30.532345812126373
994.9986192110664,216.40156223428917,27.820024637185206,30.477422177055537
994.4075187208994,216.33136245237364,27.923894981494968,30.327661144515922
992.2362087760621,216.03144648952264,27.924608800460213,30.429717664572564
990.5345345206334,215.42162080976058,27.829802909538323,30.58055653458706
989.0068386697586,215.998566051803,27.87887675736029,30.481757669993783
987.8839261957885,214.77974743227935,27.922012772881722,30.493978201048535
987.038482708813,214.8439338685414,27.978545274672395,30.373164735095518
985.1456157534893,215.04896882274838,28.019294796968296,30.091401096327267
983.225359331766,215.4773384647377,28.119566589694877,29.833771223588233
982.5347238033127,215.24393113241865,28.142660103915016,29.831037633021197
980.1667302251668,215.31070390306235,28.29043286277622,29.542985721308582
980.9735621274625,215.33051966915662,28.26790372558135,29.36348357530663
977.9896872324382,214.6495834250447,28.073306198888098,29.50077410666704
976.332815685166,215.09335285781427,28.019338941488588,29.70579636688327
975.0052010401229,214.96450766010005,28.044035966865387,29.676435948875188
972.8093805412116,215.1523765025259,27.830812367367248,29.669648005148574
973.0387997248754,215.25966460556134,27.558570110502817,29.487683925398304
972.1081275405351,213.93952222872673,27.313889021801238,29.757813344594894
970.3322650938827,214.13502855550618,27.433720089574972,29.807944561389643
968.8563636068271,213.7590785628684,27.41282580569053,29.997548811782828
966.1014685787646,214.1939692065304,27.388339376372407,29.786844274737362
965.5983462752838,213.94173084366128,27.14801673403606,29.609939894098957
964.3888851136609,213.53716394823653,26.998023451736753,29.827514870899662
963.2426471914245,213.27300614138574,27.067530479452554,29.90292035934567
960.8866345668367,213.111655966817,27.53946678896117,29.70741983415452
959.0119378028808,213.1713088527556,27.357819791436782,29.92738259765295
958.6946328236688,213.1874553633111,27.10193951596232,29.867234718575595
957.7424813325604,213.03535955532183,26.88946746232105,29.895232119733315
956.1395448942833,213.0679349500244,27.255816069771328,29.895785884647527
954.510599719027,212.53964549339906,27.255123828273426,29.838108892746867
952.5335822050055,212.55957132796664,27.539300639076966,29.683804146295408
952.4523743561349,212.53960745438852,27.703537632874983,29.53104566350745
950.7189795699735,212.84035814390256,27.611002940671273,29.592259719507396
949.0406813070222,211.69966990939662,27.34522111726987,29.673694791806042
946.9665724203038,211.61771268129073,27.309011629353954,29.554913120126308
945.2558104136215,211.8350445143671,27.206483499621648,29.574245635461597
945.1315744005486,212.07906682429132,27.26437834657387,29.356974545619558
943.4654469435742,212.27900924564491,27.27737218645664,29.24175290329078
941.1023314433082,212.17285904835302,27.166028705024537,29.2570781412097
939.5497001463882,211.24468461675994,27.2799942922574,29.256907662927063
937.378158904657,212.25224960446695,27.247050622155513,29.11480525060815
937.6162085645959,211.28969368627745,26.985630617963906,29.156920289425482
935.8177998242198,211.01688608916467,26.99163732295907,29.00986484032142
934.5590119604583,211.14068712343467,26.935866435644567,28.987998182829358
931.6496311905437,211.67056759077582,27.181169780741087,28.938112784112057
931.4385552674681,211.17603859830223,27.51213917147168,28.92959834703162
930.5040465742601,211.4243857804923,27.644103401988872,28.961838580620537
928.409751375248,211.91169711216776,27.502409681360675,29.166612665812387
926.6979116728664,211.16572312112132,27.138750590869314,29.389094128549495
924.5185701552482,211.59891284636495,27.065710508277437,29.359204832328615
923.178632979692,211.01526607911705,27.13533176376285,29.29271679066776
922.7736378082616,210.43867192933894,27.110599647307556,29.201562763106082
920.9938456978334,211.3883004186946,27.088895530456355,29.04461654680017
919.2397139063696,211.17687597548962,27.181111540294346,28.993334117263554
917.5178492756685,211.06206158659612,27.303392237167113,28.729675778761404
916.015897207835,211.84434437158353,27.297632790985993,28.44363079289305
916.0998912239905,210.62200054123684,27.36058821496697,28.499740277087966
913.2184733407631,211.69497352102562,27.59447805857023,28.409741859700983
911.7524566919367,210.53228337151188,27.54139916597667,28.545673802100076
908.4290775154378,211.25388217114778,27.59769149648292,28.28019138513264
907.5246860554294,210.63360239255513,27.533788745647083,28.37724656113811
907.5651539203042,211.45322767908993,27.589257053373174,27.908898478684392
906.5943276447084,211.18384961963747,27.322226352230096,28.34422419233018
904.1554478923348,210.88876467608736,27.234051580396347,28.497282016260918
903.3092811662867,210.47799778707963,27.126246439772665,28.7914264467231
901.4251861447901,211.54101173342036,27.27033675132038,28.69494791431692
900.2679950682249,211.46765069379217,27.04883213992465,28.769644284719128
900.1601523442584,211.1181931320071,27.085212094025906,28.69044038067468
897.673099189958,210.86192687216496,26.74361882529532,28.79307223507572
896.1384447871413,210.61257302757807,26.53294935562934,28.72189234576209
894.332851418367,210.5063760694655,26.480348728218438,28.67704137701947
893.7207935456557,210.36789962259985,26.261354365265408,28.566987123677
892.8375778028069,210.93787012934533,26.50716776987018,28.342130949053207
890.0682442600696,210.5773036983113,26.369119958189067,28.52282784129168
889.0218906524769,210.69544736026802,26.43934549345795,28.470694133806667
886.6289943266191,211.2181793347668,26.445486026490613,28.43088237406387
887.7426346561932,210.49977244831447,26.533036624209075,28.542984466556206
884.5060082937938,211.1883351092784,26.50057397882967,28.21299056381017
883.9740528007136,210.33252831210737,26.45716191449097,28.31316922162883
880.9009625657818,210.9713205192891,26.575358718888225,28.220520377028535
879.3103523206289,210.6099553814948,26.477127362117624,28.28986292726387
878.9071654773418,211.43143237047596,26.48789246857949,27.91913754789625
878.3758036913827,210.6896040612408,26.554035022526808,27.94180755213928
875.3120427985122,209.89772771305033,26.567027675424765,28.21078656974059
874.0111769044103,209.52359041915577,26.502808688481924,28.356171023672
870.9968709589641,210.48172753345042,26.44804274123942,28.283523413468018
870.6791852427958,210.1520462550305,26.251903748962107,28.29148188753269
869.5799987535627,210.38745374469318,26.317036981334684,28.286371230068667
867.9548753240227,209.79197846433388,26.384684534308054,28.46371083173422
865.5759241002961,209.61161519674732,26.403228079783638,28.430704401914806
864.1692469007122,210.453434043918,26.57387799210455,28.20188185688069
864.0798747954506,210.01518992842153,26.700232938521154,28.123761528265184
862.3303135956913,209.8455859530253,26.50948474210753,28.16979300687059
859.8070663535997,210.48296957548024,26.286851380526674,28.100823672651025
858.6445084413672,208.785926119682,26.298149227086526,28.67721401289741
855.8928705632318,209.42349757301105,26.40059709868313,28.363584327503176
855.5683858195424,209.95986642047077,26.402430255457396,28.29991631375134
854.2492866379804,209.42285678937162,26.42171306071999,28.480476732718415
851.811366465043,210.33395136625268,26.31110702597961,28.240142995254256
849.6650078233502,210.2345834057595,26.305598906533294,28.33643361929737
848.3306376146343,210.1015310613519,26.6947189149532,28.28963398000479
848.651292283052,209.0679293144158,26.860948385509744,28.35702570534514
845.753871144626,210.05813959733783,27.143457269264847,28.10423480106119
844.5077041923505,209.97718398665032,27.216361156344565,27.922586936113404
841.6425707552306,209.17257378734425,26.911128934667744,28.26084450036732
841.4024393271679,209.579202218604,26.802718735621138,28.246787218994104
839.5656958505424,209.92973081327787,26.81500707284434,27.989819978777366
838.388060781062,210.0987668971131,26.72830471767971,27.897588226465437
834.9417364134746,209.3905580580196,26.542377364902986,28.056886129834023
833.0742778808549,209.976551045857,26.558014902478114,28.140997947738306
832.90526821456,208.34794672067443,26.368113869734326,28.280569202244674
830.8211192931543,210.2471136551576,26.36198372640078,28.254590174510692
829.549142203322,209.2798279059444,26.267896648206897,28.31035067115945
826.2452800465556,209.42652559417573,26.46626055295681,28.4485334242267
824.9418797554621,209.3418725572186,26.20290055546241,28.39336351833597
825.078270889591,208.3908848424244,25.82653645634557,28.44331939950821
822.6972284099704,208.21055436297655,25.766506947965883,28.366741307538767
820.6983989139411,208.73028815387107,25.641534390189147,28.46469700265095
818.2261908729695,209.43575333986922,25.696057417170277,28.217390678887682
815.5194719118186,208.94117717141302,25.863225159723463,28.157603191695813
815.8985938397209,208.2936431764189,26.010020673978993,28.059036147122875
814.3752763380177,208.6610178914093,26.143703969545484,28.101181584562234
811.9169421557945,208.71560080324437,25.98395584152969,27.97611886871706
810.2852457721175,208.78392769630616,26.216264071377523,28.090980798907758
807.9011860537402,208.17897497558917,26.067032262252138,27.920895901062586
807.8817230593528,208.12311089542462,25.87213255253197,27.705444420860168
805.5057496644811,208.7395680901535,26.05884134331283,27.768398547370666
803.1645552594314,209.00146516893412,25.99272122320609,27.89685295119178
800.8087731851896,209.15521917189898,25.886186349777873,27.90579238207158
800.359116512487,207.75693667014963,25.712577226997617,28.18222961228539
799.3973124794517,208.74874051508095,26.001571302284706,28.13244383900294
797.2635305134613,209.17289650129885,25.953842399029842,27.904538553826786
795.7207161529712,208.15604847957772,25.857574671874442,28.036321312013648
792.959696625703,208.3534224433165,25.674825995240425,28.06094871474582
790.7046876784275,208.7482668451583,25.576298586446605,27.948098785879083
791.7098650547168,207.73176980966412,25.8822861876889,27.67023222301734
788.682812938647,208.13179045511222,25.907861252653298,27.87637610610947
786.6339642269575,208.32310263820682,25.955442613867866,27.731244062842055
784.3098843277198,208.74128552731497,25.779551032185655,27.944273369006876
782.8467733261008,207.83774678337758,25.7334126628805,28.275371528726104
782.3583269276797,208.8020672214911,25.703853137716344,28.283938708948973
780.6441566325275,208.87849505510223,25.507143898537862,28.194847561716177
779.0920484160016,207.90653797262163,25.651827117020563,28.425037113487665
777.0432707695649,207.68080352132225,25.649204645001372,28.252603218387478
774.5077973399846,208.88082429549553,25.73146112788031,28.008902269101
774.8366582745168,208.09871014146867,25.683925656845148,27.978219955511648
771.5665181292691,207.82140953130363,25.604942298353826,28.110272226123218
769.9935580407288,208.10692582529953,25.52033578971964,28.006597988885257
767.4045360046574,208.0835595957858,25.446037637741302,28.126393434048175
765.976757303619,208.26837999948864,25.326897688362454,28.206398384317673
765.4204798600609,208.27284887316983,25.216456817421957,28.286050424438457
763.9693460857433,208.39132800515287,24.965813656676076,28.45835702300978
762.2411760460717,207.1466958872105,25.062374616527634,28.627150687376545
758.6737514960909,208.438930848136,25.55263715337899,28.352773929969516
756.5603486054368,208.2738852994215,25.32912650554893,28.31956506154011
755.9757991783755,208.51005347121088,25.414986281149815,28.184211564221407
754.4380425053641,207.3491283920501,25.346855532705316,28.429212261941164
752.6723092140701,207.43273652060225,25.394008865705537,28.523410860555497
749.9506873637152,208.1054819077492,25.43809742649213,28.31823526131803
748.0410833984288,207.9170531692957,25.333418104257397,28.194409192158755
748.1499139005309,207.5235513240359,25.300850666828357,27.972011680476506
745.9856836179581,208.2144936821381,25.1788541358743,28.069310518921466
744.0660960322641,207.60969917769634,24.92909011735138,28.014229155795707
741.3394938594927,208.1462500431012,25.001902388309187,28.107061630041223
739.9540639133696,207.3915641202743,24.969912272544434,27.892175291262053
739.6029792938482,208.3847989937716,25.09832213458461,27.61652204683856
736.9339944194023,208.20167885475564,25.19977779198465,27.597020942033158
734.0830337421362,207.83843183866378,25.194762310274157,27.55757102976271
732.5587279699236,207.19112596248394,25.23145650202305,27.67818228048971
729.876269072982,207.36584467171116,25.410722039894072,27.715074781135037
729.7879582444517,207.557676508561,25.475330975356755,27.53199636842264
727.415529568862,208.02760430535122,25.316702074704992,27.738859157677606
725.3675274956803,208.4893650393184,25.25967105718906,27.64976421199824
723.9771674819319,208.0201818001309,25.092872020736248,27.61351517609475
721.313963305647,207.76396005497963,25.12156804725614,27.802955642534464
721.9626176529806,208.192208820958,25.370994400883085,27.573044011361283
718.7566998978164,208.58123223835713,25.63510957429757,27.508366724883757
717.343429249609,207.90440921777954,25.431370995910495,27.53742768589217
713.8233365342473,207.97631907197425,25.507235766996367,27.794147822730967
712.5859393510397,207.7516526328189,25.53005955617182,27.856522191358096
712.8040586137176,206.94603502040536,25.413618665894333,27.74087650817273
709.7304764852953,207.95064870235706,25.775001539224693,27.61629806337485
706.9603790118264,207.5603833849549,25.626386614488887,27.582335220834715
705.5475926710742,207.61258737098288,25.79391614985986,27.63920104116479
703.0009733925584,208.00904657758767,25.96482098954519,27.608639803305383
702.5217719522094,207.05195038388786,25.716301219906008,27.60631517143316
699.9080229098155,208.26551202494335,25.852335738867374,27.533156933343776
698.4504469372558,207.6662238638043,25.5814172417869,27.501872830626457
696.2623386450041,207.42645044317976,25.3636883230555,27.804308463436683
694.8040399686689,207.1457363887379,25.25579365035062,27.71207675176374
694.3384114749496,206.6699724852416,25.24343955237446,27.618328393747817
691.5422320557803,208.57596817018,25.431930669155335,27.41255083193066
690.5368517044068,207.73507531767032,25.250104473098556,27.59885301930325
688.0271898619329,206.38245302958416,24.970090294124358,27.865674200318722
685.3841960442234,207.20856419187876,25.05656544785397,28.02917875198836
686.7795810403956,206.1995381729926,24.94264911227829,28.020553419689293
682.515283161005,206.43037704961836,25.36926847640618,27.925245748339307
680.4765755246789,206.69465193216703,25.17281471143024,27.956831288169802
678.5000046128619,206.51618075456392,25.0441517827143,28.10550835371176
676.6391354536632,206.5419282077043,24.995375136054317,27.957064153221513
676.3775584279022,206.48145893060047,24.946548353569042,27.765187130637408
675.0333576389297,206.4015712142056,25.037382850062546,27.74286882391754
671.9922293389363,206.30937076215724,24.938747936224843,27.758553967902472
671.8244013473623,205.88107683095035,24.98756455341383,27.542300782075614
669.5188684743089,204.9450451369124,24.933029522848347,27.613136123734247
668.7853791086028,205.199555924719,24.98256557485535,27.56926687136705
666.8023005615105,205.41067681718718,24.941355058108417,27.59953597977556
664.8283394301415,205.24070863282702,24.723556858047395,27.619680703684224
663.0345075820529,204.8846881771424,24.554184106699566,27.44242097065576
660.2493706528988,204.42073480402922,24.586242327800687,27.569558387811064
659.8479965008625,204.38232839844312,24.70727299767232,27.406703708858572
657.5384574017182,204.66137144265878,24.810388595252782,27.412826187569774
655.7357176696746,204.5112060873468,24.832431093397595,27.721330686160087
653.8948403285486,204.7462046838523,24.943464387786513,27.737844306385274
651.9396243254278,203.54138722368555,24.630749001755177,28.017936399112614
651.7034519860152,203.3457607205572,24.683901277025445,27.91845122210937
649.4540105955645,204.56520957531643,24.96497628815153,27.751424364107578
646.397518965744,204.13860990439602,24.929300318513825,27.915566176975815
644.2773801643693,204.02713530391875,24.83197387539527,27.98215487091894
642.4605206850388,203.32834061467491,24.931582526362984,27.983770686212353
642.6468297941954,203.31525507728742,25.19309073283921,27.599739853829394
640.2650069643572,203.7953957320569,25.048155612486106,27.822126991784963
638.0038224969485,202.58488862804674,24.76720938464486,27.95257475540832
636.436114325871,202.6767583118227,24.68497912798401,27.904976166517137
633.305430647668,202.54324701987278,24.633244715896303,28.195681609211938
632.6006835229937,202.63523256678758,24.621751716824377,28.112963205339945
630.7771015834707,202.41823874251074,24.764419021468512,27.994412458965662
628.9744760009639,203.7994166541751,24.831256423435676,27.832662600297542
627.6361230706443,202.5705661512381,24.770759162889604,28.119104918198573
624.0833603923946,202.18967818127172,24.927990833475953,28.1040679470977
623.4446262026586,202.4561111862184,24.868508553196044,27.845589863067595
622.2202796311311,203.189604599475,24.673823200080946,27.702149207742774
620.8120301437415,201.47909310334828,24.423439326120512,28.183767235549166
618.1056991639712,201.42234480565796,24.40989326640464,28.071217477351254
616.4875939704043,202.6074715778052,24.504463705647115,27.732366282528783
616.786855048447,201.73910527238823,24.60798222186396,27.618833748060936
613.3156735211627,201.8191600017427,24.636167381840306,27.965190797263663
610.5221928282102,201.40207786260024,24.54596945835805,28.207301423738922
608.7862620506686,201.0134280453405,24.46963588976874,28.238334991230325
606.9225706934598,201.2429413742221,24.281255941299012,28.392071917127225
606.7894745198453,201.54967086432964,24.050189237920296,28.21625589865265
604.3331344700222,201.0797914115368,24.201561144359655,28.430905286664
602.417531219179,201.3125475817057,24.50679837915463,28.211453407132108
599.6791744784375,200.88406447009137,24.55374329832048,28.41322522861976
598.0133411360681,200.10147342443733,24.32733312453897,28.54624706163468
597.3239533341691,201.55202913027006,24.235253849911235,28.439700850774877
595.6890315906575,199.97149146613395,24.33051080243455,28.560627920837884
592.6934640748456,200.77722210798632,24.571077444165585,28.66490028447962
590.8810599868445,199.56240142268558,24.442947349598917,28.565332041281067
587.8473294482656,200.5855404370574,24.637663866515226,28.336848216295643
587.5557090445245,200.42594170829412,24.484556939069087,28.117569564317556
585.6896964900457,200.13444005642887,24.423623788444175,28.000532050787292
584.9004274453242,199.0077093972204,24.21763815237747,28.2732898961131
582.2575449564002,199.75015904021345,24.293234291724456,28.231342885403205
579.8638557764008,198.69153142007207,24.37991141499863,28.251998546828528
579.3557188518146,199.07607450734213,24.59853981453264,27.807139049706137
578.1108324208046,199.98595025816113,24.467915347222075,27.780359635928292
575.3917304559253,199.5371022685065,24.501934935550008,27.90054300527889
573.3153780392138,199.05721942999784,24.19212250746806,27.895683323714664
571.0653516756541,198.3445799728269,23.93974002722034,27.907022523624804
570.3461141766114,199.62026315726277,23.931894968390537,27.374070652128548
568.4172471966352,198.57105733446315,23.686935847440644,27.6332219579908
566.5066978797599,198.42342048353896,24.008289350652475,27.598826839934866
563.5096070370112,198.6848056984036,24.24288947029297,27.436505634916045
561.3032716871396,198.76189302988683,24.20629898152893,27.443450164788253
561.9168701173962,198.94835590845582,24.149345861097665,27.227863280202214
559.6486269093751,198.34562157202384,24.086812272867313,27.256764517801596
556.8451389876867,198.6235985290095,24.23116070535554,27.279545776578786
555.1875972513438,197.47634047807432,23.96711400531178,27.562226303345415
551.8797818075022,197.20691441700396,24.36677914516178,27.67281443341499
551.2755178857511,197.25283018393353,24.538652039475657,27.352318113932302
550.1436636705707,198.0340102238053,24.610579664248704,27.2162646395278
547.8132300716921,197.34932148159214,24.345963635229662,27.5415816552804
545.4717886204859,197.06919763939868,24.471254145674443,27.483989764853497
542.2622812779892,196.90036413910425,24.75266030253052,27.478647740583874
542.533546401928,197.98931529913546,24.96267046421805,26.870823197430337
540.4160934886073,197.87704339865715,24.820660359157685,26.958810089898677
537.8813687753183,197.60050300951113,24.620033034026918,27.275999987963623
536.0504598692136,196.56947419562744,24.37794044775306,27.677391984436753
533.276091569927,196.36576351408533,24.38301020672649,27.446683517160587
533.1411748634697,197.00831739923157,24.389407153185715,26.92438377175136
530.3818041453787,196.1928937229629,24.39336186909177,27.185952693349982
527.6225629847941,196.25044900553098,24.221363004347836,27.078326508369635
525.7954171497267,196.6340657004651,24.14752338023203,27.092339959455202
524.3016452838879,195.68413940021082,23.73352397149857,27.385008388287105
523.3448872604083,196.7126159180126,23.621951946634475,27.21957787942459
521.6108479017948,195.83160920496852,23.495251649273893,27.355023941773737
519.7711295040783,194.88043290365823,23.500438795659267,27.441028587736938
516.9885894653165,194.81297450087828,23.799519556013685,27.741607562753295
514.4158899316265,195.47332558052068,23.916095724529075,27.841101459834505
514.244835058361,195.64756141947066,23.83446657421317,27.674688593122234
511.3965130085645,195.041070922548,23.684316545388103,27.75016798956311
509.68438839678527,195.48364229323312,23.791400632609356,27.634765710496055
507.69033795920444,194.0847073706991,23.698892186176757,27.94891882926097
504.3686405997229,194.50696806745063,23.914822896808584,27.623972852799696
504.00024944794524,194.36639816001298,23.821730446411788,27.511054231519665
502.65765536895066,193.8669417142247,23.970986301926022,27.559710596626026
499.7327843382686,194.77438799996278,24.18864828516518,27.5748363070865
497.45082488899465,193.2245611533321,24.091647040585627,27.740765358547975
496.1318212423963,194.0080637142475,24.07357694883353,27.394651354766758
495.40400458055694,194.0899277341948,24.135615411481666,27.226888167033913
493.0344609761315,193.82387777351548,23.928500342195324,27.392674601101184
490.61694494392634,193.55611593870856,23.78941512755292,27.715595938480654
487.81219116500654,193.29093543412174,23.760582212217567,27.733244170993352
485.3879835784041,192.94833593241842,23.702213804642334,27.717381627597494
484.66416729887305,193.61562283111562,23.798267174403904,27.645961383212125
482.7416496083264,192.92168013903864,23.459149475510664,27.76215759080665
480.804087579597,193.2312787056319,23.367089227778337,27.570317028579225
479.1253513222269,192.47353561792832,23.336748174403436,27.57140892069166
475.9754889503895,192.80802608830135,23.62374613432576,27.725690015792345
476.0464271009597,192.67170511358472,23.594381654276493,27.59521588804092
473.842906156136,192.17369481555377,23.683097547525033,27.53189934497317
471.748514380645,192.92891375581428,23.705006212947826,27.410137034940156
468.8163674203637,191.69249398985792,23.82732911758038,27.60322550445965
466.64144562124494,191.95840919446397,23.878834779416458,27.405251677889186
465.93856342279764,192.18697782248842,23.909162751102045,27.07155328678662
464.14533588400025,191.71988065290537,23.734045467704362,27.17996693623639
462.2985130179625,191.82409493307523,23.5713128829006,27.29900829104824
459.8181203853441,192.16171014087877,23.434681747228,27.438653180140165
456.7170287553637,191.06600679546762,23.429647313859906,27.531901988272015
457.0051168650206,191.26732921351902,23.34258010405043,27.269706497281053
454.9619923299593,191.98888545889625,23.231008510720944,27.493462693202623
452.2752192284894,190.82629805917819,23.26499563544417,27.47758424518697
450.5164551092282,190.694556578385,23.067544463794952,27.518192401442064
448.13929728878884,190.61194166877482,23.06550958740082,27.41332708092058
448.38630506491126,190.58364704997604,22.95385118547222,27.18292922244687
445.9204767598132,190.87582338416868,23.148225996351965,27.30475647092029
443.397858870642,190.34747253765335,23.281016706334967,27.38656250784207
440.6717133036118,189.2111983656215,23.291552068758385,27.36118180336757
437.6726589481634,190.3831631934979,23.668762532889957,26.967362821519227
437.4494171230929,190.7407044155963,23.633368885867984,26.832073294097167
435.5837486053724,189.1319567471923,23.53844368566751,27.07800910636899
433.18628969450896,190.091485486407,23.719823242166218,27.031224596231823
431.3225778274068,189.49402793713978,23.496605821127577,27.162227899150164
428.27022524465116,188.84624239274032,23.632634896398418,27.327126890742928
427.93663599173897,189.04998843816463,23.638848078774597,27.161267663773486
425.7435078094526,189.18255414282834,23.581193844592423,27.174093157426892
423.61598846329827,189.02553681589836,23.51662623273241,27.060033811662578
421.4946874708741,189.07625426846454,23.482021319845057,27.079178223742346
418.8665522065582,188.69648668137185,23.59853993731364,27.398219337411387
418.32032366391155,189.0632501031369,23.517244357087147,27.444733532871275
416.5053629860518,187.94465878814617,23.386001762840216,27.66587178457209
414.12457566960995,188.09216740898663,23.54193312332408,27.91656027857467
412.2994538840006,187.8869221818834,23.593960637718986,27.87277524392764
408.95525867652384,188.0536254337972,23.886956727416177,27.731055593866486
409.1700073395381,187.90013768464786,23.60672708978127,27.531510463236007
406.4708929568604,187.61125470280993,23.469842520480903,27.768877787471364
404.10145056614874,187.44564847626248,23.417622508355592,27.842119549839023
401.87862578322387,187.3837203970415,23.50975692604254,27.708876377855766
399.2991387025462,187.06567967750453,23.555447930049283,27.8494122210453
398.4732751269351,187.9353934331847,23.39909750749513,27.772174670164773
397.0881340101891,187.52343156982127,23.379581719670682,27.84572366248989
395.29496194181183,187.23355642927,23.131268902613584,27.74390681111942
391.87299455209154,186.8667876415925,23.44000928508153,27.497040247909364
391.19276096318595,186.47152631064287,23.247721226267014,27.257836166110483
389.78084818196095,186.26737656764217,23.224126573110283,27.589018536852727
387.5109073014925,186.51180826539004,23.131962588197602,27.841859366897175
384.9108112408266,186.77182874522254,23.11481137914609,28.097406740838892
382.066741074495,186.15539547255875,23.401388544237342,28.056954995455985
382.13979918911247,185.49147283866668,23.274785707823344,28.05178923208932
379.7755104719956,186.36324003040573,23.389299402280436,27.829483758103745
377.3381460024845,185.52066368268837,23.45918205452892,27.623052057176174
374.5495303786416,185.94591011025477,23.684742083342737,27.5612829688471
372.22036515597074,185.79829199352653,23.76913606628205,27.71046283335653
372.00602868026834,185.8190496534562,23.660443104295744,27.808307300603676
370.25904897485054,185.6605644171625,23.514321586328812,27.883842737127917
367.1973795087364,184.91175575482967,23.53705789175666,28.051809659724505
364.7383850679969,185.4579411406572,23.583448529522215,28.071479169365183
361.7316820455559,184.77661168287585,23.710583097658674,28.202286268750527
361.45734419514525,184.1040228704724,23.421758226275315,28.33498311009491
359.77493262738216,184.99470345187154,23.603556716949804,28.122969328888423
356.82510612071525,184.3820265471004,23.507691045896387,28.131614835932854
353.88421395919994,184.75441160244824,23.622928165863073,28.393713564501084
351.5255531197289,184.12777054301796,23.509680577532166,28.21963336055432
351.50811294310955,184.6135757366143,23.423376276237065,27.68852508050505
349.9556625822936,184.81396328299064,23.504268008534844,27.778873425633847
347.53922609267215,183.65585340192422,23.416689346694916,27.894359287696485
344.63425718773516,183.83931191548555,23.6056673978104,27.79797170955989
341.3063868377898,183.73123985784673,24.01394582505719,27.837018429775085
341.4997950556645,182.905513179598,23.88607679154657,27.813737432253394
339.77077610282583,183.4466895697963,23.746071732288566,27.909496324258235
336.3271451517456,183.5924292613566,23.957633923603158,27.950687480755082
334.23014179265243,182.75908256571307,23.67445539246083,27.97108472851041
331.4792736661277,182.39532028294764,23.724970179445748,27.952810825451458
331.41984312730546,183.49852672358244,23.634980754122488,27.856886358946262
328.9322739526194,182.20017735365303,23.595374344888615,27.817003916325234
326.95863230861954,181.98738301540175,23.679201383651233,27.814941098086358
323.73887729677244,182.74011123846861,24.039327080410615,27.861920407682334
321.21900386604705,181.23433594065,24.041799581204696,27.87620733335187
321.4199448954366,182.51598331135776,23.951070099825884,27.69490731621005
318.90577464976917,181.81464442104237,24.038116874730022,27.606299891953398
316.230425367512,181.29159550454204,23.947317159672814,27.71780595478196
313.47702094375285,181.37914796228202,23.971777088276315,27.760621104228186
310.84079208570336,181.38992065747968,23.981477503044715,27.62382228769828
310.48049419544833,181.4829660481673,23.768715865971277,27.56494841167849
307.8679101430164,180.9786356753463,23.740445498087404,27.45352546763079
305.0194949844663,181.11604627275088,23.762433457552163,27.67202855260684
303.0425780735769,181.0326674947037,23.864327839557305,27.6221399142432
300.58120538267,180.98681018152482,23.870823469326417,27.724886526815183
299.8587131843486,180.5925993250747,23.799267696253388,27.75141955687313
297.46236585264876,179.96145368609774,23.813919566379088,27.676697232570312
295.0927887006439,180.20257575120834,23.736427771298228,27.84968696236495
292.3191271329746,179.71555795532336,23.814739123036986,27.822995496677947
289.796429727437,179.07298864872513,24.045252132507063,27.807707269092244
288.776544549961,179.69292998404646,24.00149754506099,27.952584978240825
286.92818587664215,178.8053032708999,24.027261379506907,27.88733053958186
284.1355769221473,178.54945260967787,24.056181986250397,28.16303904295514
281.328175611289,178.34674261123112,24.131301742824185,28.52536925889209
279.4963700096109,177.9095680467374,24.193627488569348,28.3833979208843
278.50451341571994,178.46810562781712,24.011842896505033,28.567130830815014
276.03072095463773,177.80651019427236,24.072774872197375,28.490234579755757
273.7704770342129,177.67992212169878,24.11144212970352,28.539493340755232
270.99577002587347,177.25072567467666,24.2408751435747,28.532003122845765
268.06727173166445,176.48314435632733,24.244457196470332,28.60026493404392
267.6121853899657,177.09975754398621,23.94452314940662,28.65281529307829
265.275336981344,177.26618071626135,23.986958617925712,28.62130517737554
262.7205000460416,176.13922713653284,24.17461586789451,28.730710173899162
259.7790467101348,175.54742043336478,24.56909299335183,28.407755863636822
256.5972949140804,176.55212342076425,24.853092572399184,28.221630700147653
256.38798218099674,176.7056382683419,24.492252780445035,28.246013946209814
253.83060265949177,175.67268804802305,24.375444440642482,28.18947142610834
251.55040098462953,175.27680749344225,24.34445002806839,28.086030017760493
249.04348081257092,175.55507774383537,24.3241559842156,28.129663526774216
245.79080617129947,175.2792035775339,24.50715333423289,28.01494973598313
245.07938044794423,175.6996885501231,24.30437070673227,27.810173364279585
242.7359936022454,175.3318632922414,24.249492386258595,27.755379803981775
240.39167234247302,174.6060651964322,24.40093970011484,27.796948610842136
237.88997566176135,174.51313076426126,24.43264717515512,27.830286551698286
234.3782564918972,174.1650686598797,24.641514134268228,27.73130744892275
234.22191101488053,173.84067940832003,24.31034868208968,27.827132649181813
231.99620718430796,173.7427488338252,24.089829844821736,27.90269565096989
229.4025061506086,172.90138496375639,24.142593125904593,27.86142019534494
226.8301131203706,172.81692453208655,24.168715398538716,28.059326005814704
223.90524858712968,173.1985183929736,24.42713444075913,28.053560492826584
223.75154666668033,173.4013022647732,24.160397315719223,27.988036979450094
222.13920434453928,172.06727792755711,24.186610413828266,28.04471342144511
217.70937021977187,171.9241428628129,24.05784577914678,27.92554164090511
214.80392648329723,171.72882330013826,24.023439730214907,27.799920678764295
211.7263157117008,171.1960888011504,24.29545299856645,27.753304691960643
211.67175097621816,171.3102824271465,24.153246669837692,27.46386719629274
209.2208921887695,171.17484374464274,24.262538612258183,27.432517928466755
207.05986459781198,170.88183938127364,24.100578329390558,27.319941442974304
203.58825397816406,170.44051547858913,24.292738129172218,27.55555925242504
200.65542268174494,169.93342178166503,24.427520461542954,27.672518047678565
200.28188436069988,169.99401771077484,24.286874253787175,27.647596005619178
199.07683631520547,169.3364434586681,24.214338899844982,27.602652704374588
195.14065637599305,169.67460915952933,24.734606035349863,27.74739781498885
192.02735092638332,167.82890140452204,24.906795032866444,28.261387225226205
189.46156667970055,168.48680725568488,25.437358448869947,28.371671366215658
188.50285631730452,168.30526116421294,25.62066810302907,28.2110725506053
187.07899074485442,167.94724581934335,25.453458747669863,28.293003756854482
184.22210863664145,167.85997866905092,25.78446291618323,28.235566242210922
181.24978241051056,166.96245381318852,25.91544807108171,28.3686434312001
179.29972168391112,166.83488544961145,25.701375607959797,28.3299728604092
178.42989149355665,167.32207858090695,25.34805846486502,28.260137567418916
175.83507801253765,166.67137313379214,25.26508429927851,28.402791013452116
173.30343171574967,165.61998590201856,25.2806721961992,28.53845377026556
170.60611065521258,166.0233897651124,25.28791273646284,28.416050536456126
168.26966602140632,164.8721206354258,25.32497017118958,28.61024996297409
167.31267989356846,164.43346821364838,25.149393839066224,28.575502234755408
163.93952183250616,163.98415375011552,25.490074604287773,28.513274783742666
160.89088716728327,164.52921881217023,25.442500833232085,28.429194054240806
158.50921232442775,164.09810590868355,25.35896531462793,28.35144799699065
155.54846927224796,163.9923113089018,25.36409962379099,28.4853357471599
154.85267001635873,163.20238086151065,25.054497650339947,28.649623044987916
153.2968174448671,162.53709972860784,24.823533544742325,28.94159380669651
150.1414095209746,163.01788735537386,25.18188147413127,28.902667698290816
147.64106087726566,162.75839184138084,25.337496955366277,28.752439172806234
145.1069851196827,161.39449463998312,25.2697012430542,29.1832458036138
144.30454070433794,161.50702137905216,25.20646825901596,29.23325953567317
142.075585379753,161.86407336610938,25.355143812208027,29.11094826423358
138.59148575457468,161.72883512303596,25.77660205380614,29.23202469497194
136.59792794157383,161.01746085192144,25.649570016691356,29.3807147760117
133.74087019720463,161.50833753181965,25.7304071355262,29.19293927285134
133.7270070749844,161.1454867243819,25.343499420434846,29.133847749222817
131.73955504081846,160.78337761102296,25.238929993283367,29.029706431663524
129.35139221231233,160.17943067569038,25.291769226803197,29.253682171930837
126.67006797121823,159.91414795203187,25.454867557166445,29.353002292252025
123.60960906275459,160.10701736864735,25.610800003457747,29.24451553707741
122.86006650806739,160.22889829940155,25.350009576867176,29.20404394434781
120.74663001744361,160.17484731221398,25.36685200238963,29.2568022013863
119.46310643342667,159.47838595674557,25.59401608135794,29.38450009790816
114.82216433525392,158.99036565906547,25.734690675347522,29.388884966835512
112.39685480510346,158.68972065012943,26.0259482778237,29.430368280186414
112.88602096027017,158.63212851062073,26.0596325022956,29.724674843258587
111.8722056527383,158.87584621019005,25.697361956165476,29.714936250312334
109.00305784501927,158.24198561176502,25.860689710427994,29.816031828227754
106.9083061478911,157.21145810670515,25.683314595162873,30.177608212096267
103.99356392095005,157.2065736639642,25.70049455227981,30.28103083607686
103.3105275581967,157.63227929824842,25.557576990005778,30.294006900901564
101.8483482190838,156.89090720688012,25.400823760272583,30.55891315391252
99.36819733759165,156.5320818034605,25.810225063967323,30.55057020827218
97.00087927700726,157.05859701070523,25.854418623032846,30.33868673973609
95.06569460815955,156.94891757808486,25.964098940571414,30.33785764292162
94.426420073888,157.2586194967104,25.987653497510205,30.060499172434618
92.95476566425245,157.3708023397456,25.72942446926237,30.16630480322629
91.32393316046877,157.12154403774082,25.56180967259998,30.239129981435553
88.84224989405837,156.16765453976276,25.56510654904871,30.432575204732363
87.12395342401223,156.29446068055387,25.532400649571926,30.666950441460724
85.8384097012289,156.22829235218381,25.545771010253915,30.400278913529384
84.72613496490567,156.13218321169077,25.84287745540405,30.572195636438174
82.76040628045624,156.15841917589904,26.116636431434866,30.577520078259695
81.8583684462883,156.2562542795856,25.83077417443201,30.306903288569252
80.16798695688091,155.28515491459189,26.002172262194524,30.606926582536772
79.05891423749992,154.89909651274257,26.19920096740548,30.584175095811013
77.51200448451277,155.40137317699742,26.220706449408233,30.68758854796387
76.2617794163267,155.80969662949852,26.17999719437718,30.49554974242228
75.75557374453527,155.77935237851798,25.979622459506963,30.102184812634015
74.49200922279474,155.84402644713077,25.947893823620973,29.871684434178412
75.27654221181018,156.34807718928184,25.923675214784122,29.864832740067914
74.2003854613208,155.78497989280265,25.891180938358065,29.675052501445204
73.61008907063587,155.49399454962992,25.55875785344837,29.786788316880006
72.92645040174017,156.03192653852156,25.687096144379996,29.765425157349288
72.2835030157782,155.55596336029254,25.36394994073327,29.780014830534007
72.6732702892568,155.99252613839883,25.236509221500505,29.869658127032174
71.7891597261006,156.08042021501083,25.3305223028071,29.856777827530735
70.9351666323551,155.65662292279598,25.349732593272066,29.728760009998126
70.1193475929617,155.26764941097468,25.599693640541823,29.866751453406224
69.64459450252997,155.5427475690664,25.765833796911128,29.93429934460498
69.81967587832682,155.4924033438848,25.865246916546607,29.829765456530133
68.57545859389676,155.19904508750932,26.003517310373162,29.596318421288426
67.7527793062445,155.45800080541864,26.215483241749123,29.660654600330293
67.17105570773104,154.83384776124834,26.60271959425929,29.486195433696537
66.21194337943327,155.20476353541147,26.52244759920537,29.175234299150446
65.36513300987787,155.5708256423783,26.734555434148998,28.879217512098588
66.65437017470067,154.35115241991235,26.441297674403888,29.07808138828969
65.5569974889645,154.69995718139342,26.58020994460366,29.23822758594293
65.02117835546973,155.08326013310926,26.573360338515815,29.2266887925729
64.39046860583984,155.48999390538947,26.46688196961914,29.26452560029592
64.73416516545453,155.22665361576887,26.381389427934955,29.032529948629726
64.45894512607488,154.95527777316562,25.809777433215555,29.24309234212057
63.84546144891011,155.05059667403646,25.79430194124687,29.47604093874199
63.23350968711585,154.29200693980818,25.71075517034076,29.632989365290324
62.67912419195463,154.7238641748993,25.819974387591905,29.56887656918797
62.14018394290912,154.4113702955566,25.76857694111811,29.40349511524599
61.9833651798224,154.78843470312336,25.769504629139625,29.506117920881934
61.276583675982465,154.4329050975104,25.53659124884189,29.456290284134983
60.001050103026145,154.17106443643326,25.502291430414317,29.54618259147299
59.73597802684851,154.48558333641202,25.95156393368312,29.585775868328216
58.80805402171598,154.78463350306092,26.101192747628588,29.661580550022173
60.22734531240487,154.03991472822293,25.804953067480664,29.754917459401206
58.91415415703284,154.27327476891497,25.753694940144893,29.73287172088783
59.25147057218144,154.02401258468683,25.50349492396894,29.907509575634123
58.51223734784484,153.23797164336457,25.367004755286803,30.070345848041512
58.45555946069028,153.94214509050735,25.475834509568212,29.915953364308884
57.81167846651212,153.595485161383,25.530866943748208,29.95769098149922
57.0490815902088,153.13017565151054,25.538352752438527,30.015238330711973
56.160495658226985,154.00183088085282,25.81516114727832,29.87855783971691
55.94355625750585,154.39556628684483,25.599166751641892,29.974353893940044
55.498110874314214,154.62571363504549,25.550474097271678,29.69964714013893
56.031402089973554,154.7809234136333,25.47049134971459,29.338082670124354
55.34143193496385,153.92719266219314,25.634888508832205,29.48700967002165
54.48094559138491,153.88445856355776,25.695147642561437,29.442238097475965
53.12911479892819,153.60859220916802,26.060301575192156,29.14611112560284
52.669323962498375,154.23710904279804,26.57264765544811,29.105203661879806
52.581775312578884,154.21726055606348,26.80677891166578,28.61081279860649
51.476384334492394,153.76286499188353,26.65164652305117,28.585348386595456
50.79277741364575,154.5331905450097,27.065880919287,28.303166146691385
50.95078209613397,154.20288446180263,27.24579364293361,28.183004315798705
49.96402715511035,155.0679574390495,27.314461148271857,28.18240300089232
48.932132237577,154.4834128549227,27.18458524046441,28.263778808359532
48.65200563371722,153.67291963082099,27.187060864584886,28.226183046022207
48.90032287549798,154.23531194761568,27.09739303746982,28.15608007117759
49.13118299282311,153.95712807816648,27.221896285905196,28.206313955686802
48.767183989794226,153.60062163159958,27.249810916985854,28.357384688691063
48.49312451725757,153.77641260240958,27.169233301199476,29.002287324726847
47.65998791555049,153.33304366171114,27.401188796598205,29.008183414493928
47.88967769573902,152.84407296980658,27.325588940791913,29.02485094929259
46.3770990574515,153.18165337268547,27.136222663518687,29.705327336260943
46.98174888208187,152.2282643331521,26.8929972425447,29.775561497671735
46.61033778957117,152.15693775313628,26.90213596065478,30.1247330097351
46.43590301442067,152.5875864961617,26.911733339696855,30.176677744562895
46.591880499228424,152.50500306992672,26.74107857149736,30.098902457526513
46.05157675451116,152.44632255383476,26.701699526813236,30.1008720937243
45.464426255743554,152.31907676279397,26.6863926656906,30.111857020708904
44.71335467521193,151.9123538533006,26.913889067720653,29.808606839596443
44.01852068441822,152.3272031453661,27.07716621068502,29.857880785830453
42.9040478853634,152.60728105202622,26.828150506991072,30.034470806860785
42.08965790201627,152.84418182173232,26.639815643668243,29.84826111224575
42.36178887814144,152.95830590041882,26.45157652619573,29.552673467498902
41.453830479715194,152.7345189511276,25.96072109099256,29.246924585949067
42.00669765254021,152.73344380867525,26.206405002102166,29.06903001120601
41.874285112188765,152.87584621599683,26.17359199434033,29.491722972117508
41.629002340693646,151.9954950815929,26.520002184022836,29.452318953922756
41.62606631307449,152.22775963899795,26.90194414263487,29.554292469823277
40.710694143073745,151.39210644746768,27.045567448967844,29.55588416362907
39.966755732127226,151.39991118669386,27.163587078821386,29.74470519081008
38.88617633459835,151.8011975773954,27.113785008858382,30.04032486279136
39.581603404600756,151.76552796107734,27.011957129229557,30.03780235489798
39.547942017073005,151.75332263059676,26.838857104101763,30.135587771539683
39.35351337770055,151.45411913534718,26.915816181142645,30.08414677772486
38.203503045930724,151.8486470750392,27.082900605439747,30.300007208651223
38.21241610925502,152.31718421193756,26.952071932659543,30.019661321733473
37.83296459491869,151.8816154762337,27.06060561519039,30.033873722855404
38.492141377958006,151.40785467357216,27.114725408219734,29.99725439561847
37.623637361579355,151.47530324058744,26.93680357418626,30.077201503326222
37.03601228958386,150.93784899353744,26.705852593985963,30.05146922365303
36.822599739077745,151.43311673883045,26.802781095943864,30.385382914623754
36.41783589611699,150.96964740510336,26.72074870419813,30.249478616951855
35.99861459110415,151.35080306809735,26.76275440836291,30.33916687182403
36.05040822076827,150.57574097667197,26.83701393839472,30.342728859850553
36.456131465299016,150.8017702582858,26.74211118340686,30.706290182544386
35.86058834543665,150.77293825482647,26.76927010646593,30.5202542067007
35.41327652523057,151.29111649130994,26.703025686289266,30.447179544017438
35.06400991887437,150.96405125966604,26.52399268062551,30.478452317447754
35.415240262709375,151.920485481609,26.41867379526644,30.29651479797743
35.66335311116404,150.47444919726246,26.26565062969484,30.4182578912677
35.88481532740997,151.19756998783194,26.287243730982144,30.700711106690882
35.29903249540173,150.75585688680823,26.325066108865794,30.549949276588052
34.82792431009497,150.6178348686636,26.291015499308116,30.524691982549317
35.737185137896525,151.41557211890046,26.212743000656914,30.84969797180646
35.234817132598096,150.9255014197872,26.120652696327628,30.718485495826442
35.32393836220885,150.84016102190162,26.18540192297342,30.685930173638564
35.41533970340469,150.7649195720748,26.22682878498291,30.66041855787316
35.54972455809761,150.91167972592527,26.188207987073216,30.662929009983664
36.304224928310134,150.90317474338298,26.235090892659507,30.47020846912497
35.348966668238695,151.13630144165217,26.23002058361691,30.37378749889617
36.43345201034242,151.3934021701811,26.46135064060514,30.14615772333776
36.642136434360154,151.5190367499692,26.6364251395469,30.101712747225662
37.236343240475456,151.68924376521403,26.548801670329294,30.087508559894694
36.166674458767545,151.75788787988762,26.566037211574102,29.981595362465768
37.52112251514542,152.50607538253576,26.98875077708677,29.80717866062107
38.02826970649005,151.5917836226804,27.139335954868102,29.924138750079674
37.88864456456088,151.19983524877222,27.211220606669258,29.983563869230142
38.96341230186072,151.77476768504525,27.164515065236074,30.207567223689054
38.91074058075882,151.62695772740753,27.086469007656362,30.24192785136877
39.78238450537738,151.90040154816302,27.184981252070063,30.275739892093473
40.84959321902264,151.55597375734834,26.88263274491504,30.248346842245518
41.30994657532031,151.51887755908305,26.819345821157135,30.415796174253334
41.12069863071596,151.55785442608317,27.085471956945483,30.514025798087893
41.83538173502032,152.18376553294215,27.267796031158415,30.622052560505196
43.092520167526885,152.7824519688098,27.10405598941798,30.956821493465046
43.34786486475528,152.7692250374609,27.166493566682846,30.89948809372311
43.612059988909245,152.74688126409362,27.211300146740243,30.860378170722505
44.45973193797296,153.34564592754805,27.111677135796953,31.00088097024038
44.817738534768885,152.38860066752835,26.798826779233607,30.90840162791404
45.4837077472399,152.87132446887898,26.954555318822532,30.89812704080728
46.38170952562933,153.50138291835822,26.93636674636526,30.498879966735117
46.74742414118555,153.56108759581252,26.69425686954856,30.365217012257283
47.23368702616477,153.12314753572917,26.51980558346157,30.176243821838987
48.044758413970115,153.6401492023497,26.697779227643053,30.13801428086473
48.61000088978648,154.32081693331142,26.756207502137958,30.058228630304562
49.86990772361866,154.28616719219474,27.17985358369539,29.84144456327683
49.539292647922395,154.41601641203792,27.324393123248626,30.038546971836055
49.288034942674585,154.097893019316,27.048113470248616,30.186291910489615
51.21899086093404,154.37057569362022,27.054256738939046,30.19581713490588
53.40212162458349,154.51379908409695,26.832997099915293,30.261673292652166
54.2659284033696,153.20719814816633,26.750244286819388,30.21163091707688
54.47214147997413,154.07556334142882,26.789751726168248,30.38025741455459
56.935578829226955,153.8709127561673,26.87005819526513,30.46173470774305
59.30534089984417,153.78324515113778,26.69519984840327,30.704519405547835
60.74751451296412,153.31749409259447,26.37090358651882,30.679998365991516
63.337707102715356,153.23001689110725,26.275586632876944,30.85567439122437
63.86319339939453,153.28938435571587,26.21527870044924,30.989481153072028
65.69433326550865,153.27982409639282,26.5159000836385,30.960702134929655
68.12885437188022,154.45684804982423,26.66780628092952,30.851061643456838
70.60139250845073,154.13779102819572,26.697738495489908,30.921813795444155
73.37978313860272,153.61812973385503,26.472699521868076,31.2477720810135
72.97459083527455,153.46277902739115,26.373000596191027,31.61240134391947
75.15223483279077,153.71419336783026,26.28273774001358,31.74968935463064
78.1031013583179,153.01396863066566,26.124702332239334,31.938330862727554
80.61084941953766,153.67646027331634,26.34783173622805,31.678862141940343
83.37850208642723,153.76357687334843,26.318998036360043,31.43775665805979
83.56431155768475,154.53091714860867,26.63106904574167,31.16843443635863
86.19044731258276,154.05333925468057,26.68059540276691,31.26492893023134
87.90962111141289,154.01671616772703,26.51179169129135,31.20800410318096
90.62653000103111,154.10613867088514,26.219919274145973,31.34497168460276
93.59092715298114,154.7893243084982,26.032550961304278,31.09229460035562
93.93233592603802,154.9852117569783,25.935885432307067,31.06009065366517
96.59478342620557,154.18363438122893,25.765653517909463,30.786967958417073
99.34498625635285,154.69611838056656,25.820044076486965,30.83442651728268
102.10159260966581,153.93338313514283,25.84355212257711,30.688822736928053
104.23749420053207,154.4512682908254,25.886125295062126,30.742145037829488
103.88631528018364,155.28492733722493,25.957567195951093,30.704527367317397
106.78235941432294,154.97278083339532,26.188959343016723,30.33385362959999
110.03279061996858,154.4564627873142,25.719419410973508,30.44496317051565
112.76402886798785,154.21729762548344,25.709789442034587,30.52460920114544
114.77787522322681,154.79523738550037,25.993520033253425,30.413973301984072
114.67297109969921,154.54550281882027,26.15001555771507,30.35602379091603
117.4063096377442,154.61493856458915,26.0853832547269,30.462719561550976
120.08020315409556,155.07168920484742,25.891845413308378,30.564181907896014
122.73117504297929,154.5134936489453,26.005496213330222,30.800872418599297
125.14681894896172,155.2959945032934,26.014871834440292,30.67926358271349
124.48160374743674,154.8183869839114,25.907838834742158,30.836897544855425
