246.5,278.5,131.0,59.0
243.4136447892459,279.76357320572146,130.89635658544867,58.56187050292475
245.8518185329482,279.2396738683374,131.34916740416588,57.925463287991064
243.2229114788298,279.4198366277779,131.69931387553135,57.693480829722716
242.4886637625271,279.2778391024326,131.23286944683912,57.41587924840949
240.3758141187784,280.56733766537354,131.03140608708915,57.356350430022744
241.73530396343492,280.1616194662358,131.22098357436613,56.966752401609156
239.17634795062128,279.12230477278143,131.4116714407527,57.00623798778234
237.44298145709308,279.56182953887094,130.9135373127883,57.05349219991947
238.02002304849174,279.59356561916456,130.9271551359267,57.20265077317984
234.34132810144092,280.4077826891363,130.92731961193746,57.27031949082604
235.05133986781254,280.4562724163589,131.08969914296839,57.303075550902506
232.83895815216488,281.3454199685308,131.04837284876933,57.34629290726726
232.0316496116162,280.98371867855593,130.99848170633305,56.99901570339592
229.7055415313493,281.6997318119693,131.02921406407145,57.09568442386627
230.61088421378395,281.41800895329305,131.1070569270082,57.18077607460841
228.96715686396954,281.4359268763239,130.80145399419075,57.217064650143215
230.00475665370158,281.749752307765,130.94653744619032,57.24364903105834
229.1506073954863,282.0333564371555,130.14651420053588,57.49679207490108
229.76527221962905,282.2267947247766,130.28500815301942,57.656139318914725
230.35342205446943,282.42887080179855,130.27273831999332,57.77097356881285
231.11396233654511,283.57936256948915,130.46409824656462,57.833024043365185
230.59321286472323,283.58680701248977,130.53459979707714,57.80155919319624
233.5556480140926,284.168461912197,130.78867217869725,57.964197632154594
231.32538681762736,283.652322652469,130.98756975854795,58.09918353762736
234.97390800830607,284.73696728479496,131.5226864195489,58.10171562879522
235.37526253184768,285.0282545110168,131.19493945795116,58.35088638366119
238.43648999065152,284.3564292244922,130.87485747277756,58.78035149232829
237.23577396358212,284.580935023538,130.6422866029509,58.80200168341547
243.13284886662166,286.82276930269137,131.26847447387377,58.52744243144427
242.05979360338432,286.11249525752453,131.16574228413143,58.41332195698143
246.7916715846159,286.68476031440565,131.0351247875496,58.45496242122219
244.86353781307434,287.545011097671,131.1359671158652,58.757592702073
250.81250215174745,287.6508421718397,131.3276361405454,59.037698586048016
250.42535137742104,287.39935527030104,130.99492613257286,59.60163012266708
255.91090617455282,289.440450520863,130.90816063926144,59.56624357280658
256.0911960073578,288.95988639935206,130.29374779894607,60.012245110658824
260.5968458958713,289.84917095073115,129.9180080576246,60.070668748531716
263.4094145958079,290.5695747786957,129.38074459345074,60.423369026219234
265.0160856127303,291.26458644288016,128.77431040414945,60.721103309125056
268.9041477538841,292.54594850248753,129.2962312802281,60.859362952651395
269.81444808011537,293.3680042596909,128.95048557390203,61.11576675616154
271.818970964112,294.1053431130415,129.07681149093685,61.75428160774889
273.22158432738195,295.83257569973847,129.21696521369196,62.07414991137527
274.60451156767556,297.0841370415041,129.4720612889061,62.47248406072967
277.15536487498395,298.82018975166625,129.88833381933946,63.029916318170336
277.48436820440463,299.09058244059275,130.06053790583263,63.65249332415978
279.58299815981934,300.47157932530484,130.63799341858723,64.17054744825973
282.35415620292844,302.6629852362305,131.11602445074675,64.50352017612164
283.93262602268254,304.1588952856311,131.6346452856343,65.05016700770977
286.378535762281,306.47217873269244,132.30245429307072,65.65513840933298
287.2179506505295,307.9420920728933,132.9427594672116,66.291214667774
291.2407589830734,310.6328423572273,133.34882584655725,66.19124352568072
293.6957287916876,312.23863301142603,133.82508808784942,66.53643325724602
295.46791622495624,314.24965519684025,134.36137213397078,66.96430429550568
299.23325183484184,317.4361345251997,135.15585807972695,67.42181620076809
301.3903929476464,319.5705597988383,135.93154215126754,68.22327481563066
304.7604468601522,321.65271335937035,136.50011724480456,68.60341320924555
305.6791894703421,324.2112852508469,137.0113153816634,69.74958701128384
307.78423636157515,327.62779016660267,137.5745966335296,70.52333434377388
310.07360542570257,330.9862027599462,138.23670752337168,71.33646120634211
310.7046352108457,332.8543573929909,138.57183022695014,72.23696319666143
313.0248082939789,335.96742598029886,139.82437308351098,72.98700180711019
313.4135079277173,337.18160734655277,140.41094683754136,73.77665546063452
315.03830056342514,337.94498594535435,141.56968294674095,74.73592955690036
316.07082123163156,341.12434769559934,142.75965769881387,75.5152394464555
317.3889144823557,342.6527699100826,144.3731755583275,76.69668151269781
317.3615773989137,344.1703897031783,145.54839368196804,78.0318418784412
318.0863058458683,346.7487401426274,146.87092041156345,78.90739331124956
318.7577929726818,348.6762623662751,148.54829065370984,80.14404035794215
320.1899280933006,351.99951506382837,150.72852028658724,81.3183405124572
320.7853656673277,354.10414124415786,152.6114611995529,82.61719247613905
321.5567500921884,356.3158752107705,154.86946716252993,83.89802828436886
323.74752218835687,358.0381141514216,157.75535470618536,85.15354162926295
323.25562479870916,359.4626157754126,160.18273345078228,86.78524554986004
326.1345439135242,362.23864998694717,163.50342744008526,88.36452478304089
327.7571315677869,362.43165016986177,166.67677925787214,90.20440146379676
330.1080139763222,363.8231855369827,170.04724191882895,92.03472975833301
331.3840817475109,365.6971947681087,173.0021731031361,93.81386669540343
334.0632659032593,365.50198584499435,176.63190388984486,95.50823640110637
337.35861867174964,366.64252592931285,180.59672794728556,97.63844640123155
340.24560792916543,367.4522580779184,184.38852053535928,99.84661000128317
343.79412943559157,369.1427648222559,189.00948747123738,102.39349015121886
345.9503730467246,370.25742857003365,193.0187470751432,104.87922288973319
350.5577132163954,369.3532239920635,195.88572414546954,109.90618844978735
355.41556676810796,370.72111243743893,199.9889190577305,114.67246100514244
359.99525126061775,370.9690691326066,204.11634282783794,119.00024422811887
362.96392872692616,371.6589196016289,207.43452778932516,123.0956738480881
367.25156453234564,372.405752346601,212.60127392445784,126.92351485838812
371.4983657682327,372.60399895200476,217.20027513615534,130.7341153632483
375.03205870327923,373.69838544696034,223.56975316529326,135.29842131086764
378.2012237238092,373.64617171633074,229.82411454574202,139.93432956131136
380.4994783608174,374.3053723446448,235.9757141355563,144.40869058419378
383.8823596990243,375.1468743085077,241.77247720834907,148.52887641095413
386.44399575624783,376.356540231312,247.50524604849178,153.30207281317865
391.0003495137114,380.09515175237607,253.6838364461624,157.41582171776693
393.8461480089961,381.93962491240103,260.06581352175493,161.48984822944306
395.6769311368105,383.45918061804514,265.4347009480721,166.46293049796444
400.04615649347375,386.41204499197687,271.60295990576606,171.45583189231283
402.2336474763107,390.23376708958193,277.90266723299993,175.73766254604075
410.46638009914534,398.4624189591233,284.3424506292983,180.32199813496095
415.9394418161107,406.0511708278741,291.8043090679263,184.12026153307943
419.7359127616608,414.0513459163385,299.49458460694075,187.20493142145818
425.4832955537704,421.3903485609978,306.67880080372737,190.1902295073838
430.225636663127,430.1142874911825,313.31111916484826,192.4344578939627
437.9695430550561,439.51488153747675,319.10071688819227,193.37331153416227
445.2142066816829,448.5758500661659,323.8426060656026,194.07423328720873
450.6871836841501,452.78305743020053,325.4981087028191,194.1184491209681
453.8747688599489,456.4847120138601,324.3055917783455,192.93342551425692
456.83270897389764,463.7697921462571,321.7284974372126,186.5624916288574
468.5545824053482,468.51302917356566,315.6241651708691,183.00168295281085
480.10157294292173,473.97614242089503,309.71969444118093,180.15290911775895
497.15363855701617,478.82855815186986,306.17951089060443,178.29356906511111
512.019706076509,480.7257232204192,303.2428088960522,177.47160168474161
525.6421888428926,478.7631349288321,300.73547802209873,176.99527041345408
544.5268785714087,474.63874436293844,301.10570122619924,175.6867204600363
558.3209812214614,465.65619228371315,301.34914952106453,175.8635727416559
570.6695060074128,456.07839697528095,300.59322009686673,176.73151229650853
593.6079915907146,446.88099672659195,304.6466001875874,176.0193792001365
597.6776705153686,432.87082407181424,305.9110328122174,176.98852555034136
603.590826651109,413.27107592449454,305.45644657680856,176.03506774341832
608.1036269088654,393.279855945623,304.270579661912,176.51297965550702
618.2848504029052,372.5409833131498,302.9375287309614,176.8267692319768
613.8403620071451,350.2918979284168,298.126580099813,178.94960812278072
612.2021946667709,331.4068078799364,291.5198285760328,180.6676184199368
610.8816768924951,306.7446029401814,284.37231279401806,181.60846048938828
605.3997374647741,290.51881529376885,277.9552521658172,181.40411003148094
599.7396591152242,275.76116650763606,271.04136574357926,179.2883193469106
597.6266793681193,260.45976981459063,262.6622179303548,178.15735380660985
597.1908899567601,247.51699276954312,253.08237883009969,176.10450953549883
594.1438446894472,228.8448577132815,242.82602266367567,174.40783268757284
594.0834829213788,218.93730571372112,232.92113050767375,171.68770986479421
596.5712283010765,212.01329470955403,222.59785332173425,169.51958616695163
600.9627837263363,203.18574644966085,213.33525025391245,166.72633940976044
603.4742953461883,196.1504765324627,204.75558758130109,164.2308544638833
606.7693658423366,188.02504006614598,198.02511693001964,160.0172059884357
615.1100109880275,188.07314371454805,192.60616813796622,154.86422312171575
622.646163347866,184.40197539552017,186.94080769319152,149.89447651544782
630.2031008470701,182.9588155118661,180.83666684853094,144.89683698939047
638.9573568822564,176.58950320504087,171.14738438097226,143.96299246394182
649.6507949187026,176.3867236040442,162.02451206174192,142.55328314939464
658.2455857479603,177.45273040356966,154.00110147714003,140.13431434275745
666.0542126454484,178.75502768972694,146.82991644589677,137.47231992382947
672.5884665486086,182.9587869370595,139.79760153355818,134.56897232378714
679.0648597001273,187.70813487351728,133.53172204509622,131.39437551474487
684.8243667248275,196.1995175556487,127.91390304498137,127.79440071597274
688.833516530622,202.7088111663798,122.65633012368492,124.36806145746222
692.1266611324968,212.42282493092782,117.67027638212403,120.91689492842721
694.1181536655273,218.1313533171421,113.22776453879545,117.29603652407117
696.1389498647897,225.16400920632924,109.15632701243503,114.26012080282578
695.9748864055209,232.64543637288747,105.58219219696355,110.94939945768539
694.8294224699305,235.2247124301481,101.75706934792962,107.79368285532544
693.9194477084284,235.95223426107788,98.21949209175914,105.00744228928338
691.7564774674686,238.49960720810736,95.56466007840882,102.21039775401962
687.9452392135862,237.7256581118203,93.11220734880794,99.89103477525275
683.9716402178217,238.03835733412532,91.04819775977046,97.45478630641941
679.9549821944179,237.68535422764984,89.22039548992772,95.0202287929452
676.2892363910663,236.49494452596875,87.65008980201421,92.7309160361206
671.7293624021519,236.95061232446233,85.99857561095885,90.57443058828814
667.2796655821586,235.71121044430868,84.66453266647277,88.51163316756518
661.5112426023372,235.66415763285693,82.516704363115,87.03421393199395
656.5248497087198,234.45514009613265,80.28809797658282,85.61081667244991
651.9363220157845,232.92209337701726,78.27624383181373,84.18962545034134
647.3267308513425,230.972566793259,76.83729837596869,82.75439145126238
642.4518900357483,229.45317283927048,75.39997877882453,81.36065038661371
633.8749077954774,226.64611141668144,75.16735230172486,79.52879077558454
628.6733604773085,225.52613200080958,73.88221833088471,78.04053963494665
623.384552941019,223.09643514815326,73.19588687026062,76.32169437617846
618.5218069472153,221.89634253266073,72.01935744978721,74.77357018562425
612.6918607879152,220.55257296482446,70.98685837281857,73.05560461777502
604.4161097257122,217.70077704978374,70.46496762918241,72.0446855301929
599.5104457092402,216.99829439840155,69.10219669362048,70.81119901830579
593.5024055774934,215.4802290755582,68.17839372499746,69.58195023512896
588.5043942765739,214.6770614939003,67.17573239739318,68.41955404277765
583.2222018420598,213.63903389919886,66.28075905108936,67.36089534401219
575.3653780133973,210.88803811470308,65.74621106022093,66.58610344666465
570.0418355819309,210.86341503487705,64.87993971435255,65.92275885228455
564.4797750063285,210.07793242705532,64.10506546608218,65.11182661843463
558.8000884366575,209.39906279871587,63.50807302009714,64.26923490244198
553.0730130386106,208.3797147233073,62.45507221249213,63.5199690934203
546.8424482072066,207.7368302490346,61.481478974909336,62.65222389516089
541.2224398942252,206.96517939788617,60.52213093870174,61.95283956420885
535.9850338286869,206.13478728246457,59.8138652575835,61.14202755405473
531.5062979712065,205.06867261373432,59.0552543996074,60.141394085195024
527.1973919488072,204.72644826825467,58.317839927682286,59.48958043084028
522.8494465082899,202.93646136922763,57.813355251771156,58.87193097602575
519.8065275566895,201.76888040530594,57.224165784519144,58.28097166897535
514.8325921411516,201.26506325560433,59.36678024886503,56.513330499552254
510.3893878760655,200.62141905741223,61.66384332386764,55.14187980597061
506.3938093337361,200.06290559587504,62.81360693776233,54.52487898570546
503.10171353356367,199.67796254331967,64.02210044850756,53.78296432482498
501.4103742567732,199.58160617145194,65.13759379090685,53.1322363570622
501.69941857445804,198.82187978983723,66.36827438161139,52.395526715277576
501.263150395179,198.0932166285846,69.03825961368935,51.61794874853724
499.4320151942061,198.33696292766925,71.78623905103179,51.16867509190745
497.9988001953301,197.60556118563312,74.24381635236496,50.68631115368508
497.468885748272,197.34359712553697,76.72660397813257,50.46988014635586
497.3154448870768,197.19556603608137,79.1176765460124,50.329946746501214
496.33457466589016,196.86063892987517,81.69837564040519,50.19213221339591
495.639903912584,196.19774215881807,83.16039458050831,50.20497514439556
496.4128717166016,195.28570162613465,84.0125250163268,50.192123073776116
496.6485195265265,194.81256733202983,84.74564269126911,49.96618490253293
496.3902517479761,194.1968105525143,85.50606719275746,49.81262777999202
497.5646879615692,193.35026495286027,86.70841184473387,49.73341217941146
498.16348650345935,192.5801708318263,87.5859628665749,49.86685105376549
500.2269758755413,191.81606558473243,88.79260800851935,50.76820295591984
501.9625588128779,191.06198574636363,90.44530773824684,51.42389342680113
502.0453863644915,190.21447033925068,91.42129556314303,51.60318158145824
502.9128938758374,187.44649737394485,92.19057660482808,51.85922696122761
503.26073030831856,186.38145738309498,92.546931322988,51.72348047922799
505.35208402177636,184.77641074613547,93.48065084080507,51.34942200830446
506.94867808584956,183.18165143843825,94.20772409571536,50.99134059279987
509.14600007905005,182.42546419242174,94.68039826269566,50.787392543596034
511.2332311742065,180.9502376779195,95.01740734389769,50.652742537627375
512.2409189043888,180.21557190098747,95.36945494108932,50.48269172912566
515.4872283752999,178.90150225079682,95.9190608833002,50.65172053107865
517.7732522655896,177.85942725843188,96.50904046172965,50.782393609985796
519.3627293426846,176.57813088465375,97.16331394196959,50.82754556164359
521.925510114789,175.80730205417032,97.73360277007521,50.81217695555874
523.3689315144801,174.18226142860058,98.4598810034079,50.89687701353722
526.2862126744851,172.05692942092472,99.04341951729064,51.06688259306741
529.182583169019,171.035200778966,99.37667988625509,51.082771775101925
532.5214156231375,170.56369277197578,99.86915238341372,51.0677260939835
535.213171014017,169.49276529814122,100.26946795282029,51.197048330623566
537.5577377987503,168.1775526867591,100.7441541732403,51.16646233436316
541.8093674466265,167.6349317525966,101.23129614549322,51.33307562927046
545.919794516207,166.74516416294745,101.71174453471353,51.42507325764255
549.3285180309347,166.88384347989452,102.22523298346862,51.4715972333542
553.6303751374048,165.87480227461302,102.32391993172232,51.433260271358606
557.9105621792132,165.88719875704587,102.79424939272212,51.51710836469947
563.8734200455284,166.18945420029013,103.15301375500145,51.658873320400765
569.0851018218282,166.26644176095772,103.73886651099565,51.759759255870236
573.7220019223225,165.934409430531,103.85225045307325,51.72590794544453
580.1674712227807,166.75851932550174,104.31648973149049,51.9019208529899
585.9859174655273,167.40068127963582,104.83889805013531,52.14244933977944
592.9712200375085,168.26901365404757,105.31640920866327,52.39032159638045
598.8240412723558,169.04498599219633,105.98705229194739,52.658111493447166
604.8925002822888,169.7576321380418,106.64438571403687,52.883627297688236
610.684098045956,170.5304826569052,107.2016931163898,53.24747275444538
616.5751836644063,171.45768577877487,108.06053883963337,53.59345065072071
622.9996642158807,172.68583748328734,108.77804597551511,53.972477966411944
628.7257442705142,174.10327021925846,109.65782556351388,54.41618529224496
633.207106641133,175.9468238186355,111.08589652997871,54.96582917305024
637.5696316213747,177.49297269752225,111.77423959012532,55.37838537912867
641.9813733683591,178.4265378848426,112.18297674587564,55.64907524832343
648.0002914311709,180.54921791771113,112.56020161726141,56.01281027917445
653.3245120715114,182.27897668538523,112.81945896786695,56.33581947531733
657.9222769497662,183.97421712178095,113.21091479943105,56.5577064709494
662.9638699707457,185.3287539805643,113.40629797896867,56.674439609538055
667.189256631047,186.56162101889572,113.93284437577326,56.81575213703174
672.4328891406798,189.44531065184398,114.2643497651381,57.11528456852291
677.633561331517,190.44971882752685,114.38925431534852,57.30618788459188
682.0531233150413,192.59015187914818,114.97101638803377,57.4553740617752
687.9635862544137,194.24034437549784,114.8558676775628,57.60507041749509
693.6692888330343,195.90162155593305,114.75846741839294,57.63918071421745
699.2121385742696,198.82421441239404,115.04141455762638,57.834612467268386
705.2901708596013,200.60989421611148,114.74613451760266,57.90082085681223
710.6276260353148,202.03303418085423,114.78239913108034,58.00875263921029
715.8683189284868,204.2980164938097,114.5032314004615,58.04992448790869
721.331937541754,206.19677409847407,113.82510344211579,58.13356023950224
727.7498201992756,208.65155039265588,113.41836091607392,58.224213644790964
734.1453277931992,209.95934308846884,113.11854999000661,58.32818148535803
739.1207972356478,211.71043489152018,112.17401598181814,58.28277235244566
743.7702751841294,213.96186535371027,111.52526378968906,58.21534815368194
748.1900752386387,215.45175833945257,110.80196044885895,58.15881428791023
754.3365894723422,217.71212385509654,109.74352060449893,58.105415619750936
759.5626052364602,220.05169348917033,108.53271908724919,57.95271029630548
763.9175442095236,221.6158369722177,107.24818370093689,57.750047462367135
767.5098738093697,224.08991005708438,105.93356491796223,57.614020776581526
772.5639908942717,226.49627630857987,104.81912709672991,56.82254042889451
777.0059817603733,227.9332882884046,103.3590512139835,56.336951117758815
779.6672958725165,229.61363475972058,101.86268999371018,55.96740664695916
779.4780044445467,230.54023882516168,101.44572691401879,55.583561609453135
783.943507995441,233.37054546617586,100.93621906454973,54.7732839254167
786.45723743912,234.20255204235244,99.46066056400204,54.02360471261586
789.741084201068,236.98114509367156,97.98973780350329,53.52430425679765
790.5259873369557,237.54271574466205,96.64533369320671,53.06905040408121
791.959822107707,239.67863202446893,95.09123012117139,52.58736753318814
794.1519438991038,241.451964461742,93.62663900038349,51.994544583309406
795.9211037289707,242.47132465769093,92.1295776757632,51.33795123799663
797.1305514522406,244.27404719308186,90.82920093935978,50.77994931868875
798.2786139088747,243.97722010304975,87.19031939710145,51.96812835913503
800.2290410377019,245.34368495222526,84.1000716786963,53.03900997250582
800.5503018500716,246.0526972771459,81.38179445779612,53.494377785394924
801.4461410482951,246.15065092111524,79.25247991837998,53.56325975092955
801.3249545944248,247.18802225403377,77.1624534578346,53.68553046323582
800.7814002312111,248.179626329866,75.35348121349773,53.53408891694852
799.670695427912,249.1985166625189,73.52771112115164,53.31012599112945
799.2269909032735,249.82523157690133,72.12937192709693,52.99989043249857
797.8714677237654,250.3965304487192,70.69149679639766,52.82767055131628
796.3271618621753,251.82862550472348,69.55243594267336,52.72843786728624
794.313665814569,251.9420305058601,68.65463717866355,52.57560272770773
792.8078103898733,253.36852347615974,67.81415920244766,52.522811050566716
790.5224577566063,252.99389327432598,67.27749361555765,52.38389721841346
787.3963873359652,253.7209618338111,66.63631961843045,52.12120330432297
783.8952198101941,254.26489069368046,66.30519100114931,51.904037658883134
780.4183060711986,254.41803625486003,65.91933208540269,51.71006589421715
776.5075491844902,254.75420378197654,65.71225756383637,51.44532379223556
771.5963795730775,254.08586298462086,65.51362167374694,51.440619664786595
766.7032144829411,254.78806180068563,65.33917457130462,51.28221064006368
761.7453392025956,254.69471959823585,64.94428193588982,51.05776303712592
756.4703990708999,254.32803510172727,64.6567312453017,50.86993849004679
750.969172581517,254.65964786131127,64.50225043958258,50.595429668571704
746.2959916702439,255.39144340860048,64.4044260514965,50.204413547099676
743.1069273373045,254.8680956479353,64.1764598801867,50.02498335126696
737.4000248773112,254.91105937409878,63.839291098696066,49.9612692741358
733.1111763674458,254.03780259358763,63.89966653181813,49.904929966124286
728.5134805735182,254.13505214298385,63.96848074235381,49.6951395164382
723.9753532074375,255.2737051413614,63.858836693692695,49.53704471658252
720.6370599788569,254.03221704719988,63.69088780005418,49.470566931135416
715.0549400579787,255.38971862409673,63.39081318105622,49.2390523370646
709.9395818814502,255.25506338258702,63.25803847576371,49.060269524986644
704.6737152260346,255.97316403072074,62.94968294229564,48.70383784007791
699.3823660310566,256.81391863933334,62.86478356156077,48.36606229118004
694.4965158044477,257.8575277850384,62.7867334959797,48.07634091463341
689.1016887606206,259.2554538431748,62.25096911134358,47.81359059546463
683.5107647009803,258.64738301388525,61.806023369235064,47.86950972367866
678.1393690658766,260.23481761000704,61.56360040604406,47.74781025876053
672.2381599101091,261.3322418891056,61.39718574791371,47.44198023617743
666.6045197992521,262.27755474802257,61.39303118569197,47.329047551561814
659.1097612307401,263.4562172344874,61.440546026268194,47.04691884480651
653.2395809699027,264.6031816154144,61.356007828155526,46.828812197896895
647.741796829981,264.62493343115057,61.45582796957119,46.84091214511132
642.4000618635573,265.67496092341474,61.163023412062046,46.672220623984764
636.419038968774,267.45145299393346,61.10236221615505,46.44980455812746
630.1512232136224,268.6425802528207,61.156701001848916,46.27776489363963
624.1552767404506,269.9472116247688,61.341331527538216,46.15643983857104
618.6085704082074,269.31932809681433,61.77111561383864,46.75809926422706
613.0861730695037,270.3818008147858,62.15664954142896,47.29750815262506
607.9814193233532,271.45953517399926,62.60028026371056,47.40385212111824
600.4918873675836,272.5451526892364,63.58290710249602,47.388879965247234
595.622003499267,273.61801144673586,64.71865472041577,47.39596491759444
590.4818774654519,275.2208952868262,66.0679966775722,47.30120778886643
585.2692120665025,276.03537526401016,67.30988726703599,47.2472643330642
580.7607660736961,277.4708447742255,68.78496349489724,47.40955108739857
574.9195629334193,278.9946731341117,70.52253315893465,47.51301312296677
571.4807449173749,280.9623732616953,71.82350617375074,47.44705294653485
567.8199880774957,282.8674610775266,73.2939928416377,47.346999184913095
565.0260434340214,283.27852084488734,74.96474903570599,47.30057491453116
562.1436064127548,286.2565437480474,76.55786251915713,47.37764830987115
560.0501770767368,288.63483057320934,78.38912083413757,47.48434923382702
557.9924747473177,288.85393343688594,80.40030438740015,47.695064400142975
556.4139997513802,290.964197429115,82.02374667454043,47.68867921506228
553.9027467991276,292.0027053694059,83.42038354332476,47.72723721753724
552.1892402609011,293.4524862258266,84.48517370985039,47.734257144939264
551.0878959069112,293.8348959788433,85.43079712165726,47.92298350730268
551.9005147545296,295.04681045505345,86.77845910178964,48.22908161787062
550.7645252569461,295.42926385719244,87.70337384028856,48.41303140577097
551.5959380694195,296.729153888987,88.8837915758612,48.832836713199264
550.9389890281772,297.8084692899571,89.98230523461311,49.44923032532163
552.938457311948,301.38164705550247,91.74571350426007,50.036646595225726
553.2906358574407,302.6836677946441,92.49276539555146,50.76338228521633
554.6830087295623,300.91451088989504,93.36072579754864,51.71718266888752
556.3439341945634,301.96098204633046,94.26142716704595,51.77304859690716
558.9138914052728,301.00021530095944,95.0200441825473,51.655012948168604
562.2256079479614,301.28012804715866,95.63562810690527,51.5170493427484
565.4560276913553,300.8169744473181,96.28178563320932,51.531949965796045
568.62032538476,301.0579991012024,96.73514453488269,51.42786661495369
571.599824248293,301.0296052287819,97.36206428065616,51.4496967869769
574.8838899792132,301.3576317534227,98.19022407476649,51.55623831834569
579.3855928678437,301.4103975613108,98.54095667183414,51.79928780804018
583.2707451943461,302.0068024271986,99.1868497956239,51.90812120942806
587.1640116533938,302.94221775648367,100.04702059762117,52.068052508026476
591.3595602976973,303.45547345978645,100.87612575499814,52.25956189819674
595.7105332759488,304.65671148841125,101.55195499075573,52.375948565251264
601.6267026851847,305.2356214564288,102.01544785258189,52.46266812849901
605.4969533549604,305.79278811825986,102.57112437710529,52.51605607635176
609.5423364411217,305.57862633409843,102.72315128797356,52.24582775144042
614.6725191408954,306.36980244403844,102.44596879553063,52.13910629175323
619.243156581046,307.0731036163673,102.58988640485333,52.155241307096134
622.4855849641815,306.8085442306167,103.3375354369223,52.34662388923198
627.8326554091632,306.79311400205194,104.40203578993993,52.78170448038129
630.7829464460583,305.84772086519814,105.13478024660608,53.191522636375026
636.8662055751871,306.44667618183837,105.11581161756001,53.50619156337441
640.6541217563288,304.1573921571956,105.55368260152919,53.59611262855962
646.5742904534858,303.5802103651659,104.80497900390702,53.57749113571465
651.6358670884005,302.90414777110504,104.49006376355764,53.42437099588691
656.4824069317926,301.41801110252766,104.23424184349676,53.266134479678556
659.8886724183685,300.23906950280673,104.23000468977261,53.14324351492065
663.9791913763754,298.7109426677115,103.87820232750026,53.230407915472995
669.6559291529427,297.2092398394275,103.44671907630675,53.53831892024658
672.8050147806504,296.3766402586846,102.84996955856218,53.46730296713897
677.0083226893117,294.8130441702293,102.54892548806563,53.567625370184714
680.8167461215057,293.51453448880073,102.39305951585897,53.79063226279648
683.6836373424172,292.6579479262054,101.77446948736619,53.746729601396645
687.6664008158307,289.8837324990496,101.59226582850306,53.85052268028714
691.6950244375535,288.27227120137894,101.08057226929218,53.93302340825778
693.668647840244,286.90743328223556,100.39419496693213,53.92364575876688
695.8411328658968,285.01402485545555,99.95395356667339,54.05370573442775
698.2502188398081,282.8597130268043,99.40779957463086,54.113768963110815
700.7077354373278,281.02102293457284,99.13525581288005,54.079886683050454
701.1684538112513,279.2281429850541,98.65721840494737,53.903747110804915
703.9846802056878,278.4999933371723,98.0099316889198,53.94727065163991
705.2266041627688,276.7081155867434,97.7860832883839,53.91874101532124
705.129988733798,274.7008691609738,97.63062602071514,53.81927598493293
706.116974379949,272.3634310048548,97.25540806150475,53.77783416667772
707.1030590536038,271.0704331105042,96.80265218541707,53.91604124001637
706.8830670109288,269.846681471372,96.46999377751919,53.9171069210061
707.3584038234256,268.53845498897283,96.12605949473816,53.87630542833058
707.2843845099037,267.0050684250963,95.91871338452901,53.81973508837131
706.3205505744144,265.05883641505426,95.51040632379063,53.86699189409993
705.5650023218959,264.2899620098326,95.292761779061,53.88172174835883
705.1919829403869,262.8789436684169,94.82880634518745,53.81355590891229
704.5813534293071,261.72708412676025,94.29532739413364,53.65610622620399
704.2046893829495,260.65319269320594,94.08911762311766,53.537837324055964
703.7154147411203,260.5563056867682,93.47386838859497,53.26347258256365
703.4468741918126,260.07233286800016,93.23199307394124,53.13706001430443
702.6996986611858,259.9876859458409,92.88629522600753,52.946069232139024
701.6362743980385,259.2398935741794,92.67071482964914,52.98151803872501
701.6693834392976,259.1044608133869,92.56956330301831,53.19560812822999
701.2757306529097,258.39202299157836,92.07255996542426,53.319681541012024
699.0249371049848,256.94590730265395,91.46691639797456,53.493748713309685
697.7532643056309,257.81131410226266,91.03012321799599,53.21706242579889
697.0890498864544,258.5883226863967,90.73790677169609,52.96610388179838
696.5718902336486,257.9548416652354,90.27379391788403,52.87504216141801
694.3804406513931,259.2871109091412,89.47758303219342,52.8280161381298
693.2691994946392,259.18019233079957,89.04583165162455,52.89478288694552
692.4389925683452,260.2756427452926,88.24192007620375,53.08771880417531
689.9124102636823,261.1078208280531,87.48490259095554,53.013168718518806
687.6740554363021,261.3743225048199,86.99741174904236,53.03419631982311
684.192942066649,263.47958543442377,86.8705424190125,53.07880933466923
684.4337903314826,262.83513693634046,86.03495454646706,53.229621919214814
683.0600550968443,264.1856119335383,84.89654573756061,53.40948695396337
679.4682492209768,262.7145663169259,84.1147281832655,53.69563407822514
678.1682847814897,264.15829048365674,83.26956986779685,53.975931573392046
673.919363102211,263.2378354782057,82.67358502506019,54.04059217557224
671.6215527328017,264.8112554250123,82.09606905275831,54.13025159149878
667.8160200627323,264.37511001303534,81.45558371845863,54.333513060403554
663.1792896866781,263.34740121835443,80.97670510746886,54.38613948345984
661.0231632132441,264.6802741160834,80.60631416395616,54.49469330958387
655.5652972559483,265.0687681679245,80.00540064702916,54.550398425086655
651.2393457782257,264.66481117983994,79.67937162615588,54.34707370706472
646.3855295111686,264.91501095611306,79.6333306068034,54.20333508682094
643.598755007247,264.6063030726512,79.62528657799503,54.16175176831837
639.8334902727898,263.6641851016746,79.69882342071891,54.31807480743949
633.0385134591772,263.0424545102001,80.06261032278563,54.29194203630225
628.7577984529307,263.17590952607765,80.3343693910648,54.06019600687629
625.5342515107217,262.70540276404955,80.39553702883964,54.02229109774302
621.3732866862182,262.88272026773143,80.6965926544091,54.03505003106647
616.0172483714305,261.0258896353282,81.16594581901886,53.701209255009886
611.9006972803456,260.82714845454075,81.77649417581003,53.6102818291683
608.3153345113674,260.3848839668019,82.5259560190033,53.500006422321846
604.5584527300537,258.47723273431956,83.35213947298821,53.57250269107372
601.102554582591,258.38717523083415,83.98142501046722,53.40080313000177
598.1844828554779,258.2780226491614,84.71346823733748,53.03218737631316
593.272852876765,256.8566409433029,85.98616628985614,53.18056478262848
590.0257217006207,257.5945257488135,87.34504694353627,53.040427495826094
587.3910328682052,258.4554975279151,88.25985803427045,52.677952755333756
584.2260130031851,258.079943444023,89.12704767046912,52.66925595905237
582.2238088525078,258.110626918668,90.02494723998194,52.65097485308705
578.8571825524024,258.9267543056696,91.01308408320412,52.74295978607701
577.1657731093024,258.39918268517357,92.0928503056009,52.958719067298844
574.7604188174745,260.47787604269814,92.31215969644683,52.61005747088676
573.2484047848266,261.1200457735838,92.84552590223024,52.62664958202957
572.531980795841,260.94759457493495,93.8593935201703,52.81764740719799
570.6951005155648,262.1034650359613,94.9631896718481,53.106782101218975
570.1497049020754,264.2455442965732,96.18118731376484,53.43011936475463
568.7955106377808,267.0690577539546,97.23120272490713,54.568179558603944
567.0984672757824,266.84687477278914,98.44949699323094,55.25290020791037
565.4319848985206,266.2341759718469,99.41964636765815,55.52881828947384
567.0244449297601,267.0548115974457,99.87188851373608,55.255098722655916
566.5695837291611,267.4988641980938,100.41458407925425,55.016205583718445
565.9132668426836,268.76524739002633,101.25256147894667,54.71647404902031
565.8425504746251,269.9637203005134,102.30257141881437,54.607254630328896
567.0352420737128,271.1336197314402,103.15796332897632,54.683240842709296
568.1162479814833,273.0771735538124,104.16737924018095,54.91043249529777
568.5481483058629,274.5736918709992,104.85275719173292,55.103715688957564
569.1873867385951,276.1969704733337,105.53488916625714,55.21915799600729
569.3792346492692,277.34845011158825,106.24141927989152,55.40151881074575
570.2578731736254,278.9156091199606,106.87894337101059,55.67167099930802
570.2425229452779,280.35001043116625,107.68505453947083,55.920576344654954
570.9919539821035,282.57964793426675,108.41284437278682,56.25522662379333
570.620037369987,283.00768884498643,108.88867377564684,56.55366817500402
572.3467395546453,285.69878275496745,109.62709193516932,56.968229470032256
571.7765932196238,286.9979204359413,109.86276872615342,57.3070847977056
572.4383451545485,289.63243800857015,110.46452551933662,57.68506713139072
572.4471960668935,292.307317709542,110.83916813963674,58.14055169841059
572.935245411129,293.8843619830476,111.19136885435627,58.493317685548625
571.8993308479933,295.5925628472376,111.16925104688147,58.69198200865172
572.6079872698884,297.3148616033891,111.54924128364988,59.08034605564444
571.7341415475083,299.750785120147,111.30362644922775,59.35690981924783
571.1886461037561,302.6127778947389,111.81180157039758,59.72143526020686
570.2632887467648,304.16009469209655,112.00705628434206,59.93732660598222
569.4976744715974,305.56019861988113,112.25751453285804,59.68062394221597
569.2005090766047,307.88477295954567,112.09629750132174,59.570214944130825
568.6149581932752,310.0226452333352,111.64530034525126,59.687059011969325
568.0331013200453,312.1099792114492,110.9070047237683,60.02186676374909
567.6946610082057,312.5078191761545,110.46294716557028,60.50472243881542
568.1540219894188,314.51173589701233,109.82363660846909,60.936174275420086
566.8753876507603,315.3531956945322,109.38959945769146,61.55807211850598
566.0459637051889,315.8585722610105,109.0080415985596,62.06344967135559
565.0437218057143,315.8816338062495,108.54807575342006,62.625099765653935
565.2449945662399,316.3335169810893,108.18965216088196,62.93860414790024
563.6864667627091,315.1479725607811,108.12391272018371,63.1194185115116
559.4676577900534,317.3210803876937,109.13438899908266,63.12636896104948
560.708323777308,317.0313167718002,108.65819828281309,63.3123020768639
561.1969199745795,315.6836311295851,107.76804474799513,63.503442385189445
560.1634427235307,316.03769548753104,107.33780066839729,63.84793193444955
560.0010358817359,316.56674667597247,106.77511281418704,64.12785822692398
559.6859301952336,314.7890241256503,106.22789677611213,64.28378889084645
558.0757622899428,315.52225198349606,105.41354935915476,64.7538387312616
556.8685889894962,314.89496879891504,105.06611379070583,64.9575621000116
554.8884366105522,313.6535581266952,104.57792697526021,65.16271163048643
553.9383067218536,314.01766120086074,104.28317203746265,65.40073658986712
551.757288306668,312.7455380719351,104.14083102588445,65.50023778393674
549.5393540189618,312.5887561910031,103.99882875550192,65.74361282229623
547.7131165741824,311.5112530976553,104.0705331525071,65.63385446164375
546.1100745755396,310.73387809792854,103.90598640867348,65.48716901435809
543.8846668823746,309.507755576234,104.04546098613488,65.29970673085813
543.2106457582324,308.96013069080516,104.23631601098484,65.0697988593513
540.6341980314776,308.26122636366017,104.22989921626454,64.82098902819052
538.7061371394072,307.1967582125901,104.31381040241325,64.50713410680459
537.1491555163346,307.184874948055,104.7869571984394,64.11458192125619
535.1739309414336,305.7121608910742,105.26521906758681,63.610717375458336
533.7067634826491,304.1825613391379,105.99121763185369,63.271612016898004
532.1659549026426,303.170799189125,106.51557213279382,62.927024944929826
531.2233641265999,303.18173024614117,106.8695910652884,62.547966350861614
530.7676338937888,302.27522170628094,107.23070962674731,62.290362655359324
530.3265755803744,301.89583577831087,107.57909300486536,61.91723157817874
529.5127677816758,301.9570917367904,108.33132003958335,61.70968879257018
528.880318602408,300.70091363153347,109.51335310777525,61.57392316928282
528.944366897487,300.80900914268534,110.66394363710114,61.47444286197489
529.777954776974,299.4839656019783,112.04424345452804,61.593805656355954
530.4355249827366,299.0270688539409,113.55452127687408,61.63562110792093
527.807459635642,299.81562362086447,114.01451654549581,61.47526176671589
529.9161042596397,299.50612081110893,114.92238608427405,61.62705834510839
529.5600379558664,299.013800996832,115.21060729913196,61.59255796855057
530.8353198900303,299.3302035548206,115.59270877885706,61.90949427570336
530.4574105325281,300.61116930709983,116.47871229329427,62.26007435828783
531.2534899968811,301.5929597404339,117.50391133387238,63.33443613955366
531.9629323124204,300.8800056200737,117.91667004576544,63.65981220616362
534.896318808258,299.4670255850235,118.07221064890842,63.41771163974363
535.7048291008543,299.99617475099393,118.06522202611032,63.08568809618252
536.7616121561983,300.2269780764804,118.19691448513977,62.87139311181735
539.8271274191434,301.30086848427186,119.37008031697681,62.60688577855713
540.7665154977504,302.58027481643836,120.58260393202532,62.54113298780512
542.3926488795325,303.76864639396985,121.19338405299767,62.43566439939255
544.4844880651026,305.26332931439924,122.2165657473179,62.54669686061195
544.7018610527773,306.69359138581217,122.76593322678721,62.699362272000656
546.0409000153336,307.70680342762574,123.41789218026045,62.93146713620361
548.4046716765854,309.2092686850983,124.52247547518851,63.37186199586178
549.2038513531791,310.738850575397,125.17805646585782,63.565230697411565
550.8563039707514,312.17812267890326,126.00183622827184,63.98655674300829
552.9660355561114,313.8130565687756,126.90570794219553,64.40316137918772
553.6412447707404,315.87345996957555,127.04307819015293,64.47285531382447
556.3079553161115,318.0889291023121,127.62099590556313,64.68398114289484
557.5102910918703,320.4114438448753,127.94566443049204,64.80702807759874
558.1529346739574,322.3595815981545,127.91613459816608,64.98724917214507
559.5883787745987,323.96120143313476,128.2694344862542,65.22989492203011
560.6630901022357,324.8462043175971,128.0782182461565,65.37073085652041
561.5499002958754,327.21772217502036,128.51784372755992,65.64680582130026
563.5345693766899,329.4300844044737,129.33922459821866,66.15065354028063
562.2832641136458,330.87172353288906,128.66874013643758,66.00875525972236
565.5377513808432,331.8673756814693,129.30213105767007,66.24579492618506
564.4525737648161,333.830248563358,129.45439294217496,66.50417410900184
566.4783997374698,334.6226021685703,129.65397409775875,66.71976105942005
567.7345903540981,336.68176930397345,129.71222484539783,67.05502576474906
567.4852802145545,337.64836407236936,129.45750082707627,67.53632358986522
568.558269165322,337.7584905160305,129.54804178540442,67.88763126419984
570.4876666991611,338.06804848650467,129.03122312191638,68.00694641932851
571.600522381779,339.03696121954636,128.61146311356836,68.06253297106747
573.0048161274608,340.1629100018033,128.3214808544434,68.14158447462302
574.2843631186034,340.7317713965026,127.86274249731073,68.23541106743417
574.756931458011,341.0460624751998,127.2306590688085,68.33210740678206
577.6532134567622,341.32143866605014,126.75220296620355,68.4534593837544
578.544051921653,341.74031919132665,126.25858741680833,68.51761906903747
578.8579907716481,341.50524592291924,125.57701888098441,68.49525093595712
580.6047447744339,341.862846859333,124.62915587396333,68.41141996519102
581.9734544571061,342.1740719080372,124.24851369978104,67.79865512616364
583.3246046124865,342.61048427998014,123.81762623844648,67.3960531832479
583.8920369449395,342.60353144738133,123.30931683753676,67.27807457157854
582.0698426448566,341.5432649669444,122.87590468696997,67.20308045573131
579.6806492198498,339.880847205053,123.20919599789076,67.58269360173696
583.9411183251559,340.07566609296634,122.04867372279466,67.6582802707765
583.5344403178764,339.31414503256116,120.43677634608792,67.65332716281944
583.3460419550972,337.8243252398048,119.14668686120469,67.38076376066128
583.719573007672,336.351370633311,118.04368110604783,67.11716431619342
582.9747420898182,334.81924643173875,117.3002413353866,67.38887193068739
582.5314766380959,333.1079078856664,116.61959267816965,67.38025482002747
581.6503407501494,332.4125403434465,115.8380896108467,67.47412360674554
580.9285378980774,330.435107495942,115.04766983662783,67.28493107421534
580.2146440950676,328.3754013624392,114.55822898233566,67.16419908844384
579.3451417373949,327.32507947162037,114.08166229417739,66.98798096402999
577.5433539113627,326.4282366796811,113.94457799407812,66.85770943845712
576.1168296383272,324.53105979650365,113.416502758945,66.49765427307995
574.3797956189718,322.86706945956826,113.14814821693685,66.2689194585168
573.4767587282513,320.9093814187743,113.02875832192514,65.98510015512554
570.8644905640289,319.5764801460405,113.33879012232433,65.72662277238565
569.0315624020255,318.4223185338632,113.44760170183936,65.43427828166776
567.0357790207456,317.0064968433757,113.65394641087143,65.1700430615684
566.1373649930906,314.54943373442575,113.8989898315912,65.02552641524112
564.3880192205247,312.835404067901,114.49564399459715,64.85727298698386
562.7411758461556,311.1711592643875,115.07026030876528,64.62509507920984
562.2540122879772,309.8479454127262,115.65753581298324,64.45706941911388
562.0639078004314,309.2341731290589,116.34993088021318,64.33265106244484
561.6267561462113,306.9874975219756,117.75424822673918,64.33645454711916
559.9652873379993,306.4926989051408,118.31219718235093,64.10201317986723
559.8964621224615,305.2973337120697,118.59122111365438,63.89626057383714
560.6232925357799,304.12604953125066,118.92114810039499,63.681469955296436
560.4382319031786,303.9034856162632,119.25557152916869,63.73363628319618
562.7076389457063,303.3664261262217,120.64208712932447,64.42263826889814
560.4973662864229,303.41104929174327,121.62668955963139,65.46616152251075
559.8813751085903,302.39753761299255,122.61908794618043,66.14698000311245
559.2414326144193,300.6728326746863,122.99123240117038,65.63479362919097
560.3613258504391,300.05982766284615,123.02152721079275,64.87302928077044
559.8600556431226,299.72313696698745,122.94499169292325,64.33406101924382
559.9702863567315,299.7711073225529,123.17640222706041,64.12974478114828
559.8985828609635,299.8468363849935,123.56809425885574,64.04568439227998
559.8389899394051,298.87005848403226,123.69720001545821,63.71646383845903
561.1022471502015,298.8521174522692,124.55191070296581,63.754620889971406
560.4792530001588,299.0092827763444,125.72798809679604,63.822539984567506
560.8756916612032,298.9224414232038,126.72707840509361,64.0260000109505
561.1950296840639,299.1478208591123,127.65078934896565,64.25083791275786
560.3908244502093,299.4538569416361,128.31849064299558,64.3297752691947
559.9913785179903,299.9228298372194,128.70626009594417,64.62021051574018
561.0337154748707,301.5341601069185,129.32517943627255,64.99158655547407
560.9051054182582,302.40462511900887,129.61145864294306,65.23786740108243
561.2499854804513,302.8141800114213,129.8219071109717,65.52474075434196
561.5470347715845,304.15437020241455,130.22567796067779,65.75430347614574
561.5786107904171,305.72070752215814,130.67060306763545,65.8443690099985
561.6313980220057,307.8911452669138,131.0456663336264,66.13469812558964
561.100532036306,310.22757143526815,131.63433325656922,66.34799853317416
560.2445707658186,312.02637355744974,132.38228716293887,66.72955412081167
559.36541249867,313.2974625854695,133.3685684561089,67.21697763871632
558.3378610039076,315.06870873684716,134.29956313111973,67.64549363674229
557.137485292062,318.26818326563216,135.22863415205498,68.0951530729772
556.0258818938435,319.4792229090188,136.14839203301054,68.33260490268948
555.9216197119757,321.0143508285097,136.63111987603617,68.40870993788377
554.5286667611854,322.91633131882486,137.19950720957777,68.62044691333854
553.3972416084057,324.78754595823835,137.58745049838313,68.90622302925647
551.993162044412,326.5363360335924,138.1036419959841,69.26411377431552
550.148136673808,327.9911337901551,137.9227475219667,69.73062905335013
549.5800233284201,329.6857674689452,138.17938966188515,70.268735820297
547.0327665398636,330.21741249915374,137.9859331729275,70.85882293521098
545.7609220412802,331.09580981304754,137.99548921263593,71.32092874954688
543.224600493783,331.19211104178606,137.4746879602488,71.75156616690961
542.3903828445893,331.38446599252876,137.45627092270607,72.06608401572555
537.771535652598,332.4906219440191,138.20100246946953,72.40842218102793
535.7342297855265,332.7566482260024,138.2994973079369,72.82220574386568
534.5817343795252,332.732581671374,137.94077061162352,73.0523840744512
532.6029218209462,333.84160012374514,137.58102912874494,73.2787477186439
530.4185133233384,334.0313064598331,137.49518189361385,73.54308863466761
528.398325993291,334.1329339130767,137.22954487692033,73.3131432730268
525.4064362612297,334.74588889701977,136.6671121446928,73.3995269538604
522.3731583885258,334.6147282681359,136.2576213279059,73.66459638342717
518.7726339106011,334.4228139390334,135.8445574297512,73.81480630536495
516.3377669268594,333.7440105539063,134.40592939009338,73.76366683309594
513.5027321256877,332.8637629444856,133.59360572766644,73.55610477711902
511.66897418005965,331.99540639426016,132.5741084696611,73.51027219180179
507.8677985721494,331.4203201295684,131.62823714367244,73.3551304187408
503.57358215862405,331.1084450664303,131.28466408846003,73.14591815125625
500.33254859256556,330.1311759506292,130.3166112483479,72.96798386775232
497.83944877282573,328.38828177056513,129.30551789237472,73.09962765466875
494.2214736652139,327.82430355927045,128.45154997100164,73.18380041255482
491.4807310184167,327.86835346631864,127.71521128235736,73.09333009705558
486.84533652703755,327.42190474510153,127.28042527579679,72.80660012097181
483.56962458225456,325.39938679727464,126.8092289642519,72.88006099488175
479.05416298660384,323.81003013710557,126.99940241495275,72.90388735423666
476.19992969760125,322.6192103346905,126.30112022129045,72.8825618902497
472.1917008097429,321.4621260951616,126.06351629809365,72.67104577419944
466.33939048336623,320.7801054805992,126.34437939774637,72.52717174491661
461.8859533967532,321.1972676532614,126.18229052013007,72.11280569303023
459.08219397498493,320.1822936162158,125.65946306544893,71.80167238627727
455.0735704028833,319.6511224311378,125.33703716735481,71.35739971374676
451.22232282385255,320.0161683068335,125.47387280240599,71.01163754957655
446.3169683866269,319.62380597234335,125.22737933768498,70.59488731354284
442.66792305882984,320.1404775444233,125.11867592208154,70.0991914166974
438.8669927839586,319.1399004100959,125.13879990718785,69.93402226196652
435.2375319340092,318.2980592324179,125.13895781695607,69.65477906400068
432.61423009564953,318.4246755566701,124.947526959221,69.12436431329293
427.7535365389773,318.8333216217149,124.4040424752755,68.62225188882317
425.7797387845935,317.4066767180104,123.94416251254637,68.20334754912217
423.20090343117784,317.5138975094689,123.73141943916545,67.68450990311581
420.3361187280856,317.03046112299273,123.684643115522,67.29864155382238
418.6346523168996,316.1729084267993,123.53752901711769,67.00231382166695
415.00925277777293,315.64113085607994,123.37631122677962,66.62233971486806
412.8335604656154,315.1420800106289,123.08796301341766,66.30015620469746
411.33985410530266,314.88410498155747,122.9267033917428,65.94557601515199
408.93376560067185,314.2886178428066,122.81669641052588,65.55157063929533
407.5058122779935,313.35519167982704,122.99515549843314,65.3577025215288
405.89810071357965,312.5042643368403,122.91059059587364,65.1290015062465
403.80944015344596,311.36395298660506,122.67495833937093,64.78673635690927
402.9743418271222,311.029757031755,122.77771042910648,64.52334500769443
401.5336666522934,310.83340903621615,122.73917681231825,64.19902698405124
401.1813694928304,309.4908969718093,123.74810955664202,64.28731611225454
398.86173218338587,308.6328962955781,124.16518521236581,64.68405186069782
399.68628650043104,308.51673973410163,125.79197479643035,64.70309190544754
396.680798310824,308.4416092155785,125.64522250361682,64.80818114149292
396.7861166414293,308.3878158101649,126.12716922453595,64.83416718196585
395.7168810272016,308.85470344809687,126.78012366641599,64.9696778949097
394.85229371119624,308.84561429280456,127.34177956349482,65.45113715151055
393.6757881599182,310.16872951630575,128.1469225334596,66.13349590548168
393.81904840543365,310.9679809199688,128.76789611057453,66.86972563065677
395.0870856428378,309.48711235683277,128.74404368738666,66.81529821568438
394.00726709572115,307.9559553769011,128.11141155173104,66.07386094530781
395.400526559037,307.519921150925,128.66566692281359,65.87263380399841
394.6539670409484,307.8373615285292,129.24122860024912,65.66265673960493
394.5962812497414,308.0102327647032,129.4497531303868,65.4753383019716
395.04452023368935,308.5244861591375,130.33925359896097,65.44004141157484
393.3921228622089,309.31147308771335,130.26107967775255,65.21568205542255
395.0900299317426,310.0283798364449,131.19272582768667,65.38456390383804
394.3271265253263,311.4800825979582,131.08124347406874,65.25992477447303
393.70665116161575,311.63951074045355,131.47384153082032,65.28845261447661
394.3074393673511,311.69646705905444,131.95610217550956,65.55987685319032
393.92529981780825,313.4554878816184,132.4091175345326,65.723765511636
394.3423511186192,314.8919551406427,132.48345820502445,65.51121397965609
393.59796554973843,315.3725680296186,132.5943022778904,65.32085739716561
393.7056666117146,316.91456359931345,132.541386036578,65.30164196311344
393.3372502872424,317.8371709741905,132.68674182786015,65.40818988959839
393.29820995074095,319.27146227186006,132.66283364883898,65.52212668245802
392.7935705026117,321.84477122177213,133.08975233706286,65.78837918973841
392.78001416883006,323.50520810742444,133.18519297542903,66.06400104679072
392.3481312897387,325.4473236336347,133.54089190059238,66.2788538948219
392.2851006317792,327.620404982839,133.78359505088974,66.51961527249361
392.4248660609964,330.4999469125032,134.1064258119278,66.91187285145867
392.42968739198176,333.6738817553844,134.35909124088232,67.16132086131398
392.5826400847169,336.781472329625,134.48508021738482,67.41608132889107
392.058250549715,339.6780776177761,134.99308434594428,67.7415855620065
391.5815136524569,342.3947389028728,135.35047944659368,68.23839538088181
391.7962368419677,344.65088926524305,135.7629874180436,68.4585799504833
391.48522519691585,348.79286396100247,136.00754310565588,69.06863156604463
391.2846579683502,352.0243484941503,136.75120674045291,69.92227331288983
390.8648393742659,355.04944664417474,137.56780721025308,70.51905443746256
390.676511157492,358.12197845859464,138.57170251346787,71.21937302221525
390.2366154264827,361.13018731913303,139.6468812197111,71.85705571922922
389.80807429673456,364.70241710548976,140.27783338110285,72.55903836911097
389.719873810148,368.2334782879226,141.28037893034863,73.37598390204195
389.71089874392436,371.3747229244989,142.3746563867095,74.077874397261
389.1026081802944,374.58924171150295,143.16893556589895,74.71489831998753
388.7625483469577,377.6457160048386,144.39357662396395,75.336812537729
388.78963483914913,380.6201935294207,145.73654545381308,75.82214026825841
388.7661831317879,383.04802547751814,147.32860904290533,76.18281166869438
388.8951864165041,385.4661934018045,148.76626461431925,76.52947829204547
389.3282626164266,387.2716455253185,150.04463798084686,76.91457743437601
390.1488954671014,389.71421944929097,151.45874547133081,77.48559060861733
391.10444898702224,392.48450397209496,152.89558674424853,77.88064234776894
391.3307473814833,394.50692140265454,153.94695211448305,78.2828523360455
392.7039800576046,396.23967957859304,154.86443577499685,78.6917981118541
394.52279386874,397.499987109316,156.17488821559226,79.3240157969138
395.8567043120603,399.63190799519896,156.88248479988374,79.95676187381125
397.2583050762453,400.9449976076936,158.0181215149983,80.47854879529105
397.67211594135745,401.6536646612676,158.75683295947948,80.86219454081946
398.7821219876759,402.39702718366476,159.36967632987043,81.37401514269264
400.82590077262097,404.51774828730873,160.0543341263439,81.86137513953679
399.0793145536134,404.8354400442665,159.13408302615096,82.20956845982312
400.58285323817495,406.7458391056052,159.5922997797238,82.6693441820553
400.94259747385854,406.34342267374905,159.92233823821192,83.15123985523493
401.2423548529864,406.63505144265605,160.2964794190584,83.67983043334192
401.676365833251,407.3157263760079,161.19362827113602,84.07914359917
401.78924963581073,406.9159511742989,161.14218830774212,84.64084874566339
402.2215291931724,406.07914550123365,161.08881079788097,85.16999023457801
402.082171119925,406.2142493191796,160.63205623219082,85.43718516893378
401.87178520383975,405.96812813084574,160.07851462642267,85.54889489346183
402.1436800831632,404.026910653759,159.64818347884696,86.03353536254319
401.2950041312776,403.8454851027613,159.61402796207827,86.09960644454002
401.38415258897237,401.92084765938324,159.46421093386135,86.47172803005712
400.4168021559305,400.2088554963599,159.14529737428586,86.86296723319427
400.03105529827747,400.54766940604816,159.03437978845594,86.91067733639079
399.1891529424326,398.6506807529824,158.8909791998145,87.11240334171053
398.1904621014511,397.08750037217237,158.54226651188927,87.1212738117351
396.6682064947098,395.3107600282875,158.22596339240982,87.09728681952737
394.85794771884207,393.8803944052794,157.61211118935398,87.04374742612407
393.26816957361086,392.84677575885854,156.50345851832952,86.85053983943396
393.69189562259186,391.38657571311614,155.56236414086186,86.54454384708693
392.73464520475034,389.8224582301415,154.4888669678169,86.19217154184187
393.19044048874525,387.89327052399443,153.52527477080224,85.77618582056047
392.1084359712814,385.70418644148447,152.39756961429327,85.07324779966737
391.88219784354317,383.36595104909065,151.13059253496135,84.524337686933
392.70752546598897,380.55939255597127,149.51331601780385,84.0023819650419
392.25582848291515,378.439971457145,148.9209527617759,83.58435856592311
392.64802496595865,375.13549836024595,147.09649224216867,82.90498469517661
392.30439713554654,372.39375276035634,145.91363309967872,82.26607608797947
392.6450051311831,369.7117973351359,144.435396732677,81.54893511194331
392.830144783773,367.1693933303732,143.20567763724836,80.99096281751362
392.84175496155535,365.20247698947804,142.25725145492422,80.37963520572487
392.5180363212576,361.77186870747573,140.86881317666658,79.5135339596709
391.99998375986877,358.6832450514948,139.54049955440343,78.66335932033887
392.5318613311314,355.95145685761133,138.4149837776943,77.82678579050324
392.2227726624231,353.79105129549123,137.72095830386965,77.18281467673677
391.39444354317607,350.91364026974327,136.9718071398979,76.47339808458652
390.42567013667167,346.90478847436384,136.3567216210585,75.84825842888537
389.9951213692557,343.1226541802917,135.59314519329746,75.20702450695886
389.64089177206046,340.018608550582,135.12844443075588,74.56384842857928
389.72195173043156,337.4107540469234,134.81161399768,74.03407880583052
388.66805178419906,334.68613765203696,134.36202582289957,73.47254556624544
387.27774917866,330.54892188939,133.95295904072213,72.52289795945934
387.1252189210097,326.67424811009704,133.75093161008454,71.93475257523514
385.97310397025274,323.79180044663775,133.45553687780944,71.40351343026039
385.48720827901434,321.0367593726465,133.02545634065433,70.91714563088574
385.34480992802037,317.98524844694754,132.60208280748515,70.44152082243265
384.3104621880733,314.24397293637753,132.0402660498305,69.56551604981044
383.68354941356364,310.81013624691326,131.37376631961396,68.75662187426508
384.2020840940803,308.2715768967894,130.94834152463977,68.29938922563584
382.9979788522006,305.6727571215548,130.53732908130561,67.85283083527861
382.86290830921723,302.15895499813126,130.32997771560463,67.36879548709393
381.67221953818773,298.81363464811966,129.6566722876166,66.71650825437796
382.3440787823142,296.03996240631056,129.210089831945,66.31165661678034
382.89000372034036,293.96779508491454,128.9627868103887,65.97448538875327
382.4084833204398,292.1718791782895,128.68969439237824,65.73813474312576
383.08352268565835,289.3356768366865,128.1385585258823,65.45023707342648
382.89819042976734,287.0409864762772,127.57866858810607,65.25906206914733
383.83857036745286,286.129809229109,126.91957159172519,64.95827408263355
383.7021737892506,284.4572695702173,126.51233905137529,64.8800590946156
384.02101917892907,283.05003475955857,126.21617376707067,64.64654626163312
383.6739028594833,282.24310497581,125.82391184095212,64.45256417053804
383.48968798387097,280.9955238097197,125.56586441026533,64.22514153987382
383.59956879111314,279.7782815126403,125.43372125852238,63.9225760775751
382.0606497935071,278.366096727362,124.78995609859845,63.72782805436647
380.7628159606164,276.3917521914689,124.57986934123818,63.78223454673054
380.4308821512626,276.08472736213054,125.23609257438085,63.69225428769039
378.5187056890271,276.5805585326912,125.53425927105334,63.662452960935234
375.6808472582004,276.74757982481054,125.55277198155315,63.609394063143625
374.20803397180805,275.5793597256464,125.90092517138807,63.702023846204085
373.88815004203417,275.5717425848865,126.09126712499287,63.77777435848578
372.04714754558114,276.6464809409059,126.52272566251561,64.11572321216661
369.68010023576716,273.70177499709354,126.76837547699839,64.39773611297491
368.41183569143993,272.2286633878064,126.86293230994606,63.93100261691901
367.87054986600424,271.67696600748866,127.02145732518966,63.499079241339416
366.77633924041874,272.05338117167605,127.10103143509478,63.2580317975624
365.7757868603257,271.85550227420487,127.1420753603962,63.02981401753448
364.98996797685146,271.6332483588012,127.22801418897495,62.95314735789003
363.5849631431091,271.3130319511834,127.33227768260096,62.80167322026762
363.63861500146606,271.30429991951496,127.42191343427088,62.826176777951325
362.58170992668835,271.7757096545212,127.8850840498297,62.69606222870752
361.7405188678104,271.446734912375,128.11887112058858,62.60998004529063
360.5607524756974,272.0061360010489,128.38723073281741,62.60100240617372
359.82571929702726,272.77290364846124,128.78982367859777,62.60322965979577
359.38401668929555,272.11068610482704,128.72115365106498,62.562893738572576
359.33811626257324,272.73682913430144,128.78921910980822,62.60564852549473
359.575342753601,272.507076821651,128.79545055715982,62.56879803442823
358.84168006962653,273.83166866666494,128.69681396813087,62.61965349273112
358.01561426537813,273.0053344559596,128.99369795985982,62.58796009868921
357.5497283984275,273.6627248986642,129.055505213361,62.634522716278425
357.2749246458061,274.0480283530378,129.1866284778335,62.60406208686617
356.65851018239573,274.73229306085443,129.22341224436065,62.636338025351236
356.34612626307126,274.96485065303,129.29060527441197,62.84825483486615
356.27589485225576,274.79358941108956,129.31448755014065,63.03119430151699
357.00858688531,275.0983455959463,129.4825266932226,63.42682962734494
357.2856320658225,275.6813431218398,129.6974944405274,63.60377347555172
357.3258887718665,275.2784841978348,129.93926605475116,63.931659870476736
358.05047495199847,275.42984514701453,130.18273626402927,64.21905548625082
359.11784254774284,275.3935063977847,130.4562654711154,64.5169438152798
360.123571545445,276.56695667615867,130.7176436840545,64.66869714723418
360.8311829958827,276.6352931783196,130.97720353616984,64.89192473666992
360.49207224013117,276.47066248852184,131.3136801479231,65.13597745441122
361.35666970117836,277.16059209394444,131.60039108291494,65.25234944187683
361.8040989037105,278.03780801440456,131.87098968811983,65.3696054900557
362.15190591689543,277.80708818233137,132.17422231187356,65.55284774647969
362.59155157128157,278.4774499470137,132.48271114493173,65.68498395737217
362.7783496834178,278.8346621098749,132.67905173258328,65.91054317838365
361.26069069770654,279.77931893894316,132.83605806994203,65.90842522661463
361.2017574507231,279.6885888954797,132.96828668025313,65.89429484728066
361.04671887624005,280.20687435225756,132.96140912708043,65.87166307595211
360.91647450816066,281.10827484682756,132.91441180595768,65.93528187898748
360.77858806512836,281.85187044932,133.15914931903484,66.01579356344499
359.3484228650748,283.1367546101593,133.60560700033102,65.96515714064645
357.3122052387937,283.5298626068609,133.90787084900836,66.1260831522099
356.27569725510654,284.73746580053614,134.11520039975665,66.14329463442729
353.9132863295043,285.7970491420261,134.70220820600878,66.29163121301362
352.27693141256634,287.195308211834,134.82506600245478,66.27280205350033
350.997631370099,287.9854544383785,135.0970337879663,66.38624400783625
347.96662150459224,289.62573657103616,135.400337412565,66.3741857926308
347.06398621715744,290.59738586629373,135.52721772292352,66.57447622189099
346.7415750478641,293.0360295346515,135.34657986596875,66.75633195158171
344.9463473761456,294.772690838377,135.84659708188815,66.96091442683331
342.1144256545458,297.59518711044603,135.79661911395493,67.01024494559205
339.5739644009064,299.4389223708276,135.9390245275753,66.91140748528423
330.55091512362696,302.55139305961904,135.18658678147497,66.60955608878038
334.5793171023232,303.4160104499316,135.85703387693894,66.47154430963548
334.3975630454602,306.33151059270546,135.60647801246978,66.52386387882407
331.51749594168564,308.949060832705,135.65949227830748,66.25571619957562
323.71661199437904,310.4903303961138,136.0620652647786,66.73915488457149
324.3251036838517,311.8505307414875,136.69605024673405,67.19548244242024
321.93405076793044,313.56736154855605,137.2350096590514,67.22265294727114
318.58805149660526,316.0320742546342,137.6587286492421,67.15694604478894
311.8088498690055,317.5622328547503,138.14674597151935,67.56049579363815
310.8007735074154,318.17668338378576,138.47065046948737,67.72815683502402
304.5350625446835,319.23458447735686,138.66639524803952,68.02480186200846
303.6788847365526,318.1615545253708,138.17081147793357,67.87778835022432
300.9651484161269,318.41244365574755,138.06211554349807,67.69356670911492
293.2035407645619,318.7603353136793,138.15737140448934,67.91274663864326
291.42943641619917,318.1402504745706,137.91392694493433,67.8938857363401
284.199314726534,318.17549272534734,138.6119842738497,68.22366302434688
283.14789340589107,318.2508239442923,138.81941566216005,68.34680861873136
275.8945024070501,318.6478207619869,139.50729182945872,68.64027168652805
275.45491488692534,318.0884963793405,139.3201897233688,68.68936183136805
274.1872063084623,317.7095868260037,139.39203437815863,68.61851866177355
272.3450663112668,317.3959238595156,139.34004966689173,68.4519557278484
270.27958186193393,316.9523691515635,139.08257128085899,68.31824178426314
263.48275272750885,317.1873887357703,140.22493465072228,68.72456005202966
263.6245952483193,317.0064868072699,140.20517238985363,68.92554178574139
263.6288550667757,316.90739826486106,140.35158744234337,68.94950480548408
263.4271700538887,316.6740533035297,140.50806111177312,69.0960556180585
262.3540080378632,316.86549497373966,140.87555151612327,69.06057371778222
261.9943128725565,317.4012045193074,141.00685595692033,69.08157115153377
256.11842563900933,318.27777784412353,141.501520781986,69.22191815424529
257.8340019977483,317.27062467620476,141.24741770134884,69.40735121337225
259.8707031595456,317.3949254573402,141.45089850305942,69.58651421585397
260.1503422306914,316.84618741303126,141.3813728024125,69.65336674928851
260.29837711047236,316.8553312317204,141.68541315647136,69.7775806151393
260.9677053410591,316.6608649267009,141.69091176846374,69.89316626463366
261.8507547896058,317.0128122089302,141.59201987401013,69.84404475668231
262.7343165535799,317.37243338284827,141.58748293968978,69.76996922317339
262.94499771021435,317.5837334853007,141.86639378258698,69.80033374137875
264.3986474412574,317.943472127037,142.1911640512595,69.8627915536931
264.74191401759686,318.32676940717226,142.35999170456893,69.93363563640128
264.8041116806511,318.008525631001,142.32038211555775,70.0419636299707
264.70524496347775,317.95689438467303,142.18407025895755,70.08291596342028
264.8206587996761,318.2599636866753,141.99177982062872,69.89103315727878
265.45894570270855,318.14408225705756,141.71352641527875,69.90086967009302
265.874535686092,319.1633280529583,141.8517736764858,69.87164803106555
266.3018546069878,319.1456326130816,141.88215263366726,69.70115472240535
266.4295311926779,319.1266098850071,141.92292362257677,69.45154327528743
266.2697739519629,318.86870373782233,141.81613418087667,69.19503380900252
266.3318091488837,319.08315207077936,141.774516508929,69.0636883279811
266.47284779336064,318.7800220976698,141.58965528967337,68.8809277954748
261.5920453637408,319.6582835526224,141.53681751433055,69.0066923878585
264.04555299042937,319.9745555735809,141.22944072302005,69.01317761039155
265.3488287979361,319.4837697119577,140.71092159206108,68.80802347876434
260.4537132200302,321.2021566543879,140.69416021705018,68.79026976983766
262.64587614637003,320.33154271074494,140.785243872122,68.73390251380545
264.2924126726757,320.20250899546477,140.7004020302193,68.8897795019825
267.3608105963382,319.704336070949,140.62158958133182,68.8041129360818
270.7416879401683,320.560970409884,140.23605559679658,68.81260631933088
274.60976540860236,320.30550025024957,139.95347960890302,68.84748237382546
278.7735208905847,319.9486745750281,139.40233773978713,68.59102420192558
284.4145961203741,320.47214177224544,138.79783200982246,68.49382187269174
288.97329284345915,320.513075872255,138.1805987809375,68.29947737594982
293.13041128184705,320.5322339980918,137.79392557145914,67.95133236603644
297.89678409364853,320.63275219873293,137.19805815220184,67.80112331894688
306.40026545723947,320.9436273107323,136.95347030294963,67.3184068893512
314.32038374856836,321.2608321667016,136.71225753926154,67.10077183776154
321.74526139760275,321.463865467244,135.72357859617333,66.7834830842648
329.5665248343647,321.3625340808062,135.31511105645058,66.33490073995289
338.42404031252465,321.0187773960018,135.05509528262587,65.98571183428558
349.2752802850216,320.50019339731807,134.16408918406754,66.0789053367189
359.9498056600909,320.9652251017883,134.16462110604817,65.87921262813784
369.4379811397984,321.1434311980853,133.48564487197484,65.5635223437555
379.6580062042276,320.88039790054233,132.8367991956311,65.22741699088527
389.2138001514756,321.682349665696,132.05471722154525,65.00430452865507
399.44093894679554,321.01849811283546,131.23286684648153,64.99882255766259
409.1455725478503,320.7094710942844,130.43546564168648,64.84783487771222
419.2572846705016,321.35941035595664,129.62164070058316,64.56445134376288
428.82260626320004,321.2873082896656,128.76545926140204,64.20431762911218
437.5544257838963,321.55528510684206,127.8020071401755,63.621408744555616
448.66856536303635,321.21296184973227,127.07853259310151,63.646367858911006
459.3414574211526,321.40944864365883,126.15053030670296,63.49619656316646
469.5064890004234,322.13340801205277,125.87281242404026,63.13703200347207
477.80495206387764,322.3477207103266,125.49672484388475,62.620993534338375
484.2748494424716,322.3627186604179,124.98542930849868,62.133025554640284
491.1583720741882,322.79273889242126,124.2633822140107,61.758934904953236
497.9576420055415,322.8863681378831,123.59790681205845,61.5186609919535
503.8139186329197,323.20205053478946,123.0273785511986,61.22540584040802
508.08104417878496,323.5344490572533,122.47334062475124,60.87844633181528
512.594909553212,324.2706582745667,121.90583688853144,60.59570203621137
514.2827600553404,323.84703539399146,121.22408629893219,59.93627088505416
515.2749262366877,324.22827787288406,120.89880356640258,59.5482248389453
514.0745805491022,324.2282183198611,120.51075216088839,59.16073699637711
512.2295602221978,325.05407931854944,119.83885100027433,58.83723429354849
510.1970613926945,324.91290804619223,119.59610749412002,58.57488968635408
508.8234451008367,325.9224502610318,118.81284777207995,58.230024030516674
507.27531960251804,325.753414531982,118.34467449236539,57.92101709372649
506.1566956612588,327.0653918603688,117.65278061501132,57.612955610170765
505.41929856976014,327.14993698491634,117.80363344802555,57.375511551659315
501.0062273909726,327.49349749333453,118.10951690209717,57.235647481386664
499.3050560286196,326.45382632969296,118.14214488986465,56.74188638078284
498.1353045216956,327.0561816777297,117.98149364689203,56.48272404028871
493.7055505902688,326.51124337497674,118.16655921848589,56.579421086087
493.95467379270366,327.25326702514246,117.33099281368285,56.207480466625626
493.74636479557284,326.7176887688925,116.5718165641319,56.07367508318278
491.7841618042487,328.34531606705025,115.62457471200239,56.13525827449547
491.28139408483133,328.6799477204092,115.1954958501093,56.02894790347333
488.77285428437904,328.76590860058377,115.68963338482124,56.36734156136754
488.949439001838,328.68912945820034,115.01009287618048,56.09374992447873
490.3073668769929,327.8543470525677,114.64881514405921,55.87648762449989
490.63972299840844,328.214785202151,114.37099313379113,55.85102449757822
490.7452362605186,329.05394845951133,113.83771707782489,55.49742408759386
492.18913020160096,328.8847288984321,113.25872345568514,55.197303570298445
493.71100384699656,329.42991208309786,112.71726975162494,54.91614577287777
496.0221520775773,329.48274459562333,112.20936318685636,54.7249056217154
498.1130956516372,329.96721156237027,111.66467615584774,54.428890842388654
501.55920889122643,329.7919281153982,110.95124072281182,54.31823651822367
502.517720234414,330.21027236827535,110.26238390138106,54.04646390793137
505.0463213710565,329.4500182215586,109.80654433332684,53.90129012395711
506.2026970169816,329.9969273026366,109.32029953695246,53.66879710656886
508.18752326385317,329.4774331698565,108.9131730308344,53.44472814022597
510.4344259455693,328.96811065249216,108.59767949220074,53.388302316952945
511.7010523173275,329.3797834973072,108.1178949760708,53.04739128751919
513.6751791185549,329.40529893466294,107.68021976755225,52.8313905065968
515.4914910749482,329.2576946061843,107.3347846231525,52.66146949007303
518.2241423152267,329.29534604183794,106.93983135905661,52.66473234295985
520.1550363660135,328.8452569714849,106.33181193996273,52.43241663009688
521.6669603112188,328.57517346616055,105.75225802538239,52.23626040332644
522.8248952265947,329.07939175196265,105.40983134515096,52.15198425261693
522.8839276640581,328.78025766207475,104.83730358436752,52.05353022293915
523.7206020775419,328.66789754419835,104.16293170327685,51.86657733008707
523.7732667665828,328.5622239200142,103.50846211027519,51.64681738522365
522.698862418003,328.4414160276133,102.87277259271276,51.51467577785747
521.7235312534417,327.9606979250503,102.29526886615625,51.43369278780839
520.8461439917522,328.02708351441623,101.69105820391208,51.29565171004341
518.9233310819184,328.3119986470113,101.17836521788519,51.039088824852435
517.2442494513815,328.64760672681194,100.66416109690924,50.93265027793735
515.5376516610796,328.7090938357368,100.10573587940212,50.68286905587433
513.6026856905289,328.8851534020247,99.55691991858703,50.40823999227058
510.85271618110517,328.9401229831504,99.20475808828286,50.303283923608724
508.8942737439704,329.8719134064807,98.48528088674674,50.153362005819254
505.75415063278405,330.2469606334907,97.9376071490975,49.78634052409703
502.78252144069035,330.1244371643827,97.64934964888555,49.61354105084632
501.2097956502189,330.7868686991049,97.05511664807179,49.457141569162886
500.42677093165923,329.91612243835857,96.83094844717537,49.23130613827058
501.2612080141998,330.6920860234963,96.52539010278828,49.00171886038249
502.16201135017343,331.04645419762244,96.13031249978785,48.7080715829272
503.56229507562443,331.59241272488487,95.69880842626613,48.566249287866604
504.4436804482608,332.02462273634524,95.42719640482454,48.311670075244834
507.4263729410501,331.58813838484554,95.15994679522265,48.2582278647768
511.9860664029619,332.63606866786756,94.4817515446777,48.026020004878966
516.4781816477379,332.9596635605852,93.92178500928839,47.804282094176614
519.6998513041875,333.36639028887646,93.542681383645,47.69668597411531
524.1516566778537,333.7036494776876,93.02481377748703,47.6180357667545
526.5368585363768,333.812562072794,92.71251800874393,47.38222124468531
532.18960263962,333.8429417797463,92.44066303437421,47.47296640698684
535.3366998140227,334.29689924951526,92.28635601848507,47.44519606354882
539.4553655149928,334.7015278046657,91.84880832320994,47.36028451809013
543.9727185008157,335.9712852834236,91.38915365924234,47.34848572039491
547.2535886904025,335.9763229317097,91.10244246250289,47.31620867339515
551.8715148570419,335.9209891406635,90.8990884889042,47.29150252900049
556.4498853052651,336.81933357264523,90.68781458769712,47.40690122473698
560.7531063638374,336.7015229441056,90.44445726364333,47.57365167661234
565.1539213600232,337.5132489005295,90.13412690048318,47.50729696034357
569.4783018619468,338.39585238002707,90.05764010470492,47.44436885381119
573.7726285270036,339.06072734534695,89.70219543090222,47.235394145949705
578.3125969196824,339.5771263342775,89.58946750784926,47.1387954755303
582.7745669297796,340.2581007726791,89.37136092271359,47.02985448752106
586.3205775431915,340.8892464494597,88.97522964568839,46.839547782664454
590.2728586348195,342.22686781420657,88.69858713635189,46.56085523169851
595.6550038170516,342.07062230292064,88.49338166416072,46.67128424350531
599.7878849385901,343.21464075908364,88.2174055691551,46.583963349856106
603.023206608578,343.66933958995924,87.64144559023265,46.334435537786646
607.1919849097942,344.4148302539431,87.24012393881966,46.373012510790964
611.2992188407005,345.3026879063937,87.11495623264658,46.46957720753003
616.3587711394799,346.41184344743755,87.2661448708665,46.47452223658745
619.1284895617249,347.3104655850741,86.79906901880832,46.11679522091212
622.8029061183163,348.76115978027485,86.44742352006632,45.97126096030184
626.9887407654612,349.2442868665759,86.06190449051661,45.83063608161827
631.2688201642501,350.1945713205563,85.73850583240416,45.63155459564697
636.7089359063833,351.26007169244593,85.83823288237839,45.63117600038147
639.6623001461176,351.4240877173976,85.59441343382423,45.5312433115403
644.0800301205252,353.07952768034346,85.51182595205007,45.586224086255804
645.6777441521494,353.9967388083301,85.57940243019864,45.46057663535142
649.9542094946888,354.6500845849046,85.36473716412615,45.34805996795224
652.884888344617,355.3763049760413,85.14811289322486,45.50408318828823
655.1779793076289,355.6735271635722,85.01692278467546,45.885786226480114
657.8261445524217,357.289569990289,84.92955139772045,45.99065588196077
660.1870080020078,358.7669278898412,84.83876732005098,45.90900460083122
661.5687856441414,359.2230514034083,84.88711598933611,45.96489996394816
662.9969557063482,359.97681465149174,84.87761410077741,46.12656900058009
666.3498138660806,361.84486420082726,84.63939369958663,45.92778050218972
665.9812120328584,362.484326823544,84.47732015579543,45.78851895304532
667.3478650012333,363.0402618275425,84.32197232604008,45.79614350242897
667.592690771337,363.73695635940567,84.30795032413063,45.48910416442594
670.271720743995,364.44619072055866,84.271180871826,45.67457747874866
669.6191598280514,365.0449177173584,84.38372367272277,45.663241968692695
670.8138702873176,365.8581061802443,84.24792767026673,45.541848348851886
672.2941868918243,366.5682916048269,84.13750989628141,45.61441184588573
671.8215045116513,367.0812945424645,84.34728479475785,45.58764690545933
673.907820592222,367.9414014337029,84.31526332850153,45.708215646137795
674.7464350886163,367.87112926945093,83.97225140724625,45.52449956099501
674.3153584404049,368.49609569778465,83.8471668925805,45.321168357426586
676.0546139206177,369.3842179507894,83.83568145057214,45.3584280704723
676.561573496292,369.787899047383,83.71916142670685,45.29425849040996
676.8850819215111,369.7804710438427,83.85716260309744,45.398429919369825
678.1162258580167,370.99764193505854,83.93181196687212,45.412393505361564
678.8032613464485,370.5334342842316,83.83618110784454,45.451506136059805
678.2095765788911,371.4682847668337,83.86603654765307,45.44192272552029
677.7277960049145,371.9246242435025,83.63740943266686,45.248042707596014
677.0293573777277,371.5867575203581,83.77388746466627,45.46447009261698
676.702933742973,372.2899842854358,83.73016612589186,45.55184426307646
675.2523503310617,372.8435281089077,83.73224552066775,45.54348396159919
675.7517744973159,373.0523450923808,83.52963650462279,45.415250751012216
674.6706760095559,373.39834146655636,83.81165228679113,45.618575676344186
673.4613761710713,374.3869746595822,83.82298272433461,45.64961197889113
674.3157050126782,374.78593685583417,83.62452363426036,45.662808692535
673.5757320810884,374.8231801959586,83.69381101870309,45.6179099255906
672.922375432913,374.90216703096746,83.64392558019847,45.75137757694594
671.4695070288612,375.58940979668046,83.87908796165084,45.830306366465756
670.9502955910884,375.9283352966911,84.0925092397921,46.099726713490334
670.8163495202714,376.5692171681047,84.24136029618285,46.1986754798185
671.1776223662063,376.9461489035571,84.22136024716596,46.51952202039577
669.4963364269364,377.2952597804757,84.34529777778987,46.71397042113023
669.460541644444,378.3388118257779,84.4269371617897,46.58484755935426
669.1414539422047,379.1952614288854,84.51953432491993,46.653587690678954
668.7378369154299,379.3670252023085,84.70331017181613,46.7208186689658
668.2393397923931,381.0678547669828,84.87486126927658,46.42190054265371
668.1801360036214,380.7448771097442,84.91580021316827,46.831340722557925
668.3913738670599,381.9439294464197,85.02558120874156,47.13873355248755
669.1827609646296,382.43606835226416,85.05967395982265,47.41448660646791
668.7979528841174,383.23377177274784,85.3871529092857,47.63711954039521
668.6586143392641,384.0015435865595,85.59999138637643,47.74229759150576
670.2966949027149,385.3893621279941,85.57130183044336,47.96688462210094
670.706973290311,386.25091040214954,85.70584624724872,48.12380046678779
670.8339675439368,386.859214803043,85.82464202673464,48.383091957397376
672.2589056060267,387.10464174343593,85.68036234954569,48.494054194375025
671.3451546559099,388.31596692727436,85.88833476407677,48.71477755449662
672.4941941601102,388.55891723375044,86.07149555136117,48.79755305562688
672.7568914215228,390.17061340433384,86.12472539624969,48.98674668819962
673.0606588020028,390.5820845269786,86.29428267487492,49.04748800518891
672.8953987343211,390.89113820711617,86.51428114353254,49.07745145713909
673.2755551675011,392.2307741107634,86.58135894794904,49.277538895144914
672.961420555716,392.76213474426316,86.73486349661718,49.300458535432995
673.1624523884507,392.8854063979063,86.89304445099421,49.20474217404762
673.3786021225528,393.9591074433366,87.35253126008408,49.38920706278599
673.3861798353172,393.91496847566054,87.46528549489474,49.49718615117807
674.8693009406242,393.7536460062497,87.43251305661961,49.70023411693821
674.1622127615751,394.2418859001885,87.84728325579358,49.84453026709471
674.5754731107382,394.6835840820966,88.00362151332757,50.00993556381619
674.8717624183363,394.6407381071621,88.49828168673622,50.377540138521155
675.9349986578034,395.0644976952006,88.81116887271901,50.820394407001295
676.5032591055685,396.0330218163733,89.1743386290822,51.289090240431065
676.225865213737,395.9392031724895,89.52515249359213,51.339645249470244
676.4321876942623,396.4054493827835,90.0375422939704,51.717508253763185
678.2532028803349,397.8511706587318,90.10690217870689,51.994348687553874
677.4024312698122,398.5850508518761,90.29799384450035,52.155088405215764
676.9863961359715,398.06009437152295,90.66753877424716,52.277281653664645
679.0019632007659,399.262086498631,91.16099322955816,52.285659974979524
678.6516593847825,401.1220737511816,91.25377367494056,52.180496413481976
680.5049741223049,402.11064039737414,91.48218395857792,51.96944540793152
680.2877445471548,402.4180570011749,91.7669409920311,52.07868948466613
680.8725603168726,403.01187152667717,92.05646191269366,52.266220650946664
681.3283090432225,404.08308652461363,92.59576213703427,52.44354716294726
681.5941857292187,404.66395908636247,92.89688765269523,52.785141806905656
683.0452990517666,405.58687983850484,93.40072623320047,53.07211900150398
684.6147840856696,407.0055407555765,94.02292178429097,53.2110537763238
685.120832497036,408.680185631769,94.6526612471494,53.51717550579594
685.6118399159179,409.8690046915233,94.74425826489231,53.62240653454185
688.3587454317047,411.70183019494226,95.04219051182204,53.89688266202704
688.7623173367808,411.93002586,95.60347540879269,54.446779145098205
690.7451956400704,413.56592440009314,96.15074885439863,54.790352815339105
691.969786103135,415.6250418415699,96.62393478579804,55.122447712964195
691.7060806279906,416.0135749522458,96.8531511488563,55.49639188570876
694.9599516536563,417.37539587235966,97.377512636038,55.76070609253914
696.0818959449562,418.71448829813073,98.24858329339799,56.27426556854215
698.5355922064397,420.02806275600216,98.86564441041514,56.5058956063516
701.2327473837961,420.20421143400984,99.1283007419512,56.66050899166544
700.9142258827103,420.99115904800067,99.29825248178217,56.99845456015445
704.587197780138,422.66081523778587,100.01879886026654,57.10473553767023
707.365206743733,423.37899709368025,100.81681488006764,57.40359047002354
709.0717434867055,423.02639890267824,101.41366294487321,57.994377442564215
711.4639053672231,424.6728718214635,101.85288425830092,58.486025425565586
714.2562674047231,425.287364314604,102.73005564915175,58.772353587783115
715.8699666393504,426.27539039004495,103.43540525919718,59.15659005689638
720.043669162578,428.6319831902464,104.17190161807649,59.088385840770854
721.8455799343599,427.9224947928836,104.61580956670025,59.81740906989883
724.558760988812,428.70699559979715,105.26406532049735,60.42720279374875
727.7008824835743,429.09094621645244,105.93479364444931,60.73460022739225
729.6825404090805,430.57601847308706,106.720236586314,61.202270188228795
734.0313653239751,431.30993013122344,107.32581608849497,61.43227397270985
737.9780237386124,432.7096156569935,107.97096857379567,61.36595779749722
740.7228931843093,434.58028273179093,108.6682867006819,61.56410419103894
744.2900176642615,435.66608993824525,109.4238797741637,61.79687582167888
747.8064467220871,436.1304669631022,110.08366482410096,62.04199865356445
752.2071297846942,438.2917418335366,110.99979080246342,62.237135279730566
756.2527821713298,439.5782811470335,111.79048123030287,62.49308692808151
759.3610779889925,441.0269173313103,112.49463401407552,63.20519289738804
763.1937920149513,441.88697602556454,113.32410380456515,63.613901411818475
767.7166351997437,443.68163122967127,113.9946115878124,63.817057882496
772.4993066706232,446.254300639303,115.08412628155133,64.0223088154298
776.4689215848468,447.69372829031903,116.13236421891223,64.51514378668266
780.4882772601953,449.23348600804337,116.9737149714867,64.99926823046066
784.4569904014285,450.4652233261224,117.86507744634478,65.47283726114223
788.7138368543724,451.87038276498305,118.63605727757852,66.26641023293871
794.1561133168921,454.17106712538043,119.62562220379634,66.91795832504062
798.4039234310384,456.5130453661879,120.91238112589431,67.50759669968791
804.2278333802043,458.3210027145789,121.96304278731591,68.42092785632993
807.8906129422271,460.2735243914618,122.93333918542601,68.99189816299504
812.7370021260899,462.1681210181075,124.29026155469994,69.80905056323769
819.6154288770987,464.6007635313599,125.5546912024017,70.77654017586246
823.5696292683893,466.80473563737485,126.8657766563926,71.70368230950518
827.8024024520221,469.27680895896424,128.0663441425819,72.44777714810749
833.4330197671006,470.43562948893054,129.22232676706335,73.30002458457375
837.1514092113954,473.04617936944544,130.54795136663296,73.9377590902065
844.8174428744234,475.30932771407623,131.55844194768156,74.98200759747813
848.1410762214521,478.16143894823097,132.6445674922412,75.59646589241339
852.0725460983608,479.83103154399817,133.91294201607258,76.34209381885987
856.0153484046683,481.48080903263684,135.1455462886504,77.1832258304131
858.8781912701036,483.1410583159031,136.30549545691932,78.08097706170167
862.026855231385,485.13077677936,137.4363696866087,78.98080019795916
863.9390065788078,486.8148123042212,138.49510408206447,79.74715288099439
865.1436860630724,488.36210955840255,139.44488741700195,80.61944465459885
866.6295907439151,489.1554301565839,140.48244981282426,81.78159586813295
867.5335875346484,491.1471512846727,141.49417387700254,82.60284254246685
864.9486027653911,492.8323263280998,142.87298831564829,83.83504534639033
864.7711555082686,495.22970269990475,143.8658539330848,84.56101880669884
864.2470897765999,495.9699688798118,145.10331142941848,85.5924328866278
861.3361986908095,497.1753497750978,146.3064689138043,86.19786114808825
860.3895006351287,499.3842987781559,147.1273723064694,86.92379105716367
858.5160257242939,500.84324949155337,148.31957764609857,87.48757288461076
856.8953105435266,502.0058697335693,149.62415567170325,88.22497330595908
854.7925059370344,503.37532835083806,150.63842992184274,88.7603952704877
852.8276950003393,504.7024220180805,151.8056363861448,89.17256578703133
852.1152058539803,506.485672317163,152.29815270185793,89.13600531719273
849.8127657802137,508.1923638708494,153.1075509291488,89.40702992084893
848.2112645130808,509.2856714161278,153.86992994160983,89.72687454327438
846.4243750867016,510.1748008559268,154.65204490925152,90.41835676970973
844.7715496815147,512.6139821429726,155.11184453668773,90.58903165213047
845.3121045294411,514.002636268592,156.11760002752627,90.69279067689254
843.6099617560525,514.9315115802084,156.8455464248284,91.44339748316423
843.231911211791,516.3063392747217,157.7123200468634,91.84139233598955
