461.5,304.5,22.0,17.0
459.3238283151263,303.72421211528683,22.056796122814376,17.08400537514881
455.2415812014917,303.86989240338266,22.74745392811703,17.050694585047985
452.178996543242,304.48463689810023,23.153778830859096,16.942539790749837
449.522228404804,305.11629639971625,23.233347803505318,16.926767579548184
445.47246251752273,304.8888502757764,23.596694027378238,17.10516350646487
442.5531837076186,304.9895110415959,23.54731791610746,17.06248371550571
440.68696570987834,304.9241221980388,23.70352028617597,16.89037557221747
437.70415834298353,306.1354161439304,24.069781229682345,16.98027723770052
435.3653416177397,306.1740712815592,24.122021289514453,16.9253616084021
431.57398934247,306.81761822388415,24.596908190212567,17.00167915029632
429.5383928720276,306.5443309282114,24.391061603204292,16.91546460666262
426.19028208044585,307.1670506576341,24.01018195574652,16.968838729283856
421.4650814367207,306.49247489529137,23.302446875398935,16.804732154413358
409.4325943696061,301.98223214901435,23.298962452499232,17.050110263239354
406.7218009542868,301.57103173680116,23.298742470851458,17.050420938739986
407.5691218197089,300.9690986118103,23.298751986078088,17.05046171493633
406.5778728727906,299.92943438039737,23.29874181659841,17.05050813239775
407.42075897105053,299.2804605916735,23.297345979064442,17.0516474670477
406.58692730364214,299.3330112093631,23.297327619850424,17.05167474345488
406.44400031323744,298.9494093457387,23.297312777131534,17.051683543965083
407.169097022461,298.0700071198477,23.297264484073526,17.051688323620247
408.4275428902025,296.25401825347666,23.297225365854306,17.051724261013195
407.95963042645644,296.27469800309734,23.29533822002028,17.05432534796203
407.5850350828475,295.58995124307523,23.294943159519377,17.054855507219827
393.0001704491433,311.4814236662385,23.2200397059805,17.58846949878388
385.36083501472496,314.52186958931185,23.809218349170216,16.948847050372805
385.1069412261595,317.39797000661457,23.88773854963983,16.911984445900455
383.0246838929173,316.8335361788991,23.88574168047961,16.91347256470263
381.35469174438356,315.9702585288569,23.885534613258887,16.91360221705143
382.2236759551387,315.8903466082569,23.885406248167985,16.913741325695106
380.5069674895613,316.33945670905274,23.880717834550435,16.9176856429366
376.70733574684897,315.76225064828543,23.637818234037606,17.10967736051381
371.2572090724619,315.59807894397136,23.688878009813678,16.821821096919873
368.6730412819491,313.97085845273574,24.486551855304565,16.394354425582495
369.27251228257916,315.0519850677836,24.62138227492771,16.36778950038783
361.92791869381966,315.34725605817147,23.913672136467635,16.701778741001945
353.56362829851224,315.70836631576435,22.681757931965322,17.12139093512861
345.2052119732425,315.44154830942887,21.9825444399266,17.212403094116095
333.07579851619914,315.4150529628754,21.619564255624745,17.37521443625085
321.26174286518955,314.01614973969674,21.19067062905502,17.697860760690403
311.822629524466,314.2486696879924,20.73852545381267,18.06818729199751
303.3295981650809,312.66488029500215,20.26757599606924,18.195616150838745
292.6616748380435,315.3748006043925,19.89264346008052,18.1326333086999
281.84863797957,315.75853296705696,19.62969053518181,17.862638157583948
269.5919601143906,315.9909269527076,19.101319199500605,17.66765421693953
259.6888935094468,316.6305393933637,18.680023973108906,17.55735533622248
248.7388042508571,317.08068797517274,18.508518606621305,17.27066760577847
239.768792275187,316.87903053017334,18.441359483010345,17.018927330486456
229.73195822386623,317.8889508067081,18.308909955646975,16.799057523457204
214.37332541872811,318.8543281330295,18.35971362134315,16.577576209132356
205.06800404711103,318.1576770856457,18.39760627302457,16.508502186193674
194.41562355464018,319.05929043586,18.486590814484813,16.340892622720332
184.65329405640838,318.16508916516483,18.391855508580225,16.278824859621473
201.95495223376045,310.45402047178993,18.20667575055579,17.083193958712634
200.7173340691966,309.3877315520218,18.20671595656037,17.083196286316454
198.87211058256977,308.4946616940256,18.20671035413041,17.083180420834672
210.3161324015378,298.154926155373,18.441639204597674,17.368253762544043
199.27709442946517,296.4766367317597,18.570984679992932,17.551323011992352
189.87862534145222,297.18816040813294,18.629176212952434,17.770761993092915
188.2209074385203,296.29763251592203,18.629159919969833,17.770769241214055
187.49686160533244,295.16059437646896,18.62917390766513,17.77077597246707
187.70638363684296,295.25577762773617,18.629105346896644,17.770870837301388
187.55101266064509,295.1884844871562,18.627716222241236,17.773913139412567
185.82645727099867,295.08372832289336,18.62737627025659,17.77440562817454
184.44656903611298,294.27295820830625,18.62736708786737,17.774429510417367
183.87845993026448,293.3441420567382,18.627360910488097,17.774437998016953
184.6176599642574,292.7130080589294,18.62753321112411,17.774384044629358
183.2460725179333,292.27731363159717,18.627629871960785,17.774327779912902
182.10006178066766,291.8085135405685,18.627105312632803,17.774551641608078
182.22520000874243,289.1514026630192,18.626560978308504,17.77512278864399
181.9610943209807,288.3479514894253,18.626496625606244,17.775281084852114
182.5393037911904,286.59986735370546,18.627021840879873,17.775090961669125
182.66262454140377,284.76748503318186,18.62809658848855,17.774814632867724
180.83029280324382,284.3394434380648,18.637324741093284,17.77060342145611
179.47558641138937,284.3123399691365,18.64133062058156,17.769721563591297
177.86201950089782,284.1237195751946,18.641582699087255,17.768899864826416
176.21371128362762,285.52216628073114,18.693761915915275,17.724631203890688
176.88502672600578,284.99181487291617,18.699464509132916,17.71733954415598
175.46389425118554,284.8588964603054,18.69956446548723,17.717458654352537
175.33644235278166,284.7616490706373,18.70079104314252,17.71741309696058
177.5223533202822,285.72225161740874,18.751572715319206,17.694071868316435
175.55952089324015,286.2534739881069,18.764773665976165,17.691951795804354
169.68026233856895,286.9269994888003,18.861041210194074,17.656342215926394
164.30636976076426,287.4006179897682,18.901484217976304,17.607607921472006
169.8626112365472,287.3963323095425,18.891713897635995,17.53877467856121
164.96275411895124,287.2251789896728,18.728029199417293,17.432755445879323
158.71282582434668,288.9814390567962,18.523361748404206,17.39861837590258
154.6611767719714,288.2537107705065,18.351152879888176,17.42062031572298
151.29775678946672,287.7458407858091,18.296410012561104,17.4025856707836
145.38940539087247,288.9673328829572,18.175866487117794,17.363819673356367
140.04405366960827,288.24681786184624,18.15360873274674,17.311295600282836
132.45065292470363,289.42225598808926,18.05429839089099,17.20606773189101
128.72439851804893,289.17133163213634,17.91829144568602,17.09532291218831
122.90633554473166,290.72038109555274,17.728800555772704,16.992071283024018
115.37496703594444,289.6587611791675,17.49103670359616,16.925326555781545
111.98586767157784,288.9281848220962,17.487488091173375,16.91712332910533
102.78498466942885,290.5874960694685,17.374489309704717,16.764750824824052
97.46560823150313,292.0348095303816,17.078228414499037,16.618869344434636
95.54454709977642,291.61495475938904,17.114475376591376,16.591313006311886
87.27072491516742,291.784336460008,17.54621970613653,16.249398288645462
83.02635981491997,292.12260850270656,17.744386323257405,16.076304239297222
78.4691099633815,292.6214998000715,17.655548356961773,15.893701290582472
73.37824148411916,293.0240700147354,17.51250771233706,15.910238248015425
66.85601723121567,293.47694143535915,17.671268390080073,15.857464755198553
57.587127968966556,294.1285225527555,17.710692956448415,16.05616909946161
52.402720644890586,294.4632336071423,17.815087095261976,16.17286949158451
47.157508821551865,294.61465983996806,17.7775499646567,16.1122716109607
41.810610015836204,294.6560200050876,17.790636783546525,16.224000809773298
37.432603832812894,296.67660593034674,17.946797541316773,15.899330195217006
29.38250047595058,297.38315850431906,17.980031522497452,15.832766332787124
24.809144445352096,297.7178527608172,17.958829193130455,15.65545376969812
20.672877838490916,296.1739620201525,18.132665698173618,15.67972840936805
13.794999963601073,296.2971420227995,18.031176002701837,15.747775424881247
8.339439895341451,296.2609083461488,17.884694210510144,15.72398120981522
-1.2205293749271462,296.4100215855328,17.412326613962378,15.991813903200796
0.24686579975883838,295.80227653781736,17.439013544253495,16.04080831782258
0.42397399762120713,295.795543991429,17.70863312942094,15.77818654374364
-3.02735691681052,292.4375373833785,16.69888422220041,16.886905677202947
-2.967799934376581,292.92427865516413,16.695373488226142,16.889938188334533
0.9345037067483428,293.49155809097755,16.54112869758396,17.05620515098197
-0.12970067846204003,293.4667059192328,16.54245845799496,17.05634122506969
0.858672999970576,294.06916300932573,16.543906172350127,17.05601951123825
1.6817771469374012,294.335974649313,16.544911575849948,17.055533373921836
0.6557344420715765,294.5643320170566,16.545906268265924,17.060675838103645
0.5147733554107372,295.69816376885154,16.547626559463655,17.059977246928284
-0.17228564899361487,300.2393876546522,16.57352517358852,16.972629496689258
-3.7110846166076055,299.2715491898516,16.440190854025243,17.10448867726704
-3.150597132345009,299.6650021936131,16.41554283271227,17.1292727618309
0.1889277476998963,297.1627652333341,16.44600482951943,17.105282841904266
-3.7679395149866366,298.83804734225987,16.246187261386638,17.24977334588499
-2.963259003347959,300.22940749273175,16.239016375018767,17.25752579083655
-1.7626520525535465,299.50326333475897,16.23759657514503,17.260125552972042
1.1195271803767177,298.8981920025479,16.242340682679277,17.258968559572544
0.27300907087686177,298.9327914562633,16.24504222398276,17.260570515348068
-0.11913782004051932,299.5331535457707,16.245476395259967,17.260179335562686
0.24335767755385795,299.7568187139801,16.245993613114425,17.259720756651188
0.7802796710707565,300.41760742741747,16.25001188880646,17.25645263687484
0.3817260053406031,301.2030329209725,16.250720103750652,17.255700884345902
0.44564818965754327,302.31534011970945,16.251032158685497,17.255365413721275
0.8429599252920816,302.18203058405345,16.253507026020394,17.255160179975793
1.0452261648971124,301.4554807832729,16.253944835087005,17.254858573613003
-0.6213139009766468,301.23250471414036,16.25399378931377,17.254809778230886
-0.23324150085035633,301.67188373622815,16.25405816464789,17.254810820187345
16.689850032918372,318.7272273592435,16.435272252872153,17.16322376336565
15.77796768211961,312.923688084036,16.612678106851572,16.84415676019184
10.25544274713027,331.97114163784363,16.560961504967462,16.68027992601403
-2.169036255627743,332.35798647496597,16.165385971665128,16.856626598681665
-1.8146036414398523,332.4576278444506,16.16484088412797,16.857395390908046
4.336577885937778,322.5707574768724,16.91394000283462,16.710489458583993
-0.7812150794256567,319.56956060283585,16.76174574404733,16.66124174242369
-2.3652154648602677,308.89884802878566,15.930086738228932,17.76735538234539
-2.3950892026256874,305.7753545998429,15.71720650246369,17.923225335018543
6.705660430251481,325.21187971947677,16.698568564834353,16.720215226366005
16.790671751689118,321.5129660732305,16.56287438265244,16.802998115782422
9.6388037938641,321.7418122183896,16.264821777489487,17.063631082765458
1.5257672871545225,326.1492234291132,16.500048156997508,16.585658827639143
0.00349104833546221,325.49652807818666,16.460959105552377,16.49084963935553
12.14866756008702,327.7946633079862,16.60445732411469,15.994925745002982
7.678551533629715,327.838900421207,17.119665344436527,15.67584426226816
-0.9566781511064768,328.32966033214774,17.049565708171606,15.717124885943228
2.7704662135698985,330.0405452963326,17.431981232969246,15.465667123787497
-0.19220833675004556,329.8052976325238,17.42971421422437,15.315424719948401
-1.7979405481984152,327.47659907596426,17.207620173070815,15.406192423277387
-1.0274122400896442,327.02566252833174,17.193148420515993,15.428913935824497
-0.8621554932380686,327.3500570557935,17.19259321667452,15.429653145900378
-0.49926444576491136,326.85203932930614,17.188826800610805,15.437602792505354
19.57510469388899,328.841877243734,17.109145985902618,15.30780599006251
12.020366653429434,328.90760405435805,17.089446880664497,15.148884158728231
5.849537053209026,329.44297790740336,17.37032937059506,14.763049551449717
-1.1939253853753389,329.3548383701091,17.070689993003047,15.034621425212999
-0.8411288804206443,328.76745280860143,16.838289943117537,15.186774850512606
0.39933953174274706,328.2453669881805,16.829682258500227,15.222303460234176
1.6244591788111578,348.96101386227207,17.243231569099734,15.12845020277376
0.32519470253026483,348.54067131325576,17.61250460697341,15.02246304004504
5.595425850393713,348.7545668222831,18.538461531217216,13.958157715922015
0.1016162254119628,347.22007466959644,18.227677994925834,14.053294155236912
-2.1247659955908205,346.6355710830443,17.28153239130762,14.8499202670257
-3.9274091767570667,346.80765991149576,17.122928964058815,14.985198707010357
-2.3804772686911875,347.14053387597045,17.122319475701104,14.985975784355269
12.903578802313175,333.59069201823064,17.60205317414648,14.538870330523336
6.34126116245451,336.1992733514794,17.43592269153471,14.578895030511395
4.5035717847093455,336.0822265085641,17.435899997821547,14.578918862321002
3.9921234956665934,335.1628144616636,17.43581862771827,14.579356539686701
3.6006559276721326,334.6625474818461,17.435745188267738,14.579485902992921
2.2352316656500957,334.45979175495194,17.435233276825972,14.58063601935799
-1.6055523970308396,336.39969131682557,16.846234461880226,15.300347565318898
7.428884507359307,342.70767649889956,17.589191173729816,14.734284885497146
8.812843513883264,342.3356316577498,17.589275432334123,14.734374371339785
8.759663354096572,345.6929956928208,18.42475713891236,14.185073985981669
2.210655059787655,347.3811023526986,18.896284088247967,13.669365293453845
1.8617514108220412,347.00702858721934,18.91963103471206,13.65409194457157
-1.1471975359768578,343.91489511822175,18.598656972438278,14.045235160490313
-0.9702406791093843,343.2878046512108,18.517206759203056,14.20786026069558
0.789561507413012,342.57149794845543,18.52892748801068,14.217039527908321
-0.2523550266181438,342.4116505423791,18.528767598004144,14.217324999440939
-0.2836801762192138,341.72498628680995,18.528484638493993,14.217868061551275
-0.6414666877181965,340.66724552298103,18.51754809041652,14.231810931067038
-2.0381240599117767,340.2458589103193,18.513657625071623,14.234048098441399
-2.0762027713207445,340.20854453250723,18.513204661517946,14.234663963607414
-1.0232881713177697,340.1577960611646,18.512564069681552,14.23558689717214
0.09594774213276303,339.7347766184273,18.51194267040805,14.236285709538127
-0.33900751971206766,338.7708691983888,18.5094464729826,14.238606236375043
-0.35159438703675683,338.35082713867195,18.508108076537045,14.240023737938538
0.2358023948213841,338.38494489399443,18.50794777736239,14.240243908498332
-0.2657515261733767,337.8503219952614,18.507917315595197,14.240367510720517
1.0170029191149705,338.31996809646125,18.506503206894113,14.245067267415864
0.6397984986764804,337.9720829888166,18.506522642520544,14.245823959603323
-2.880546977777806,352.4071885083974,17.03635124496525,15.760283178010143
-1.1855004222904473,350.63160837119165,17.03599693213201,15.763510827604742
-2.1757146598173867,335.3049843999254,15.995969569936134,16.77785992064986
-2.4780822140894774,333.98453707092875,15.98360747951715,16.794487954192522
-3.846634228864941,331.4995676298804,15.838939944584435,16.95347941807635
-4.325834648881614,331.16588501735106,15.838596497126936,16.953700761814027
-3.663643095261982,331.4364601150582,15.837581581606727,16.954526720250367
-2.924898086496259,336.01806679707585,15.36943804921322,17.422188943678414
-2.335716499058962,334.993998491887,15.353576567110538,17.442824686212447
0.5387659190069591,333.8750030625544,15.39230952303192,17.408356514726307
2.2414675221057117,332.6195842684192,15.403619793015444,17.409047485107287
1.4085601491444448,331.941098429219,15.467025295354299,17.354503569979027
1.2117899625165318,331.40483226916507,15.469005173710375,17.353537283405032
1.911709375479803,331.1816542575641,15.470822379392414,17.3523985017477
1.5986334616887978,330.35476412788813,15.47177232604257,17.35270955619708
-2.438203660819627,325.3075597687974,15.24621504182358,17.654064647364375
-2.0489793199792077,325.0789308330624,15.245966152051006,17.654464986571618
14.904613389065748,341.45472408645935,15.974870058912266,16.879723267375297
9.74188454100452,341.4701272081408,16.288303829253472,16.57110689746935
1.7952580134283522,341.3813795162301,16.92124385034819,16.158441374975943
0.3379204668132356,342.0779615721295,17.2839708730523,16.09153890277217
-0.7987460123874044,341.7746634430273,17.269067928667326,16.1044588919222
-0.563609540584892,341.73502637024217,17.269399434572875,16.104088066896587
-0.07925090892438114,342.02427889634504,17.26955781784304,16.103991852009237
0.1091658239951876,342.08101237071355,17.269859986426205,16.10424531284434
-3.9160200006857995,339.9056234752049,17.10938664219687,16.25101595511896
-2.4418003788226006,339.6587978476356,17.108708457277846,16.254902370846846
-1.0345780341499502,339.88693097584155,17.108985590671193,16.25513294918985
-0.7288483332777869,339.1230501701077,17.108933707313707,16.255340883098583
-1.2214153306103306,338.43348330922174,17.108736107034794,16.255654900814775
-0.9936743818301697,339.0918065900054,17.107967136815933,16.25645373662455
-1.0287055228538726,339.91176064205655,17.107941553868336,16.256600812118148
-0.5126076166318985,339.05797771345567,17.10854987293226,16.256659297417354
-0.7272529695839562,338.2325827908225,17.105898860973294,16.25986220096469
-1.0827311851617925,338.2086718175118,17.10512999753897,16.260847454746177
-0.36184745187766154,337.9761138406937,17.103814749026434,16.26125427547263
-0.3143406661145214,336.6967655625852,17.102927543579007,16.265126002588083
0.6876810495811636,336.11915010274276,17.10414577180983,16.265408091668373
0.21399846910446207,336.06068651181675,17.103766026814593,16.266070729092977
-3.425291308099525,344.7751893928294,15.950353050399814,17.199165568263993
-3.054950656915655,344.8720198467759,15.950434398998718,17.19926320767711
2.3579954564559706,349.94993560538495,16.15733617097373,17.061110904936534
0.6132976959373586,350.1971973374417,16.421283322031094,16.80682439372392
-0.6941097468214856,349.09839737657666,16.421196903303787,16.805593234063583
0.0751621675179539,348.6283950610528,16.421230631235016,16.805604245192512
-0.2071379540632865,349.5151809249495,16.420761139347295,16.806391982044435
0.7478014663828141,349.6849149299368,16.421857516274308,16.80806552380298
1.8533659168086345,350.3442989439966,16.437570541997374,16.801288472016992
0.052682001849216675,348.35026319271526,16.49086341120759,16.800693916992927
5.3008661444355845,347.4420120950509,17.726955148007512,16.18643906657579
-0.257581128258801,340.71988016508146,17.62561563120146,16.35714144885353
-3.5796027654834575,345.33017517866347,17.107957226421036,16.750443023252032
-4.2213912130454805,344.32627765612847,17.104906590493446,16.75378107140436
0.5039377350256444,353.7095531206645,17.269612769058227,16.606599649168153
0.20922061947210402,353.9528493157337,17.26982647633108,16.60696325935778
0.8245260586131309,353.84981961212736,17.27004674428926,16.60710216402703
0.802654363778041,353.1561301501473,17.270072567081836,16.607134939496284
-0.18491601288312864,351.87517657017395,17.26656143918622,16.60918687674092
-1.80235571658819,336.1233055129605,16.342942082558256,17.730440740435466
-0.6442352405165508,331.7496077908132,16.134837784315124,17.55878692172965
7.542530570098691,332.1592136241733,16.854651805174484,16.926707792374344
6.618887712146988,331.8587315131998,16.854673231221934,16.92670442828083
5.932945655171711,331.55962489272065,16.85475990273627,16.92667461151133
6.631887343566175,330.855341953736,16.85524548060585,16.926262146470656
5.889623760660619,330.2102948125454,16.855671946992217,16.92590061067565
7.065849564715451,328.92845244806125,16.856395502151596,16.925533949949706
2.7751216752081156,326.5753459117554,16.920205445289803,16.87889935105265
-1.843451254752491,328.01847773071904,16.862478067601153,16.939209685827375
-1.7527683117103763,327.5599846851885,16.840020533772744,16.96975174469619
-1.9296415490915066,326.6516267024213,16.83784436916504,16.973179021570935
-1.8672749411206109,325.2828247280709,16.779524205603334,17.06114217170299
-2.6469388591188174,323.52733465673174,16.7657096322751,17.077997425007545
-2.31744511031029,322.3266939827084,16.73995967537994,17.109008520826485
-0.3921173258537678,320.12852838627634,16.752126162283545,17.09975490152624
-2.328570347449274,321.4092068845893,16.627211351287546,17.246831532982572
-1.615290858947617,321.4772084636596,16.592072261826956,17.290751208880646
-1.0854696081529323,321.98282086111067,16.592008655806435,17.29103070646673
-2.6544018788674215,321.7158175638463,16.364962594665833,17.56413510482656
-2.680697019470113,320.0010275267436,16.36382763325647,17.565610539978614
-1.6679635852115506,320.1956622268193,16.363382317778896,17.565984659943982
-1.2517067071339127,330.20198683333604,15.575431679992008,18.47592570264782
19.992571586206303,351.036023520296,15.021289003223687,19.09274917931384
24.868284841476825,348.66361095953,15.075218518378442,18.90074139603013
24.47142385149927,348.3140941224845,15.075263764362909,18.900714630057717
24.04730984351982,348.9217951138395,15.075806860487672,18.900409478669474
23.908093968548563,348.2248374325876,15.075915496511884,18.90035697427562
23.646270075349065,347.1882199573826,15.076037925664478,18.9002324352447
23.5153553302881,346.9552073231983,15.07607433879438,18.900217539381032
22.783756020793355,346.1356548602599,15.076110416394396,18.900188654260845
23.578068831849503,345.5500711267819,15.081261258744382,18.89658350101566
22.594769014258862,345.2655335138908,15.081699642857552,18.896167876826244
21.458544622013413,344.26018365411113,15.082108537059142,18.8959568469501
20.9423465147962,344.0907474424109,15.082437094976537,18.895781510579287
20.687839225639074,343.85709300256724,15.083226470730368,18.8949618878976
20.764108137925263,344.16197289692917,15.083805885633243,18.894691301673102
21.243503644358434,343.95881019277135,15.085539133764671,18.893319211190406
20.4534083271866,343.2187037334409,15.08572638733288,18.893210960951706
17.934368656962334,343.2466903564613,15.08765241128361,18.89162475534726
16.793949728290865,342.6051617631062,15.087813665309291,18.89142421920277
16.19761139439023,341.87813632330557,15.090655976802577,18.889002582744208
15.179682287615494,341.14736123941617,15.090712779677002,18.888929081852304
14.560116816882074,341.0240857519836,15.090901336423993,18.88869305999521
15.783949581074026,341.20459967933834,15.09111726822991,18.888547249124308
16.184997431849155,340.9657364947046,15.091324463656118,18.888382024220302
16.65377361175732,341.1004108031269,15.091393637710487,18.888323884413037
16.469537733257447,341.0326952557867,15.091489050267866,18.888204256613665
16.349645954410235,341.07513674211754,15.091559386173886,18.88812309940211
17.14729861375462,340.9836201188404,15.09160945898749,18.888059475176405
17.033173178180004,341.08467318994445,15.091696223529288,18.88800269264758
16.755714567579876,340.64292721676253,15.091786291046835,18.88789458284002
17.255865968278556,340.7856890899597,15.091912404673279,18.88777668089561
17.503928782870513,341.0599724796918,15.091982866664447,18.887722300628088
17.35150428678934,340.7795795454501,15.092215854598201,18.887463058885828
16.880160587786897,340.7572944114594,15.093437040330443,18.886394117417883
16.168061727627805,340.45064479414555,15.093903314382452,18.885978657068833
34.457640964334814,344.6433041739342,15.705456816066082,17.91453547732544
27.299019851191055,344.94490406753096,16.26953856566904,17.239708579889108
18.855501569875177,346.745105282125,16.812582895024427,16.540451370503913
11.021440597829846,348.28297237495485,17.11535888422007,15.949271952452825
2.522720764690444,346.3314729557288,17.219179013145357,16.083251187175655
-0.14310654463264427,345.8263065731871,17.224357057847442,16.42862118370443
-2.38965275947824,345.274212251057,16.628855527730284,16.87353268687039
-0.5102027866484793,344.95794735535446,16.628922266412193,16.873436600418206
0.7302419309251391,344.12987983874217,16.635575937344058,16.86773596317169
0.22540218514230048,343.3263276908734,16.6424995485539,16.860915159536244
0.9859008034454941,342.9662556098497,16.644249828579593,16.859752282322766
0.6703165963211397,342.2537612758072,16.644484540836267,16.859707500281175
0.9228116776016702,342.2617715575678,16.644839603609373,16.85955386456259
0.3731290323788823,341.5598211280235,16.645167366016924,16.859373379046723
-0.13982896358070462,341.7332708101709,16.631248977786257,16.86568583487751
-0.6448644488854178,341.2008864097413,16.630781012734367,16.866951251146496
0.020545676729645024,341.43282653112726,16.630810528235504,16.867303423335386
-0.4369257324109288,340.4682942230604,16.631537841393513,16.866098678926843
-0.08800824474388769,340.5450018576561,16.63156286857713,16.86612837044889
0.31830181789144874,340.3382072314173,16.631662386422455,16.86620268099568
0.321571055555804,339.5531820220639,16.63170243103412,16.866369276307722
0.9988976802494545,339.7942244239026,16.632854340261932,16.866162663862912
1.6288031865480868,339.76211298244397,16.765568881367976,16.831986898577863
-0.8280907994770672,334.9259913527193,16.943222801141673,16.935975687202024
-1.6288903292887618,334.3865582880504,16.954147341226182,16.91344835531229
-0.24522142881709108,333.9394513714752,16.955780268203373,16.9094153637215
11.149694001561958,354.8214506592634,17.17705399118551,16.78855567364306
1.0119656820972285,354.5462432156784,17.14871958397239,16.949194390559395
-1.8401634518442034,354.76397293517573,16.89716587446878,17.268597319671414
-3.266015615413867,358.00841952364453,16.71307379772322,17.43779139630438
-3.330265016466667,351.33424339572036,16.333269553602317,17.755135885429134
-2.7458054993638523,351.62661078202495,16.33225239298525,17.7562539742244
-1.35277619852093,351.80494495419265,16.332308245568814,17.75634544629714
0.15458251616603746,351.44150852329847,16.333581073458063,17.757945592993835
0.040824870110631295,351.3462904405602,16.333507369277715,17.75819744839167
1.4989423129350339,349.8662081276139,16.337250625413578,17.75571463623495
5.1664527300628365,348.1163863110083,16.848102193349135,17.459604790442338
3.9322816624823513,348.61196821024413,16.867379835330784,17.4458547655073
5.479781397019394,348.6295313031933,16.881512179306014,17.437045302463975
6.762375723751447,349.0664399402062,16.892498500283438,17.431119459292987
7.51166191837684,348.9548362582232,16.89587720947473,17.429317441487832
8.667303934141875,348.79691857021857,16.898089767605303,17.428135679492765
9.232507540806608,348.65703351955847,16.898364784271564,17.428119551679455
8.898914321306066,348.636777289794,16.898642959112493,17.42794224480135
9.025967658184417,348.17876431964055,16.898797779038652,17.42785385481642
9.419022005014693,347.91627565598947,16.904638238324573,17.424369547005867
9.416976509887885,347.5320084710091,16.916781668938377,17.41548041595196
13.231829310565406,348.1849301787656,18.15663726295687,16.558348008272354
3.969693416694657,348.8328475752798,19.4486168754054,15.843723888099346
0.21720211596369943,349.7376782915484,20.10053112512171,15.052576969531625
-0.24065362450252792,349.74628381660415,20.101185840974665,15.053321155557018
0.15566784596831695,349.6642644472713,20.101374380536058,15.053877407020947
22.084667076264367,358.5782184364922,20.6422749983131,14.346010322133958
16.810555358792758,359.76078060415944,21.03663548007028,13.873518471235492
8.383899850981784,360.02107919645596,21.555845772425627,13.513935634910917
1.6743449012535834,360.9309683701106,21.68674194202363,13.327644989017736
-1.9950268491986236,361.63807536691684,20.733933852962224,13.987562961042407
-5.241113283552284,358.2865182005689,19.62015398195397,14.945699819525686
-3.7338536297383946,357.91539928119573,19.617711529032,14.948780398807733
-3.048060972488827,357.0522265256217,19.609028736619962,14.957855893285544
0.4476840285352406,352.7042466585478,19.609094425337208,14.973945021964562
-2.581639255432952,349.67551613019424,19.243317298662998,15.229823265408722
-4.27198682558476,348.3273232304566,18.998114793016295,15.440601679248662
3.0722449679897963,342.30883863943075,20.103136847346676,14.85813745828523
-0.09495424434058819,343.5023805736321,20.081702695255736,14.770996798577002
-1.516117011170559,345.42339783824775,20.012232374347196,14.82988313726556
1.3181823085196633,343.55545470928917,20.063229644085403,14.961532553981009
1.2934648269141835,341.2550973056594,20.47770622087516,14.667786683139937
1.0918157407125992,339.6103662223028,20.65431261080381,14.573289556487648
6.469110464206993,339.2325390171964,20.910324207516194,14.464774726702576
3.3934263500234394,339.54434445879656,22.267215449951905,13.746157407392767
-0.33058280070854096,340.01621222016155,22.551479765057223,13.51800085795605
18.419295054954176,336.3698829089131,23.26629696022593,13.274503779769306
17.47023249078694,338.68191482517216,24.364091688093485,13.077921598557449
9.119308756683235,338.67149966594343,25.267773834950795,13.05337819782931
1.5833527151953284,338.8036567640753,26.387000561786472,13.007585104828397
0.6437523056606747,339.57975053894194,26.552930359012823,13.556510874492107
-2.794857627169412,340.5889729011771,25.35104484747573,14.52060341961404
0.5550091018795609,338.1204836478032,25.5996184267313,14.450648714081575
19.97745532824019,333.3281853736482,26.468879263804965,13.947620712525904
22.53087276637597,332.73869836598254,26.986013465597367,13.805505340917168
26.369191773191787,332.65245406593124,28.177276300354407,13.346886133860396
22.65018288121758,332.6862406934998,28.223268613569175,13.336258679504509
19.47290842116096,332.8309097974466,28.244896982382375,13.402887665452761
6.005521388742885,333.35569562748555,28.89443278122731,13.320060368682885
0.6832909833904868,333.74546157022,29.1333292837656,13.539359874548534
0.23866266131352276,334.0476780892198,28.868181883768223,13.745080261288717
-0.849684395117233,334.1303544548085,29.149331110040684,13.607718487833374
-0.14655669693493323,333.8033061404965,29.74777089075433,13.65208225017019
3.0298678482375188,331.308763517734,30.130711576257816,13.705036972013517
0.6204414352965202,331.23976249966915,31.169428770578534,13.400921972754329
-0.0024198156340347055,331.2226393325949,31.406083737039253,13.372932586447163
-2.2021892711812647,330.99267202804,31.161548208131272,13.5569116973385
22.529860728095535,325.2988757208499,31.63365121250736,13.672782471813875
13.323611258179952,325.2809836810501,31.78120607580044,13.717975836563964
4.681577359660668,327.3236880031792,31.852850548254047,13.96442439674298
0.42089683748517004,327.1688319723336,31.44106416218512,14.391400528050992
-3.143189054241148,327.32183937655344,31.40471139043146,14.416899452283054
-3.332011719156707,327.3121592958866,31.348457764679004,14.444857537990794
0.881990989570328,327.2312911634842,31.358824959224446,14.44346535228275
2.7001397347131366,327.39564886830493,31.50730606390953,14.418910626988355
30.107692987971745,355.75809529517943,31.552173464863017,14.759104137985453
28.473724529930713,355.64359872821376,32.55992561608302,15.046070328948378
23.265937003296873,355.7583184421827,33.282015409340936,15.501767338426607
17.236587474789744,355.86799641304117,34.026386272690644,15.952672541347741
11.854997493981756,353.51814839097153,35.0891315495532,16.22499899091302
3.3797464686516108,354.77626610561254,36.17633613775011,16.476566753769703
1.7146425347545424,355.2272515713824,37.05966128078229,17.009483827486683
0.9640065810499365,352.6759588241304,38.265913740388,17.046376420379218
1.0021934405519488,353.2448650733991,39.0083862471225,17.356446812543137
-1.2614021821687658,353.3899343074482,39.11703892215988,17.649298037133043
1.397800973001285,350.96319497903306,40.11153744656709,17.65175254311488
0.7812175756355764,350.94335106489496,40.50590226127989,17.688146271570314
-0.9850841663024852,350.8232100523334,40.392902803642954,17.876454864390894
-2.940923786781923,350.15799862410006,40.115501329422386,18.073677909875848
2.9415970067716657,349.8889731827071,40.22729842639724,18.086593513960015
0.7131623643960339,349.9216947349238,40.42190679729963,18.082803546733636
0.25528110373119617,350.3753330282431,40.42420441479782,18.090571625431625
-0.09305682771931956,348.3576709694154,40.20165649229846,18.424389128401994
-2.2572621365434102,348.8203027991219,39.78748478877965,18.534960854311468
5.575236010943932,345.0273440572148,40.989601607208286,18.412593483236797
1.9632252530352652,344.4093285311744,41.996201114511216,18.23758530210994
-0.977614290632804,344.39983964116357,41.86746798566083,18.302194073590513
-2.805863272270546,344.2855724258651,41.09744369399247,18.502528386316282
-1.9242240510819713,344.101708913558,41.056384241941245,18.519184202214962
1.7545125411814197,342.3354896465236,41.064378605784825,18.517939197846893
2.685239970507702,340.7502054841925,41.092260213921506,18.511093105242217
1.8164168801772682,337.95820875299927,41.457285931211096,18.36753320001396
39.4120854864877,376.01039587174694,43.17483848909804,17.632917568475687
35.841583370284134,377.1613660340805,44.03828773264409,17.37207083168397
28.198930542114837,377.30259458959387,44.99772573608962,17.058863699318742
24.160416000699662,377.6870098098018,45.53248129749663,16.937924839961404
17.59088583751838,378.66894883254656,46.36785166719416,16.779174772796793
10.075145045997182,379.47072272287573,47.151871931266825,16.654805539997593
3.7537617713798674,380.19280618083894,47.61470207150487,16.773991447328623
-1.3301621062365108,380.3942352829665,46.76532170021175,16.855894361962367
-3.391327741611601,380.93794924225904,45.51173553626955,17.298725694971793
-3.05172881902093,381.3415284605796,44.83564373615924,17.71112645098824
10.03926721021076,374.5715623497125,45.131001912681214,18.023486231621284
3.439155959014471,375.2429064260265,45.810362789402404,18.158231998899975
0.9374121800208997,375.69395571011717,44.99472850977358,18.57410668682974
-1.1584122754823056,376.4831341650149,43.70476044690304,19.08641607113213
-1.2311592176297026,376.82841641597315,43.161397371854875,19.510497884790343
-0.0442191584099092,374.18421246555147,43.194341603772344,19.52006047542251
4.026067033844292,374.66992560445203,43.34471331869021,19.503400828747743
5.04074429441777,370.5836985538656,43.3724061646392,19.493212946888463
8.421468387270874,370.1878298269876,43.42644727107777,19.494523788744164
4.186799850434053,369.9295110955848,43.81212135799604,19.495637281422564
1.2608434895565779,369.81933797367856,44.27484722062013,19.584397405702454
0.638428396323576,370.17823963826595,44.403439885914565,19.83334773816017
-1.9943326892878126,370.8236043333075,43.91301923563466,20.433732940629294
2.440575151277951,367.43201565404604,44.09714718853633,20.42278092750921
13.45260767752448,359.81638861807136,44.82305924785968,20.19462051734187
8.56335508757579,360.2946234668386,45.20769693508128,20.064519509344407
11.488218596833025,360.41378745753553,45.21585098575016,20.061779825198396
11.32060148746308,359.6837969255842,45.22955834925972,20.05668909173013
9.880927740216187,358.91153557898235,45.2349634685704,20.054913638685992
11.543357411086866,358.2854822086061,45.236898274320495,20.054445577993484
12.070981987139543,358.27745233279467,45.24187234399401,20.05287946502124
11.70365844557588,358.046840241599,45.24034955245322,20.054242845715756
8.991003772915441,357.3634962910241,45.24041504325139,20.054257158112804
6.714959116600138,356.4282974294659,45.241181895707435,20.054113189449094
17.97052825565531,351.64893018078527,45.422836510053145,20.07530629734499
13.007690037570207,350.68673052784277,45.661445914363,20.161314180004666
2.2332012288367658,350.238433732957,46.60615831881719,20.031187126732657
1.0062718581048635,350.3073284344142,46.76545615100975,19.88694796993398
-2.1698607092563797,350.4845980478712,46.4400922917442,19.899917959090157
1.1953248439330153,350.51974676665174,47.2064596192033,19.69025535510341
2.963464512830228,349.8091388875439,48.55622192264423,19.363803681487774
1.3892461951128894,349.8544191100735,49.79474561423888,19.277967202550293
-0.8479227187010743,350.13632305671325,49.71775716699498,19.626361429097983
-4.093006848297261,350.54883640789836,48.759021865548924,19.994621741689055
-9.474488946837639,351.75140941857586,48.380945260627726,20.167373507428163
-11.914281631025869,352.79183934345275,47.683207669104284,20.62647785674048
-12.60474073320254,346.0004456686641,47.441575624357895,20.809289429645478
0.7072902496525764,354.4349290706445,47.61261482441915,20.68111966853137
