567.5,398.5,94.0,135.0
567.2196954506343,401.417076593418,93.44307285940549,133.40643309398675
565.9542731252362,401.8890042731644,93.10534384458265,132.55750406196088
565.4228825697453,403.81914996019987,92.99714223709671,132.27056740895938
564.8479224150346,406.3146855098879,92.88842285325781,131.85958540183782
564.1204343512354,405.84120591924096,92.88603096461328,132.3567457309265
562.3734389379442,409.51561859336846,92.88827941868306,132.48421490018853
563.168766303685,408.7924553752215,92.22258023405745,132.497785627788
561.6627297121496,410.8637232469893,92.09820670272693,133.06138086569777
560.6277173646678,413.3827887523291,92.17757275682905,134.0831215286022
560.3896398905765,414.11035375714283,91.99454229546568,134.5016667461399
559.6248449703088,415.11981958572653,91.96101260532322,134.73789422860568
558.8707843355276,417.24454820709593,92.13088562201715,135.49461774911148
558.5526869935594,418.4946190000686,92.26332449807677,136.5663951275522
557.1294521752566,418.0202392111213,92.13872003037352,136.49667178193914
556.3527275052769,421.3127975832341,92.38991254774663,136.66792558214706
555.5693520890458,421.71911569876045,92.44133688027,137.0112793556339
554.9802893992988,423.33066111238537,92.64746481990261,137.3368924373043
554.4464260501569,425.0514622705453,92.84715471160307,137.43946526899472
553.7322992910207,427.47608876763286,92.94586463932983,137.8130640280544
553.6974145876829,428.3573711924672,92.84864878754526,138.1557335629225
552.9368443777239,428.2033420591233,92.6945899372148,139.21137974884545
551.9442862028935,429.7670586015711,92.96047921129882,139.69682403287692
551.6386841296954,431.3503876643988,92.86269034002153,140.1295044387157
550.5196753124842,430.8580440698113,92.72173902035767,140.61027256289202
549.7481478377897,433.2169838295951,93.05808589613065,140.2806338575334
549.414287301489,434.6459236837487,93.111197310014,140.70888219335467
549.4578995558819,435.2239775537817,93.12431927706777,140.80563225758704
546.4880799477712,436.0969692746402,93.57108387094415,141.20856053042388
546.1235928307311,436.6191229547949,93.75597659591114,141.63796239576914
545.844742108324,437.0621359824155,94.0703258063617,142.02159562130487
544.6036847884695,439.2072415037846,94.73428956811802,142.36337358079444
543.375137174929,440.8911428240412,95.417512062083,142.70516542842515
541.8201632529826,441.92423800637573,95.50208120190484,142.52745608468348
539.4258427567834,442.74469146177375,95.86996919213652,142.99404591232138
539.8032204402568,443.572978342972,95.98579133936119,143.56803698261217
535.7334749907008,443.5874037040164,96.0472630963225,143.81694789868783
534.7465224654079,443.42135788807354,96.10284582215525,144.04185417425475
534.1361118248769,438.85045939417984,95.57316606657342,145.49814910973498
532.362162860689,439.952876152238,96.28029971081546,145.90994066419063
530.7462157942234,435.526500210619,96.01118652524967,146.5630265241741
528.0963362859849,432.5258605776427,95.98922827945874,146.86707354372794
526.2009166633752,433.1629000857527,96.62730415797887,146.14790435283282
525.5897934736262,426.98109975710776,96.11412983358892,147.1141184592194
523.041123414227,427.059969813089,96.58656102828476,147.40579072294543
521.8282898500464,424.8003792177489,96.53006878050122,147.5217956059474
521.2421017718885,419.30465872082846,96.08920374113843,148.6364789780232
519.1990119644328,420.6354737019501,96.78651168628065,147.92609670788806
520.2412915051392,416.8866882590095,96.24834933719804,149.01959149437357
520.8103959776139,417.5557872410016,96.80807454294442,149.0744987988677
520.67830090465,411.0018459722387,96.42148365344912,149.87479275912298
523.0992126325037,410.4204680771745,96.43339564467149,150.1150652838515
522.6658191733345,408.6798561945937,96.84350467914635,150.73555458627504
524.6060011781858,406.61671164970824,96.60178369579569,151.20271429486615
526.3188236497912,408.6740127150017,96.78131186354706,151.37068777157901
528.3434558231107,407.82515865488665,96.81208654126088,151.88101152481994
530.2866022176324,411.22475309923027,97.36276827766925,152.58639455080566
532.3217484855655,410.7949980725348,97.91580538123782,153.47998879760507
533.5264530984122,414.5738688492815,98.42276011008855,154.30023319839628
535.3856500058911,414.67630313923905,98.67769178608225,154.49900405424933
535.8647413146729,417.15802058863204,98.75442711914897,155.45528932834543
537.5413359849248,419.0783514507712,98.87238626955083,155.88484645324922
537.9979040193862,420.7905093196972,99.22593401753772,156.85010238211476
538.0015695417164,423.58957490703176,99.41383660103115,156.98874183732852
538.0315504646791,423.37618862230056,99.98964853306755,158.35600852691186
537.3256968669573,426.9616824985626,100.4546013325494,158.4459527430767
535.6112768228311,429.9664142896495,100.98677632451879,159.9051938613729
533.2159412113843,430.0505544985782,101.35076841304333,160.17095801324626
532.4083763734714,433.01881486509546,101.54810672229232,160.51563435128725
530.1198154852801,435.1049749586253,101.98434648344643,160.95565032298
528.5047665952798,437.93894029141336,102.3628150062451,161.35236351726718
526.369759499312,441.5678837357607,102.93679262095593,161.7691840412922
524.636122664423,441.52088992782114,103.20064946639293,162.8777246080304
522.9342594205501,444.79787771435423,103.60522377060596,163.45205447014487
521.3414458485526,446.35914374318264,103.67131165373692,164.0150132591219
519.3249218767817,449.2850124276932,104.06061369807823,164.49896448110428
517.7573077514942,452.7398690577824,104.53013936724747,164.69324177573534
516.0711275082521,454.2707638966642,104.52963679945626,165.440551533778
514.0153361188975,455.9288816612334,105.13695999183109,166.8529465473948
512.7569204974791,456.9965771976188,105.31501846092537,167.91561312614377
511.67747172613485,460.41714829648396,105.87626607170614,168.4550108225175
509.56737382407323,458.74275388729166,105.96867142477964,169.42778159356936
508.64820241522466,461.25344361578453,106.58819820053026,170.30025293995882
507.4356852088068,461.8897711469361,106.95187511519711,171.01939198700018
506.6897145156865,463.7596398444649,107.35941715890074,171.67447003688883
505.59317327388857,465.21389862107344,107.76528429043817,172.23268999244556
506.25519095590283,465.9562700865412,107.8284364073362,173.8221999053668
505.4266866250759,467.401432458336,108.06004290453087,174.45245187724657
506.47504450224335,467.29964167472474,108.22015974983589,175.6681849241902
505.0388930064517,466.2007032521609,108.7911741366828,176.65610190470142
504.59374240253646,463.4924384264406,108.78426409087018,177.72094078694658
503.8420334362154,463.15058975087237,108.86429342316293,177.61087932851646
504.4423284181792,458.82684996382386,108.75033487650981,178.17575354067503
503.5995139410902,455.98470921273065,108.96257039044121,178.88560019026139
501.58054827654814,452.86729242843626,109.29125961404134,179.09719748413096
502.3693511332445,447.35901508112295,109.39818082096724,179.44347267588893
500.28051297632777,441.0252842951679,109.82666227434233,177.6507568262291
500.1349875763497,434.9581168559943,109.98274918934871,177.42016536638047
499.60956963454686,429.0747623359867,110.02526509900882,176.62530233150562
497.5645972770295,423.7663179683253,110.30010747525262,175.81253980645238
496.97258768880374,416.31154743520267,109.90914114755375,174.8284985286425
494.80696284543467,406.8361033707576,110.06860214181762,174.38585104351895
493.73864674805463,401.691116895349,109.84689908000107,173.69631273334986
493.57410217423444,394.01161219303225,109.77457773736703,173.33842798820305
493.65603531656114,387.71451318824376,109.47825070952477,173.99310325455497
491.36746176564844,380.3032012660608,109.77512389701303,174.0097502312451
489.76074408479417,371.708473699582,109.87584282233541,173.9799441947692
488.95532797426574,363.6015512994481,110.20523597745913,174.42103623319613
488.7264977831696,357.1310953050435,110.32664119669708,174.8621618450521
487.7412136781417,349.5516504987793,110.84591808404464,175.57375340765384
484.9198507712306,344.42880051627935,110.89085461029975,176.33053792923323
484.53917285649294,334.5336900374132,111.25468834790959,176.62740218225366
481.94972562437636,329.09353409376854,111.09230855066815,177.58721236055857
482.3027659913988,323.4224214856244,110.72701445249896,177.90480893762572
482.33548566488554,317.3788447119715,110.7205241327359,178.16462140521958
479.85734690569643,310.2057512376101,110.86297652065156,179.24127138189644
479.07380754594976,303.83139515942855,111.05936191414844,179.87600324498564
476.67035620493317,298.3772463131105,111.28459526558473,180.73749269482386
476.9312815661166,294.00722302968114,111.5269436809056,181.35438748250783
474.110326751357,288.36954896457416,111.70606091387936,181.37390103325401
474.51279682292807,283.75102133349,111.77729396896032,181.7930031856812
471.30732392152925,276.7958118806543,111.86868448916522,182.2882142284985
469.02750427822934,276.4968367798966,112.67261198186537,184.65859699570296
469.64410564150154,272.82964771681804,112.88856792383913,185.3332823575779
466.69748232722895,271.0472590573555,113.50726459129423,187.83585245451815
465.4388106434321,268.46052224369646,114.31365746507541,189.84133992727993
463.11689862926136,265.0246199371007,114.65659581607918,191.1799571510977
463.00958877571884,262.0051225696758,115.15613874880543,192.4713560988991
460.5749025815212,258.0297296926091,115.63466774578222,193.21974546021022
459.09395407546845,256.35373835026917,116.24850772625638,194.59505835652953
459.17220739091846,253.47486976751688,116.29127191001349,195.36922065478558
456.44391134674595,250.6300777025074,116.56283496851229,195.90934113124007
454.9540882767197,249.79399058429283,117.13257615174723,198.18783938471714
452.9516517578533,245.96780324509947,117.75298182612241,198.74933176177325
451.2434289624978,245.21895167138362,118.39302756598812,200.6487024743123
451.35552881119753,241.93743891613144,118.33391175378156,200.97212494221412
448.82496813432925,238.2155997364445,119.07346271109478,201.32081781651112
446.301744972082,238.18562129540663,120.17337464037135,203.3273422339872
446.086026142907,233.2603184498258,119.96336558908854,203.65875904422847
443.70988235015824,232.9960914718936,121.05678390807599,205.18811684492624
442.6260240443837,228.90512777277627,120.56788860022203,205.01361228210135
440.8154122086525,230.10015003167425,121.47544321002358,207.1943399353259
439.0913295278989,227.24014092310279,122.19052007818364,208.52176190765684
438.2183492138918,228.2987943004893,123.13574904726222,210.08864733351732
435.53796728237785,226.88790855918143,123.54219677106897,210.61787182859948
435.4946787573194,227.57528433520557,123.89140845615759,213.09848340712068
432.6396154980983,226.9395802218476,124.50733627083389,214.18442123159588
429.36399250486124,228.70694163760717,125.2914614191427,215.18848862605938
428.8648340930053,230.69382199158468,125.75779677465391,216.61297754426403
426.37414892874597,229.50328505493337,126.12738645970947,217.49440594599378
424.79735756759976,232.4241886235186,126.78554514979058,218.83730740409916
422.0779630998327,232.18466317792405,127.39962037835444,219.0417241426375
422.0320904969894,234.64971316173956,127.94505027165557,221.0680798825565
418.7653973618733,233.1171131250945,128.0319519761529,220.55658761308842
419.15466586138365,233.09049850644223,127.56023951226356,221.70395511504904
417.50960286545217,231.5999759991937,128.09632764707095,222.40274376472374
414.3856522458057,229.9531717106926,128.07829298853665,221.9860688238884
413.0424741970988,233.79280241508187,128.5623878764626,223.60408486567138
412.41382171214536,233.26870447367043,128.7297528944728,224.04096478284183
409.32412886859913,235.7678280724613,129.04293336611119,224.48422206371464
408.39513160691513,239.52409144510972,129.08578037036756,226.33367194195296
406.07164108487945,243.44674863981174,129.4043193177287,226.33473873998787
404.49884234972,246.3386406975915,129.67936067194347,228.3494298899313
403.6496534532451,247.109819010416,129.95627569061648,230.02211418644717
402.0071517755524,249.3467946227036,129.9078807038693,231.8407335528449
401.93114847398215,255.48120193425035,130.19674231322784,232.06233164184857
401.1866179542817,257.0250668950914,130.86516791466335,233.50263402302284
399.74311900779946,259.7419553053412,131.44152714147475,233.79296637534435
400.4935389140986,260.4289345519686,132.13523760467916,234.49713908097263
397.53635174457384,265.26693485048975,132.65355910635688,234.86082087223593
397.3641273389963,264.9547519258298,132.60571103702827,235.03913417028645
395.7749406192996,268.55215132028854,133.33928266901802,235.15716344533365
395.13784417915684,270.5926072326382,134.51561844655188,236.24948560653525
391.4298011241261,270.9341179075493,135.1093092319064,237.01926810688704
390.20134585890446,276.3741136637361,135.5982477221732,238.68916043698158
388.21673932871846,276.45739278467255,136.45804262878247,238.00068514999234
386.51066667791974,282.8622240728488,136.18203037193877,237.561731039216
383.4210793904217,283.94751705790463,137.37591394275393,239.06384571264385
381.3627322175979,289.49510073518195,137.49437520849114,239.15374839593102
378.97738847473045,289.8902363717508,138.2166141316041,239.23439939023018
376.1834629365003,293.5256216330822,138.48838559151767,238.8261934313187
376.0496647113914,301.040612827507,138.50344002284507,239.7163808727913
373.5371557234994,300.47377493277577,139.7230333083826,239.59377099483436
370.3958038111911,304.0396921009779,140.16473752972763,239.27904528956412
367.71887115538374,306.8012043618026,141.09597968384116,240.73833869241423
365.10112882310307,310.3217057698351,141.6314077955156,239.94990412128334
363.018947048222,316.5144384898339,141.82277964033693,241.29718957392487
360.09849194293946,317.0108860647683,142.4930284014696,241.83642216205507
354.4512578648347,320.3929691457689,142.90218256994723,243.21283903838386
349.6066367724007,326.05552147592607,143.53583507891184,245.23063370057935
344.81627619717233,330.3198484614716,143.92023951031345,247.26276406939306
337.7813326438213,336.8818719649162,143.92092610126838,246.8936761689493
333.14718286413347,343.9233425637301,143.8885702956539,246.93522284821347
325.71185970730164,353.3879145410647,143.86689502270855,245.14588945567817
323.23928026809824,355.5365243762873,144.6132643045578,248.83589674827616
313.18948018122387,359.8301042029522,145.46618898697355,249.30556273276366
311.61651605864233,367.11659526157837,145.30056375389557,252.65042538785025
304.8013776942149,374.3099319194838,145.23001574520168,252.20341309804024
299.1815660690952,377.53400404793297,145.17242544105875,252.8973706058209
297.1994777521019,384.36765661513573,144.56787791961926,253.99502671409118
292.9102869655427,388.09449990104474,144.52367228875818,254.03647497274804
287.87959583114736,396.86409224668967,144.93391339086187,255.56542458931943
284.4260124370971,401.4759741149994,145.46108197187016,256.7888568594749
283.57397427817244,405.31923245355597,145.4262741983422,256.94465633302707
280.60188947625306,410.38629382064016,146.0536494067342,257.5251866139954
276.97431983864385,414.8956264418372,146.60913696381297,257.37959494948217
277.125401436293,422.2310726359275,146.4852987510386,256.3158049554056
275.2928450848343,420.4630000822334,147.72651013445216,257.9570257797662
271.11465008212537,427.59658602232395,149.13465604502144,258.44540523778085
270.5636318888972,429.2824551748209,149.58562010815547,257.5371321465626
267.1406561666779,431.9588445611779,150.58018548234253,258.21923448880835
266.06835920530426,436.33149940023156,151.28612486312053,258.8734609435134
262.3633953895549,438.6089331959157,153.05361074504654,259.7430036953154
261.4930005906233,442.05741960424416,154.15544117352187,259.1310998674585
260.7112461741526,446.0563546759243,154.95923057506292,257.596526614357
259.53300531754996,449.90745617214225,152.52045901144328,256.1985710012241
258.46559488530136,450.5914638899999,151.1707735073034,255.23225844636818
255.79680290031683,457.31182747843536,150.2804636479268,253.72428864712168
253.2300468147358,460.2758463774847,149.68777047012037,251.6036327173855
250.61590478806357,467.6954736988218,149.06061343002,248.3203454056439
247.58512134144377,469.37930324108135,148.63119636024695,246.96993066011404
244.38787462870224,477.87610323358507,149.10519427562866,243.11569110296307
242.4417907144574,480.632557768655,148.62442967003633,239.09888257775276
239.6851989739243,484.7944224336482,148.51281294587181,235.0620761794374
238.49331963256697,489.3078770308336,148.28969620896976,230.83385348943065
236.07738855814483,492.8306585270198,147.8158876195938,227.78818797706927
234.2163822700539,495.110544003435,147.85038159912648,224.672318682297
231.92114277539457,503.22544769448615,148.53142078627533,219.73323796187688
230.48173446487715,505.16369608631044,148.11089000664495,216.96570359487714
227.35827747178183,507.84303319394127,147.46867435416365,214.16673034549686
226.19215340522624,513.4140815011594,146.9028726558845,210.57192977827123
224.7361888550716,518.3960426249203,146.03424007063163,207.07418213325798
222.83446995463646,519.9586519557056,145.44818440607833,204.0654026800758
220.73789507084882,523.8073100818926,144.71660816428468,200.36346253777853
219.6163184436652,525.4576792784429,143.9658375161404,197.78471514723756
216.61330885555327,527.5667788522571,147.53684912019014,193.0111456687987
216.05229234497733,529.8029695557367,145.5519871714018,190.83571436369203
215.6315451981751,534.6773055132533,148.25887236180347,186.0577398516129
214.3466982631112,535.0203758172754,150.02508352061616,183.64169113485735
213.40948381823807,534.072904539341,152.02674970050631,182.37267776383106
213.65384002305245,537.9090917139489,152.79400633842397,180.35731492355688
212.65387313410275,536.9869980362016,153.03878014222516,179.37940283180106
211.8401294057116,537.6941324864883,153.6999193085641,178.00320304904187
211.4375596739782,537.6093743675951,154.49247011272945,177.13552944555786
210.7100555085965,538.6665105687637,155.25710520159146,176.9312477115176
210.04225334449396,538.3171508943906,155.8137346390876,176.4930599595863
209.95529592821478,536.2582638063864,156.78207823741974,177.02010823685222
210.82687984419454,534.8293640280705,158.18972374660098,177.99775699850096
212.36924283216806,534.1104666865269,158.94845403896448,178.46180502421646
215.24700201145458,530.7459447940955,160.01379654312336,179.84682224352775
216.32008026973025,528.9303136176477,161.21336294031408,180.7933492982665
213.41265040247765,535.5560532436248,165.09616529414305,179.39878742759907
213.05797491968193,524.8709562292759,166.441585557525,182.24597883178518
210.03852838758436,532.0658461824082,169.60394153714066,182.40408195927296
208.15396428270535,527.850692272723,171.33681891720204,182.92484292653154
209.8382319157999,525.6976869709988,173.58536481632666,183.8003689966699
210.46554038517905,531.4970075838531,176.99580601355464,182.52274312893246
212.6664924207734,525.0246329453221,178.63796598731835,181.54469138823333
215.23359260988286,521.0315875396276,179.4698834679862,181.64123246741406
216.7635216788962,516.3434731524454,180.02419397391088,181.38604682832616
221.8375690266267,509.3294189813083,182.0125099916457,181.62197701660872
226.7608454898885,501.591579436013,183.15024432708498,181.3619488241794
229.100615124162,514.549373646607,184.07556059595254,180.3507049617072
233.1509675314745,506.1318282328592,186.38988626075871,178.88372517152698
237.52946088671325,499.78464349511455,187.300599364124,178.16713254221892
240.11753553696468,493.25000344346404,188.24179205886037,177.41716539973143
246.4729313328748,484.4292288326626,189.2411330659171,177.09991144445434
250.75120119394856,471.6043261327784,190.03435912135745,177.1418295761564
255.96554661710294,463.58075520995976,190.4253370448851,176.71304406888834
257.93865516377855,465.44763804897224,191.23281162481277,175.69032055661967
263.6271024922164,455.54782539598204,191.81785964066648,175.52588412553953
269.8950162207877,444.1509424987149,192.74281137358741,175.3711349817192
274.3321861487879,432.9328080561124,193.6806320095303,176.11329299656305
277.90080777879234,424.70738582983415,194.15699520246335,176.64550875649255
280.0361002502077,428.14717963048093,194.60161259117564,176.26883844493287
282.7726078656117,419.6570578214962,195.0540791566323,176.5463938457392
290.4611990791981,413.151715840075,196.63032499789205,176.17185060521254
293.6203767712899,405.30277680843284,196.82320675817863,175.9547487338044
293.45141931619577,408.38385850250415,197.346742408423,174.88799330846092
296.6505995021161,402.5731618404722,197.4566470550454,174.08644733198767
298.92436759326074,399.3797155951462,197.43766483546366,173.39990976129928
301.73666431279844,397.3114513486653,196.766671803035,171.61139467134495
303.8021935390054,395.48119756335365,196.3193172500047,170.5774518635502
305.9053924677145,393.3132134856894,195.45566064357837,169.16429978343555
307.48542986872616,392.588090901027,193.39891550006323,167.07790645445417
311.0741400381834,390.3997146949729,192.86307145127944,164.0934208637853
314.5192833643329,388.32409744683974,191.77305583322106,161.67199968225611
316.47863135291163,386.82034737375244,190.07759141009504,159.3515936966863
318.5781688030578,386.7772075332115,188.44589550760546,156.74432374474216
318.9238615283277,385.5584089864882,185.61000789413228,154.0013502357717
322.384797638086,384.05882848229635,184.03537755312513,152.34140594325206
324.3095976273518,382.223547085759,181.99758890252778,150.15121996847404
327.55482757402655,380.6772845547441,180.1860573844225,147.39128559980915
329.190906449307,380.15029924551425,177.3762623107205,144.6924359648968
332.090903181282,379.911230403072,175.5529884646142,142.863157687562
336.0011820847989,378.4571046236011,174.12541838569916,139.85367366987418
339.46185399442345,375.3243564861664,172.79054326304436,137.1008021774096
340.2264618647105,374.31122288577365,170.7887411887187,134.78911485701585
342.89283793998555,373.3847787604259,169.05066958588273,132.6329603678432
347.085064946134,371.19062972785935,167.44478860977964,130.36754806768096
348.19257445093524,370.9359422293645,165.3734925664906,128.88383255430224
351.9377726570831,366.18792141599636,162.57656186388112,127.3524827473227
354.4791809248493,366.5559218532304,159.98129701749667,125.32815942412411
358.26009164330833,363.295706704373,157.70140555036625,124.17744857422544
361.013475080146,362.3257929056489,155.62244791512464,122.92450092219252
364.74153229212624,360.6827930018468,154.48555784876922,121.73858119320613
367.03895457595013,355.01051565281466,154.21261698671827,120.84543733627766
368.80083556439433,356.82364736817163,153.93033583716152,120.69980835647621
371.0997541170972,355.05849699905525,153.33947247519453,120.22516286286694
373.5164403294675,349.8245958544199,152.9643334069296,119.45909464585098
376.17710801493195,350.0067526968659,152.76185637340313,119.01148580936774
376.38627527936706,342.74372745176197,151.4908329955606,117.81074205671663
380.6854449148371,345.4389347459739,151.03568029383442,117.62855653323423
381.3143580373321,339.4116308239845,149.43163397276027,116.63105370521585
388.08167879673243,341.70995903784063,149.28578163090052,116.55538764920782
384.9968580472253,337.2412037725956,148.68375421893447,116.32045955817678
392.37264470363823,338.5467015971928,148.01128532963168,116.33880145819204
396.33381320214613,339.7608699499962,147.95954283411115,116.34560035553623
393.65170508055996,332.29686583259195,147.19250869581384,115.89724102137501
393.29006412933904,336.51256974650414,146.7614248202863,115.85594797779137
402.8036964735055,332.52529380647195,146.58054036571804,115.74081155676939
406.9379798948079,335.21833474589727,146.55346102616494,115.73877194094972
413.2470689839023,336.58340578672534,146.5453340030665,115.7407785066019
408.6852728126621,330.8762669613873,145.80168925448243,115.57370964543725
416.5383011593701,334.5306708442145,145.77017212710638,115.57676148747929
419.32243347012866,337.20189970002855,145.71974693735208,115.58701306921677
424.5862962099685,338.15442605004864,145.6829548759463,115.59743788344349
426.37933355204086,338.1311045084713,145.67500352287155,115.59935967985426
429.1596733798541,336.64723131506247,145.67127109853774,115.60008555504479
433.44768223139374,336.31945349069497,145.66149752082464,115.60212598409129
436.94792622145155,336.3483015758596,145.6576373483262,115.60341584428114
441.08300195263354,333.22313435783406,145.65442886386757,115.60415606875382
445.7254867740659,332.8001399972257,145.64890486919614,115.60608556107341
449.09559395405336,331.7444926836918,145.64129739703867,115.60993017974882
449.5659089099374,330.00729952784496,145.63448290494458,115.61313199933132
449.28440826755576,327.12869577904985,145.6270150487013,115.61499605972674
451.2475346431306,324.715163783763,145.62473681155916,115.6156631081618
451.5332038943712,321.8014285484642,145.61825609001144,115.61740897701385
451.8860324920443,318.7442750286367,145.61554257733573,115.61802325620125
453.71596015496186,315.45996987659623,145.61323281805946,115.61849543772361
457.15622220565143,314.06126413597417,145.6117146256464,115.61892224642133
484.98943578855204,302.6275345529769,145.85373091077295,115.498977542787
487.7914395419449,302.45322345196496,146.27934023672034,115.3500867784164
491.1199057207947,299.221808043166,146.4724349633714,115.26914489856561
492.0002017893315,297.11904726414446,146.58732264368814,115.2174957794237
493.33015711419966,293.4816187347003,146.64792891404164,115.18843781450818
486.1945488614879,283.0780363068916,147.0917881272899,114.88258463423696
487.7871236869467,283.436283222603,147.30997571659137,114.78735245909856
489.60416714343626,281.3313956246311,147.39555862249046,114.73783839036336
490.081868723376,277.816464190356,147.4803653520229,114.68902455832153
475.1255193124083,276.8695023768156,147.42704549720042,114.68292389054903
481.126709540478,265.92274680357747,147.84362751969874,114.38995737589255
481.9007395294724,265.4909482431293,147.9156180912171,114.3542291856049
468.2402612419161,266.13869455729633,147.637716786691,114.45133828571026
470.82164724316505,265.72742902931043,147.56302948191652,114.50014430887568
470.5258136274125,261.324751722673,147.24644572589182,114.66778739718717
470.0508761658662,256.9975841243114,147.05853354533147,114.82999040702066
469.2669144304557,254.45023722217215,146.9159226819698,114.93514935641026
467.4131076566991,249.5936447748479,146.6028124097503,115.05966161311932
466.02692476368077,247.02012664563202,145.40569315130756,115.99539082275345
466.3499946138519,242.81898291893424,143.348840016746,117.5696276627457
464.66168890577455,239.7195369676862,141.2925715081264,118.87704722561163
463.7757986065346,236.64975961868063,139.2894094701165,120.85331905237642
463.3213598790827,234.71073786111089,137.52104607647905,122.48194716987186
462.2268850527291,231.90976020122395,135.88574169323658,124.00117982576634
461.865799359279,229.83169877277751,134.41753560630565,125.69505769517144
460.6848573984611,227.11164867725344,132.6611682042415,127.19932848520334
459.9523557126919,222.86322477490228,131.00959800362102,128.11757254539884
461.2382719700553,221.6232909337017,129.78486050155897,129.05525492125096
459.735548216397,218.74702895349338,128.10902167388414,130.05171065199224
459.3748688492084,215.64753198593635,126.59799572655972,130.8710492259308
459.77205644547996,212.73804783009726,125.40046788938226,131.08219321204746
459.8259276478208,212.62414057620956,124.48580453905629,131.93322035533998
458.49985455437184,212.33754989605478,123.81060702363783,132.6738686094417
459.83265584969917,216.18381363321058,123.27032439071635,133.54202629290597
456.8376113058711,218.15032741596394,123.03427440976897,134.08288140257014
458.1869301041007,222.11192881572754,122.8582074233561,134.51025595747407
456.9118025590009,225.25793957764964,122.32041620122365,135.49309195468703
451.81359613307535,225.99593015869812,122.01641229739842,135.33469602246376
455.700835568575,232.75615628443734,121.88841303302759,135.5131087078139
455.84120478790567,235.8971008435752,121.74620398446294,135.75873786193807
454.4926084706604,241.04052802813777,121.71081643401695,135.81853457008347
451.4172231321767,244.04330071123726,121.37535864495047,135.82302757973895
453.7702602085787,249.2023988061061,121.32232633174598,135.84946258506966
453.7380264514428,251.13372591161936,121.2424750269717,135.95194585573256
452.96966940064283,254.89091913576925,121.15072109192013,136.04911498375722
453.12741339983995,260.21417637980636,121.12985929968545,136.08086129890566
452.51249021332916,264.688969174382,121.04676185652208,136.17091422904147
452.21653255429965,269.7977918325413,120.99367474986416,136.19501676886313
451.46150790939816,274.42380456529577,120.93126827585029,136.23636536493854
451.0321988688004,276.87761484001106,120.90887737438737,136.2416300045644
451.4982924041717,282.18150727844875,120.87037135299165,136.26043967114603
448.6007544891364,309.1920817611149,120.62052244703935,135.91328667749346
447.5580975825473,303.50801016910316,120.58302041282073,135.89296684119228
445.66095534263076,312.15271347067295,120.36657462608275,135.69944837587
446.8998351612119,306.6389634893551,120.35839420873859,135.69323881244378
445.2834936694458,301.4182155564233,120.18347798153162,135.5582767010123
445.1297074818805,298.0764034240539,120.14745461348292,135.54702810961098
445.7794560673446,296.0993278957129,120.14380545452525,135.5455417113065
446.1626758351926,293.7053477335731,120.14158967323525,135.54477904364276
444.49649790878664,302.48883107767153,120.05478921310467,135.44156510202788
445.1527475164532,297.79057547071386,120.04016385240872,135.4265315161386
444.71703477189374,294.30085925575696,120.02958049095304,135.4195995814283
444.1299574060174,291.4173634922665,119.99947642315281,135.41005750474108
445.73706467048356,290.032170513227,119.994217658991,135.40751260230059
445.22652449651645,289.03588691569985,119.92243814269037,135.35522038802267
445.9929652355028,287.9933929197033,119.88091661382953,135.3290814802965
445.9040952780198,287.368821794484,119.82205699404568,135.29937663238454
445.6104123581278,295.97628512747804,119.69839992037359,135.17422886654293
445.7559378207957,292.18877056322697,119.66303524834711,135.13859076634645
447.43925120712436,288.05316315407646,119.6476522100495,135.12397222588277
446.2955699490799,286.94383273825645,119.62640786311658,135.10185794918533
445.59891879177314,295.97670898535705,119.4268481677279,134.82500201565318
445.0924865004854,302.7185140697952,119.28027449785444,134.45599775040228
444.5229935597497,294.6249719435811,119.25365435744473,134.41160998744962
444.1095898972504,301.8333926347618,119.13439881957025,134.1972718094339
463.14372366004955,296.6905396968075,119.27846497317113,134.03712063730785
444.4614470504332,290.9619070081982,119.18321365749173,133.8874190421755
447.7314679987005,289.5132946400109,119.14709136239756,133.6961346957559
450.52157867319437,290.08434367024466,119.11783436887853,133.53801526440054
452.8447419090967,292.124373077202,119.11997972934937,133.4863225393531
451.2567181965809,292.6184580469112,119.11449500983443,133.46543805420782
449.6390326592901,294.0291942474139,119.10200589116343,133.41430728795282
449.009655221084,303.8512040306393,119.1009944273198,133.125029771673
451.25839399328675,303.52899934765935,119.11937839414486,133.04807869261023
450.104252422988,303.49845163659404,119.1134372915783,132.928837773479
451.7051985870272,304.48344024826184,119.11861197628679,132.81139567873686
452.5834828764322,306.8854647390293,119.1261948514487,132.7593594268467
454.43010258339825,307.38992328673356,119.16472666821419,132.64196688473714
456.0817311756471,307.52156303535526,119.22558090720882,132.51876618543017
457.80919697370024,309.30310759276665,119.24494659618254,132.49102739333082
459.5274724665187,310.4761588047919,119.26145719120355,132.46547159632496
463.1340419607923,316.0108176507158,119.27433090941307,132.45228240636925
462.28760699055056,319.3060374763227,119.27866134489162,132.44668066866865
461.5970211716229,320.3789442047663,119.2847925707978,132.44060863252733
462.5647674518587,319.3416558465229,119.31098554861805,132.41523646595752
462.1368126004846,318.70893515917373,119.3143096972434,132.41177410835604
467.36814945470957,317.3986604184625,119.33624463900098,132.39177464530522
469.73701028566865,318.7047164957089,119.35634644433743,132.37469995113955
471.7296667604931,319.1486861564739,119.37470895550398,132.35960782904954
472.28564761014565,320.97795513089534,119.40155336085884,132.33876876898537
469.8052138579515,320.0688824780871,119.54313404197444,132.2340375973603
467.25252991904995,319.64208161649844,119.66416125205298,132.13867281739428
467.33703554507224,319.7611004354086,119.75501364484677,132.06449614136892
467.18159325600095,320.1259932743031,119.84028754956176,131.99655239253875
465.91924548061985,320.25022104901973,119.93762733402752,131.91882850680946
464.8774398696176,320.46026001006567,120.03742217076285,131.8385708206851
464.74973841035205,320.801639209491,120.07625199993275,131.80751601794958
465.6732452307068,319.9207890836411,120.17677232433404,131.72834648529422
464.09228903921684,319.3470091156972,120.38636103215832,131.56911177777997
463.4874729617883,320.36240127413384,120.42392161089693,131.53858924450648
462.7986847187849,320.68307845680954,120.5191890415754,131.4624982100916
463.0477821118086,320.7793105326906,120.58013517616706,131.413704810974
463.42361587369874,320.96700111980425,120.68462215382482,131.33196055481457
464.80007572084133,319.9506581481545,120.95606025525501,131.13113075867318
463.42539384045267,320.06238964394583,121.0861522608138,131.0334445944259
463.53472539959205,319.1345765727294,121.27636371385852,130.8890011186337
462.80453238380085,319.33052034453397,121.35960147483382,130.8282082274389
461.9717950469067,320.1391704655533,121.42692255746613,130.77694504423042
462.02368000366494,319.80084082237204,121.78210557749962,130.51003794866165
462.34418956056356,319.76319797853245,122.03047228313743,130.3213667915342
461.1003009819981,320.2776648883669,122.12363116748703,130.25268847551968
460.4763876089438,320.4869222511811,122.36864898510586,130.07632921239474
461.205209301243,320.4333447703249,122.52893589359071,129.9581011606204
460.15657911864304,320.8913383888783,122.60838400674592,129.89855929561816
460.5560089614987,320.49154443111996,122.91800346322364,129.6669835186605
459.4303722810021,320.294608994873,123.15655981562612,129.4867085972396
458.20039155578854,320.11367745871627,123.22160258586226,129.43823744008373
457.97237879397613,320.3789263764107,123.46141226056427,129.25464793561233
457.26222667047915,320.30338635041113,123.5869530617041,129.16135241600284
457.4059414794817,320.2728604591922,123.75063568425189,129.03394632199678
457.3803170250913,320.78908703476014,123.86348537500983,128.9470998793876
456.8727904650066,321.14991126546875,124.00972122537725,128.83704716782535
456.2653759082067,320.44448894000715,124.24917212366398,128.66124502347574
454.65135547643206,320.40085542459167,124.34518488433855,128.58900926492862
454.6943835029469,321.3104339170229,124.43416938928947,128.52090871279003
455.57714926556054,321.58732388487635,124.64430200285608,128.3584500785435
454.4992561282612,321.7330600583564,124.83155511915243,128.2194866609552
453.7792796969238,321.81856626651484,124.99147594313851,128.09712686748702
452.7250340539167,322.2565738622734,125.24314640739068,127.90701868223363
454.59486006222426,322.2015683028719,125.6377583830851,127.60783127846886
453.8551131063862,321.69621658875656,126.06304365847731,127.31983020173283
453.11686485702126,322.3943850292971,126.11314676750543,127.28109913558562
451.43530666618074,322.1933254223376,126.16054211418285,127.24513136296282
449.3771168736333,323.1536146314321,126.20557350897005,127.205279401416
449.5028565539067,323.1660099099866,126.25081754400928,127.16172152468735
450.2429210310336,323.28655400044516,126.30051809186125,127.12130102308006
451.04469869732867,323.6038873866188,126.33932428099199,127.09032088145858
450.98297297143426,323.93205318000463,126.36744071861631,127.06817603937691
450.81983365846594,324.7713830529576,126.41287829202076,127.03259128278981
451.5364612067235,324.86868547135566,126.47308623490379,126.98643324431833
449.67706614999133,324.6757936368656,126.53670376192707,126.93686598856816
450.4058458824761,325.4995402467313,126.55697172672899,126.92096921487398
451.4193015901407,325.4662299756607,126.67487790211328,126.8308183802861
450.1651513860094,325.179671981692,126.74480998991079,126.77919019135886
450.43767997627367,325.22245970726414,126.78623998341641,126.7469935941616
450.49158716084935,325.92985813625205,126.85087807896474,126.69646193966177
450.8537178922389,326.89369641469557,126.9283309172951,126.63521220829806
451.436899100607,327.14495961799634,127.00374937767216,126.5787570688245
449.24117491424863,327.3952429834572,127.06403958922556,126.53091381121324
450.71783665228077,327.62915794101445,127.14616895587363,126.4659129173142
452.13089858707735,327.8633793910872,127.20705637587713,126.41959893295544
450.5562223294368,328.8752221060903,127.35672360368254,126.30858149268016
451.0074358942997,328.83149509269754,127.53936291167805,126.16205489359773
452.48589161703006,329.29474314250507,127.62887728561425,126.09355555578159
452.26727583331495,329.3191371673944,127.73764294427872,126.01161203864166
453.01177523632674,329.88644404390936,127.89191045848374,125.89946458752978
453.14715153759835,328.2807428301908,128.05012425894807,125.78547906025507
453.74452321892613,324.4086618335474,128.0790321862323,125.764128110274
454.61741384959373,320.4324383060622,128.11240033800598,125.73969986006858
456.031734856885,315.92261903574473,128.17844311498834,125.69319917951216
457.1921816670932,309.6774624884772,128.24236971742658,125.65031773211606
458.0272230402312,304.3485958991615,128.30968952947723,125.60489634684363
458.0197748204098,298.89518940004643,128.39507226881372,125.54812253782282
459.7006819372442,295.0345058957803,128.49011214014064,125.48423268371471
460.56578076833364,291.4655224075616,128.58851059307398,125.41688359341009
460.750283197595,287.06402730442903,128.63695261608396,125.38337363182865
460.9128933118491,283.3951051821722,128.7594146490428,125.2927134093318
462.0613805595033,279.8175809361187,128.875627180712,125.20950735431967
460.0410702301498,277.34483728188854,129.023607964007,125.10762089111248
460.99957074362914,274.517850806123,129.1361765629027,125.0269456149518
460.64454763785375,271.9541440792998,129.2364157599882,124.95763274642428
458.90102514114614,270.20150557593814,129.2922118501289,124.9148345540203
456.97412234560363,267.09802099529975,129.32882750934442,124.88790173775801
455.5804043381696,266.84391336119586,129.41424287907085,124.83006337704433
455.01442376992003,267.0097469797611,129.4516187160781,124.80220059710157
454.97014753492215,267.0676523541772,129.52827613205386,124.74534949255717
454.2188965150309,267.45352537879927,129.6208645127406,124.67928244273692
454.34140151848294,267.82286776574927,129.83311591917237,124.5281835948929
455.00256733152554,268.26717559816706,129.9605845460015,124.4348092263486
454.24049813978706,268.7383947579636,130.0549379162797,124.36568028061117
453.9497950344264,268.71144977761,130.39252316171084,124.13246521745738
454.63510998809414,268.7626031953305,130.55605863676064,124.01543090875752
454.00629696123593,268.9348255438356,130.63795064735575,123.95479652926355
454.81884579797884,268.9421393980648,130.80599791519992,123.83134414303976
454.07484678570205,269.20556608608797,130.90210350658697,123.76216342257591
452.9051022821686,269.60806782792815,130.9715288749667,123.71196931847321
453.7611641675801,270.02328876692263,131.01701673649086,123.67912490838351
453.3741812127763,270.2245920701527,131.11704377566846,123.60972128983269
454.01070162033506,270.28975400376424,131.54217457615155,123.3266934668401
452.8431748525895,270.4893359692585,131.66123136939407,123.24272008951674
453.27144629828234,270.01842167453134,131.80791380454653,123.14535540638043
451.6351344560651,270.23933418472325,131.88403313450414,123.09174488475489
451.2200451820769,271.29113101123085,131.92283229033342,123.06299344632403
452.0534410829393,271.5490533248692,131.99256840837793,123.01364004142901
452.1978175725882,271.25635189990027,132.22097435461345,122.85811847339428
450.14604031962193,271.3781358218294,132.27310101935936,122.82084100870254
450.5928917284603,272.7376654116488,132.32203278420215,122.7852332431721
451.52862724621895,272.4258184407202,132.64013670557878,122.55756746003075
450.6646282909773,272.4646976507612,132.7313401681632,122.49348157059995
451.15840355138516,272.91951130753074,132.81330416036332,122.43460154433417
448.6203038016574,273.7529332521118,132.87213486633112,122.3924127826974
449.116881487375,273.6045668804949,132.95922892364513,122.3275388088216
447.53456702460414,274.57481463995975,133.021798484868,122.28397028898388
447.139612056392,274.8522332141296,133.15258303362359,122.19257793982904
446.3978105600663,275.1678066683483,133.29163541668643,122.0942293216443
444.5946969186222,276.4565661116424,133.32455494696532,122.06911316981252
443.6283328877454,278.4581882651371,133.34172574343737,122.05524898405426
441.11805566608535,280.0348665377067,133.3922670451253,122.01599241831572
439.3306113665659,281.14403086244096,133.45538944886704,121.96497019203444
437.1738521740926,282.23758999632975,133.52813701701064,121.90535984929043
436.93307371067203,283.8456602050485,133.5686905020412,121.87241096970997
437.72563839495245,284.2580429308395,133.6224026432993,121.82493532592449
439.91284726141447,284.69554445709684,133.64342453516164,121.8065467438917
439.2872205225998,286.5895230174941,133.69758440679578,121.75766027701252
437.8390001297275,288.29231685462463,133.70283585576374,121.752678758147
434.47761878353685,288.8499613802352,133.70977728197062,121.74588851864775
431.2947935007651,289.71017216448786,133.72038634360797,121.73550453921554
429.96106221589866,289.76404193835424,133.72673779693147,121.72917804028654
425.4135315152402,290.93830467487777,133.7432698403383,121.71347465166639
423.22326015932833,290.9433347959801,133.75017010755144,121.70658784596561
417.6509917838324,291.8091115837261,133.75803865328209,121.69969788570035
413.3490649913797,292.3129518031094,133.7715535312173,121.68735040324786
411.44567936745517,292.71106362288333,133.78240226128983,121.67827202069611
409.7879969012026,292.39699519066687,133.78720362949448,121.6741530925112
407.4161655042544,294.865663211276,133.7926695735677,121.66899984014182
403.9409966897455,294.54054446290127,133.80125143094864,121.66132245995341
399.9075081398084,296.0558484255474,133.81740341180435,121.6472953547448
396.895424161145,295.63744625175815,133.82362894054228,121.64230789371813
392.4990843667938,297.5391258319524,133.84506448017243,121.62604571056355
391.2371699989473,296.5900749095682,133.88764626762315,121.59309081743208
388.33880009381505,297.99445541126823,133.8985126648017,121.58397976787425
386.92152870663455,296.9469587175661,133.91938957231096,121.56784506346645
387.20291636275977,297.48481807688427,133.94278171478,121.5494774571957
387.99843845279753,297.8453357185515,133.97310284346614,121.52571614351152
387.34805710426247,297.10286537738403,134.0171109037717,121.49114453012355
389.04442012672087,296.56210273456736,134.03563568855154,121.47568864796355
390.7645390038846,296.65813639195864,134.06079219272328,121.45436006003536
392.21417905715793,296.149300455605,134.07732314803565,121.44098780718572
395.3690946604728,294.1996809446244,134.0941516208188,121.42802232513381
397.6076673445657,295.0603479136725,134.11660332523437,121.40878139221802
400.0308326565755,294.3163011175052,134.13630101008314,121.39151426201079
401.5368348353503,293.7373219935981,134.1548545233984,121.37585133215164
401.7627992805635,294.89105279889236,134.18761144139222,121.34815032069945
403.71351474048197,294.33091467512816,134.2260203614906,121.31535635681732
404.45614339788386,294.01848200132724,134.2747165941645,121.27578739064501
404.69006481910446,293.594967471888,134.30315218671512,121.25201208007387
402.7447846338097,294.79821940238014,134.3260415444263,121.23429787286773
402.6961824296876,294.6160848049752,134.36427814627154,121.20396920948717
403.3031138917639,294.503630006387,134.40649048514226,121.17061304314221
402.8959977357898,293.7960921704477,134.43672931450078,121.1464434910218
402.6200283608903,294.3635293088208,134.4884930650628,121.10561175387224
403.3779799836916,294.185879191512,134.53615340474153,121.06870073007835
403.19179909335605,293.513582868992,134.57571497589038,121.03755296622097
403.3670435283017,293.9892441135311,134.63502004916586,120.99058999662451
402.7954520656037,294.9504490327524,134.67184098935522,120.96224482302266
402.8434294431182,294.9218508139816,134.72829648820854,120.91926349567154
402.9662593113377,294.27889140539463,134.78118285739282,120.8777710188621
404.3491574864877,294.2285159789709,134.82076637464664,120.84359598472089
402.89352461295596,294.3632843712201,134.84321481137675,120.82521654361004
403.89361847734244,294.3939950494256,134.89099451653334,120.78551763060089
399.9795260041342,294.79644267904234,134.90908987478448,120.77210619085217
401.43081882221054,294.5017171305957,134.95453184941067,120.73657898383611
401.2093852402769,294.3308771518859,135.01850903534597,120.68840275176636
401.38965951709906,294.03819989471947,135.06795332556788,120.65132539182399
401.45876288458714,293.71860364977465,135.11615689847605,120.61451025327284
398.4514964217947,293.89702347536524,135.12681886001062,120.6065191834057
397.513902185773,293.7146820391178,135.1867230798872,120.56234730312157
395.23621371205866,295.02329094235824,135.22932365249906,120.53120265681224
394.9345637365168,294.37434349231194,135.2935770776276,120.48336951716327
390.33257767062355,295.1208237126695,135.31132617932374,120.47059172415324
390.33771933109824,294.6400673731327,135.39047446460745,120.41217463657186
384.4918808809413,295.64547777674,135.415926885246,120.39557444379052
383.5471848748305,295.8611720007352,135.470570152503,120.35626669023715
382.0031062205595,295.1341683403747,135.5031218110969,120.33314765101868
379.82301644025506,295.3342604194108,135.52390203393722,120.31800624974228
376.97710061156096,295.94909323499706,135.54014460670024,120.30645356412637
374.5742611591976,295.38538980548583,135.57214997703358,120.28531503874184
372.80150834688817,296.59723838928414,135.59685834899747,120.2687981804409
369.33775396053227,296.2106814190987,135.62866762067168,120.24866609000429
366.1242606484915,296.2605910960025,135.67359371695167,120.22070501560374
365.0500434240158,296.4866953296164,135.74445129021632,120.17295247837042
361.797436344198,296.4292127458462,135.79733629106912,120.14052029166571
359.5579122719564,297.05085599965264,135.8726993426262,120.09375005945866
357.1710611612195,296.017193188395,135.9879943527964,120.0225208704962
353.90050189307055,296.6749250339411,136.04942233733638,119.98567718405798
351.42787386802115,296.64243616022344,136.1428750846703,119.92874439669423
348.7007753282631,297.1336429125925,136.19336942828554,119.89876072298405
348.13768956861037,296.48693082464376,136.30031523100016,119.83103654149018
343.58203293460895,297.01521491456407,136.327529683085,119.81404465368755
341.86405843040137,296.2557940361632,136.43159812204215,119.75084800793199
337.37242953252303,297.00786739167347,136.4597062672251,119.73391407404915
335.86740138947886,296.04740261586915,136.55324434194867,119.6751241060426
331.61903800739043,295.48132781191913,136.6217579866187,119.63193997561564
329.3925261840398,296.0840838986501,136.7187788257028,119.5683385935508
326.469169782593,295.0668557875251,136.78686280245503,119.52392738034546
324.15952751401153,293.92708936908747,136.85649333266002,119.47680745194664
323.8361841812121,293.8847095435297,136.9926401089232,119.38940837005194
322.9608117547297,292.76510120206905,137.046462302014,119.35444726328511
321.3350123420466,294.0304137868334,137.2584526488341,119.2243607766941
319.0462765419025,292.32451651848675,137.32027016205564,119.18460626019524
318.5025493168303,291.8195135433076,137.5300372771857,119.05503327206928
317.8059024762307,291.5772330081249,137.7611504154391,118.9154158732537
314.90584684214286,289.68546677486495,137.8318910895901,118.87026138718255
313.89725159498954,290.5932266189439,137.97268147079092,118.77796776942877
313.86516928773335,290.04928943473175,138.16843116175465,118.65848806909692
311.6826890161469,288.2151074016427,138.28295206106765,118.58842735729043
309.915571623934,288.8590462311638,138.49341966028226,118.46008033789671
307.7360721278807,287.2211724670393,138.58975385746697,118.40134448105961
306.5239257914701,288.0466298762421,138.75955543951366,118.29774716753687
305.9508018024901,286.46990080935973,138.86657104423608,118.23347978593603
305.1301041359226,285.6228878630804,139.03120086395097,118.13663954194371
304.3338598811173,285.040090851533,139.17444499356424,118.04707001466161
303.20356782214674,285.07794137448076,139.42627414286216,117.8891073021106
302.4070582519264,284.0815161747709,139.53154871352442,117.82344763645158
301.72590249972154,283.6830126037875,139.63514876068166,117.75776432965729
299.6624090318679,282.6144846382982,139.70896358487764,117.71043686830193
298.22260113849234,283.15415628085464,139.9589256793833,117.5647441960202
298.0524142940967,281.50038361978187,140.02939943364441,117.52249656085982
297.3592675995676,281.28222338826004,140.23224200464077,117.39333798375762
294.68389075228134,281.02320968430394,140.42968873815371,117.27842027133518
293.5590480900572,279.7080800897342,140.4934850569409,117.24162146944683
292.35927407038423,279.0419134668032,140.54577238270963,117.2106045623395
291.1548116754341,279.00835257459397,140.62570122954048,117.16280644586381
290.56781347153793,277.91710414823115,140.6844636199606,117.12862277185603
289.68482825025455,277.3356298841076,140.75139698748472,117.08955542333304
286.37565495452145,276.12926114216054,140.8041531973285,117.05767039059515
286.8676344520996,275.4480323755721,140.90948136399933,116.99327998904913
285.0951501108859,275.8412266642329,140.95810428798856,116.96359645742761
285.77959356843223,274.1806767001091,141.06522733783893,116.90157561045254
282.62180500888036,273.3694066151163,141.14096061157522,116.85338304385054
281.6832635128801,273.94630382657135,141.33003982511804,116.73963042525406
281.8425866570726,273.0191329621034,141.4290585712656,116.6788999515075
280.4426308416358,271.6920446919761,141.48628798358763,116.64579774420348
281.1224571504636,271.47958660266244,141.65190070196866,116.5487056230032
276.2737842306858,265.5120134667594,141.92409280922453,116.38369415707733
275.59164954431895,268.64039906852577,142.73233500796218,115.88733803075412
276.33764553700405,269.372516383817,143.0077205183577,115.71339685529556
277.51971380354024,268.2307958685799,143.0953170976205,115.66295769968883
273.7631421195582,267.01320322631375,143.23184398761822,115.5859328535296
272.11936516976914,268.1480604471308,143.40523377319803,115.4847789168089
268.3731939919857,263.11829980954786,144.1579826229055,115.00945007143024
269.92702670420533,265.3721911164062,144.40764179868592,114.84201522458973
270.27353828197374,265.185741048184,144.50221993528243,114.77972060047323
268.6686641659146,265.36889922397216,144.5904974776272,114.72656240338445
265.34589924359636,260.787637624679,145.11376484438887,114.39820082108704
266.1027103595861,264.45393540938124,145.56855358118986,114.12439021338301
263.2058274242679,259.12434683671523,146.13158319618054,113.74070923493574
263.9198459941627,264.69867665264707,146.91602087938907,113.30260754069414
260.6906146038872,258.87039358205794,147.3298712522557,113.0111470247679
262.13830317156146,263.61296301297364,148.39388976395614,112.39799264474803
258.7470162725779,258.9681256143357,148.93234057989812,112.06374700135005
260.82381349737744,263.0117444946437,149.37208557350587,111.81602683411775
256.9021890458002,257.9975649409269,149.81131035251485,111.51980384163683
259.4978825094043,261.51010845320394,150.1057909256118,111.34918373221345
259.73560837760795,261.7543807999956,150.41071240487986,111.16541943246898
260.99984779956156,262.05589418076255,150.73672908633273,110.98072584373325
256.10324274885636,257.12143414909417,151.0119452607412,110.84682779946506
256.3189017436663,260.1760205233797,151.29454697031343,110.6843112780058
257.91501607674235,260.3005883041261,151.61148597536487,110.49557153844198
257.7240136310928,260.58621042594035,151.88118296796375,110.35402936814911
257.52166523811513,261.3264720086951,152.03331168779886,110.28154815668019
257.58612068707043,261.96947995126,152.1692040206508,110.21850597588848
253.18989336730488,257.12777183711194,152.6288587486829,110.00505445210928
255.81110272211617,258.849784445852,153.15181136169215,109.74260453293857
252.09989008738745,260.6192677212645,153.58173775648524,109.54047336648236
249.20368113434705,255.45780895158202,153.9579292755421,109.31758974312764
250.92738337897063,258.99055263400385,154.32425121146588,109.12155247059972
253.70299796365413,258.7944312754744,154.5927752121123,108.99529915112913
252.96238053348964,259.2695580163902,154.81867486068745,108.8947628094952
247.69329997388496,254.41714401708657,155.36699833341243,108.59375050658879
253.22259678662192,257.6922363863033,156.03875615599756,108.27383090868877
251.83775686847326,258.02806988952904,156.2877515116278,108.165407112553
245.58674401094206,252.83477994105883,156.67539257550612,107.96262963339477
249.6678564234566,256.4871389304875,157.38300074303072,107.64871728045298
248.93876674900486,256.7400872906577,157.82613182647708,107.41529461063438
249.35761845951174,256.2331315830652,158.26993947380745,107.1482797982499
244.22108294439522,251.11683781260234,158.7839086363647,106.80039057831128
248.32734721440758,254.96761581465418,159.5797810133932,106.45634800194198
248.40659493369495,255.67937500787772,160.2834082297333,106.07746717633931
247.46081205841512,255.32708465143946,160.9523462213132,105.76732065437545
247.3551403822043,254.568005584799,161.7035933932958,105.35256774925762
247.3256870995661,254.9309525443399,162.81241527229292,104.75697521629375
247.57159200467555,255.29850703102494,163.54621357250184,104.39168597344391
247.61483673539595,255.10560086726161,164.4962777323532,103.95594346135951
246.61794062200266,255.76537880735253,165.98723909614083,103.33508032018757
246.92808364808712,255.15423104113722,166.73225143436034,103.01251751616954
246.71942756357402,254.583782812895,168.02426200388402,102.44669493178326
246.0013261237168,255.43512363959647,169.0916342623559,102.06680688132379
245.2373641765606,255.17458989746623,170.07858169191996,101.64045293404278
244.62176941924253,254.88486096023797,170.95022260802818,101.28792596667577
243.32558607193306,254.31096162104086,171.9011565405011,100.76737394850626
243.51599641979962,254.17292530525606,172.35594390989633,100.61333013524974
243.30157285414555,253.55727082915263,172.9294684119911,100.39081683232197
242.59178797184308,253.65275167679573,173.37772219663847,100.17043152393452
241.76086678670438,253.55061378275738,173.84814270049895,99.99622744383767
240.92329896436928,253.4285530920484,174.55550061613474,99.73265124301074
241.56311211871068,253.53314924908267,175.19704501896928,99.5618947643335
240.79347083158237,253.72191038099763,175.8346727537102,99.34189380797197
238.02644309239125,249.41290440462043,176.11392314404924,99.39621843620246
237.13398393077182,251.6762629410644,177.0457959441214,99.10613943246733
237.7721004690081,251.88737998906242,177.9224959883764,98.98625609597752
238.68096673018988,252.1910429581461,178.70935149778165,98.7765550378856
239.40321570281588,251.48940267048386,179.26099129075752,98.67584520145168
239.23350831543905,251.63581414149456,180.2753955870146,98.42966024528562
239.3606171922499,251.2276976874845,181.2315235784796,98.22254255687785
238.08222615253652,251.55688975347005,182.19152571539385,98.11132530885217
237.75016476351055,251.2404929026275,182.97673434583032,98.05382015523257
235.11668378047293,246.2725369225267,183.55339680094977,98.17145571009968
236.99821637380865,248.277594509283,184.69695259358738,97.84250337075459
236.728666233015,249.54899887567151,185.42793158139153,97.84560595008082
235.94388035537114,249.9250152456475,186.04493343473604,97.89494848001868
233.51726152429265,245.21006358837494,186.0874816475827,98.1048582032552
237.9570359754708,247.27707477154266,187.19376209855892,97.69593325475121
237.08127337590082,248.21553974303717,187.7299082979888,97.65528699553903
236.52651306770213,249.2291953491557,188.21675713141573,97.7979546403424
234.4766066964455,243.73111144613893,188.37738473141195,98.10062192757711
235.88822101176262,245.96439994372543,188.97183779480844,98.07092456726129
236.24046588014386,247.81580320843392,189.35316301089634,98.17283700909671
234.0984154568847,242.68576745738184,189.11662729888192,98.3776755094919
237.15350992377606,245.006101052204,189.7731505538199,98.14561580275775
237.10048642917002,246.31337389437965,190.32252529776792,98.13093913123907
237.22507635178238,246.83344432377135,190.6074354350528,98.18793238576743
235.62877827451172,241.43161885348627,190.39960162552856,98.52288291740203
236.40416831307994,244.17915960026627,190.54728141205484,98.36392775135668
237.49192042357328,245.01576966021017,190.74284852972178,98.43689388787762
236.8898574004006,240.1828349819642,190.6296079760305,98.71748740361029
236.70557670751765,242.95497646492882,190.9774399746174,98.58489419598179
237.44266481418998,242.89333527425865,191.17556135820416,98.57788818501677
237.6559576605237,243.23903090781573,191.61390981194094,98.49868716448462
238.7740668958748,243.49805460459515,191.8703158624943,98.46808637708503
236.1347200489384,238.11597702065254,191.51037153680537,98.71817675615186
237.5182645677384,241.90378978544453,191.52162832249329,98.46774177069632
235.96707351089424,236.66958059170543,191.03528582299194,98.62440402414131
238.2274781432095,241.54200338603005,191.1999724117854,98.57734572034315
238.24092147439683,241.41023704601508,191.26933178331777,98.57702243642765
238.2416686747136,235.51088228968976,191.2245244642894,98.67316294120478
239.39526938332924,239.9377266975817,191.45694058551027,98.34441270879492
238.80972841000982,234.46998192156428,191.13680360762666,98.51767901711641
239.3087420218614,240.6860419934942,191.46584840826895,98.32938764675511
239.2584104058435,235.3589899272892,191.19511378740705,98.38092029173836
239.72005911506994,238.24913493177144,191.45351528729682,97.82907009066574
236.28770963828094,232.03076891372962,190.7227948339839,97.83264706693487
240.43411625610807,238.7124319906981,190.94076384015096,97.87226070944568
242.10624068389293,238.48736836747034,191.07099203726983,97.81023862194735
240.52026307452257,238.61039174153612,191.59231010619976,97.72720411017252
241.77347669272007,238.5750030209473,191.7775888119587,97.63389255708559
240.25918882452135,233.19996229366123,191.3421156858989,97.9020451862793
241.3258609492121,236.69977511266836,191.64205333501587,97.28668735527185
241.18798127937941,237.57535930415497,191.96562295723945,97.243516652009
241.82590767367162,237.40795129311326,192.09192437588467,97.16163076121249
240.82604193415435,231.9753107630807,191.49466813061503,97.4224959277229
240.83439734529134,235.32180925662982,191.71914543216323,96.77464492908906
240.79653229043382,235.61103806555263,191.79005366255473,96.75513088090361
241.2814823503051,235.57029078914098,191.77949161177426,96.80354013593377
242.72867607111579,235.28857189962253,191.74608921081753,96.8666607586558
240.3572430713245,229.95533453787482,191.1798135745054,97.13443667538851
242.25514079456246,233.0010967672272,191.25213617574363,96.72203418781415
243.0347353027751,234.3979863317437,191.23945296814867,96.7288682236829
243.21207873015908,235.07829463752373,191.7121878977816,96.61089711421327
241.82738352367164,229.27165032259794,190.63491221311554,97.09006384922844
242.34396041867612,233.4307991760763,190.56187594200838,96.67529483260984
243.42558107209257,233.40773977731044,190.50028725739838,96.6983745834666
243.91141391563343,233.772372363336,190.68603874847065,96.58414560097162
242.45603302575574,227.51195128252516,189.9364826304294,96.76576962294482
244.53872106751524,232.3043842515464,189.91777212003052,96.50634313802736
244.94551366605242,227.42137936999754,188.77302533452576,96.83669444623008
245.18126820172276,231.12068616413745,189.33722051828914,95.9960704552708
245.59939168107286,232.1582120277527,189.62752351877165,95.71998215558392
243.73056306569197,226.47792495180167,188.66456200563695,96.15176716869207
245.4487866199545,231.3348153788525,188.65872173915292,95.93560403614799
245.92834017713005,231.9768141452657,189.0391998098528,95.67234307844826
243.98367041104217,226.08450313289578,188.31955487166115,96.11365379337364
245.87486465632145,230.86041688501368,188.47991564295864,95.76160198493865
245.6148839543075,231.40891879718362,188.76332564298724,95.5304462250214
245.11148186161046,225.7896613841623,187.75139561169124,95.98073969181108
245.4588276938018,230.08385548550007,188.10523583722403,95.46279845721415
245.65137006814172,230.7665038820686,188.46159072906622,95.07617041340949
245.14174945944154,225.68183814472658,187.9227327958089,95.21080817013701
244.59540025490764,230.27696662694592,188.12045905931924,94.94322347742683
244.72765585268525,230.88781271471524,188.44645233125138,94.76812389508125
243.8613368893486,225.67805544656147,187.7858643496453,94.94970336516567
245.74647390073372,230.68781330889777,187.9678534437116,94.64231532603989
242.96930958719796,225.21749899208567,187.1984220381293,95.19566444916606
245.76178609159447,231.04672587824507,187.94343795862704,94.7115938402994
242.3917422569046,225.25218900959317,187.21614844218524,95.09240608773507
244.41028851436707,229.8215137458468,187.52101015852253,94.65880326897536
242.0126133525491,224.533606655595,186.85741616147976,94.7269994990395
242.84572855800025,229.47987407722417,187.3421211620307,94.37270985689203
242.27204280825575,230.07364054749547,187.56724256949013,94.30824048064991
238.97698634751572,223.93020299209553,186.93288249139746,94.70307533876431
242.00262199228104,229.20350352241098,187.16126618157259,94.31271092669292
240.05063716826987,229.72679997202454,187.2296480896505,94.29861316849517
237.63306768869694,223.7159512196815,186.6348568386828,94.71001633114024
240.9092463859253,228.98783886479674,186.79387277338873,94.40043770381261
238.34986195493656,223.53397897828904,186.02067052406858,94.64651540224305
240.55885214811548,228.40756858008027,186.64380732902544,94.20980964073824
237.96259183930016,222.8795395122578,185.62324944781577,94.54045636128306
239.1846806553977,227.1523165471452,186.12201538861873,94.15573469659859
238.32770421176141,228.1044674616776,186.45843007169816,93.83050772715293
235.53668445094547,222.4860839345185,185.2741307681042,94.24405548215476
238.3101680999541,227.0889136752167,185.30008283883086,93.94101059426421
237.20167515927088,227.74118571489763,185.69239780936203,93.77004111989042
235.77453146061367,222.26459632360417,185.39104198196026,94.05592921491633
237.93077584519128,227.5982299564265,186.0645623337462,93.63187178813885
235.30810932721332,222.18628942523515,185.32858547895506,93.91919374560209
236.83010389779213,226.67614850957125,185.82293738317708,93.54547266250117
233.77843564804192,227.2888230493766,186.1406102779412,93.40429010968494
236.03882645736655,227.18943104393927,186.22026439308706,93.4439163228654
232.64519601311173,221.3724970212238,185.19248040168338,93.95773298432412
235.7320608873036,226.7999533107754,185.47374390128547,93.69761753962035
234.46556224890554,226.94902794471466,185.639665019558,93.73261967183115
235.07941686720943,227.0685354916165,185.95701534467966,93.67066570366352
232.23864273348943,221.7135730051938,185.13863752187925,94.09312367364028
234.172618201781,225.92509513169725,185.17321892439216,93.72571201188096
234.2413390844763,226.70356301173982,185.62587947395062,93.39660201263719
232.86884177633533,226.49725456910878,185.77433983806577,93.4859189833008
232.32759778472823,220.46012024975403,184.66241272881172,93.8750088652964
235.35540479946945,225.25149768993384,184.49764495177064,93.72376491022976
236.15656406369152,219.01547115178923,183.94990818468673,93.57230476477825
242.00564069633188,223.2951737778279,184.1811353362761,93.46449195807446
243.2288833634454,217.40208601344827,183.41475437693467,93.54022971217553
248.22641725957112,221.4809078754114,183.71967533132627,93.13634155770728
248.66359193259976,221.62196275218656,184.0482168582243,92.95310322895111
250.12345490532707,221.1286295843585,184.2747788308605,92.95733785484089
251.87778470058015,220.7503366849796,184.29415702683812,92.87947376632297
251.53451891148964,214.57122548062858,183.59014228315021,93.12063456003476
257.2320174722441,220.0998282776135,183.7316212968952,93.37047871734667
256.82012748951837,214.30521521884714,183.385086354319,93.83995385831693
258.62886080601464,217.31694614188046,182.8325372857186,93.90617792915086
261.77099903313643,217.62965956738222,182.92390599215005,93.84813097001978
263.6928815780482,211.08988461170037,182.37208826713373,94.2036780432487
266.73896843169734,216.96560449441623,182.18363112401377,94.23534412803674
267.84869784011005,210.72542870033507,181.74346632116539,94.44914851313506
272.0101888122206,216.18894693370254,181.81157763103377,94.39793792835817
271.9377056986024,209.85727456850333,181.3102077796263,94.71477844733077
276.48734004323273,213.56458412739346,181.44062105905465,94.45555579103737
276.5268649816937,207.34923694948736,180.6359043015251,94.48704017065327
281.05159403690806,213.76150484545647,180.14522113921643,94.62314719335127
281.66771795915304,207.50791826680768,179.76209373282543,94.78142050934024
283.7353200513238,213.3308939549223,179.49213799018,94.84985035106759
284.5317972072903,208.06516093635562,178.38655136785653,94.71077081019799
290.5491094861128,214.60228644390048,178.55330086416666,94.85093820636311
291.92287933477274,215.84323749980902,178.74758393410448,94.48390521228288
294.32416894346466,216.59181811744608,178.76723839363103,94.26559834712596
294.7812620672064,218.65955979718194,178.6462143132199,94.09557600335553
298.5731024645279,220.41361200154861,178.17725195577174,94.05944620590451
301.31681735735435,222.4439288610204,177.99968859849395,94.06809311135062
304.8737612939039,225.61323518773145,177.90058267729918,93.98960132661135
307.30439904120067,227.04827201329,177.7169767078521,93.85341224847708
310.0246362072075,231.9002228514624,177.50621438526844,94.07453365105073
313.4751348241033,235.51714202139425,177.32872264845554,94.19025652563404
315.9952051270993,239.2170679363101,177.0055596387465,94.38704432898106
320.1025802190441,242.41376265660637,176.58529740804298,94.49704710793196
322.2609110618338,246.53804361477495,176.38835856563375,94.6184469301812
325.3116590689614,249.64827397412975,176.02331370036535,94.84013632743842
328.18969413417017,255.44949126880846,175.39749211654814,94.8234866501904
332.6096531219079,259.8362288147216,174.8864134431357,94.99724285108874
335.51341452457297,263.3949216956514,174.617140607288,95.12847902984188
337.9209459041917,266.82826882306557,174.5042506042456,95.03453038429704
341.29499848632213,270.7947892798543,174.49692340934504,95.21324102711603
343.93795205067295,276.9516384319195,174.28784952878192,95.35494891195046
347.13894030221644,279.66067904429616,173.94584435824493,95.63433644482652
350.0647318080948,283.58667836305284,173.6148263794472,95.60398926605345
353.2261106063392,285.7289349002267,173.29897004714906,95.82964426726716
353.77131616939505,286.2204876897765,173.54594803255623,95.710641230568
356.56199695901364,286.41427488029007,173.20421667563957,95.69398169619956
360.5663722586081,288.80448962200023,172.84868768365894,95.6387309313461
362.7460969759533,289.09833205825777,172.38883494010005,95.78207801311956
366.6484101855964,289.62037073791873,171.53678801910496,96.09392680984163
368.48785258451335,289.5309340936336,171.23304031195406,96.18759395485377
371.4161366013104,290.11027575274767,170.55023030829764,96.64477610560458
373.43469680402484,284.9922921889262,169.91291401816423,96.70752832083289
379.77776000942816,288.93580243895644,169.8005390569425,96.86682587497165
381.4670699138049,288.8356943293229,169.9976994014636,96.86944324947213
383.94816045173985,289.3152529861223,169.5723139417436,96.99639873841708
384.9066378264262,284.0570016633954,168.70769457387874,96.92595012807249
391.5007304818663,285.21695308953423,168.7834577035503,96.98014891458875
393.5223798224573,286.84981607515243,168.5880694265736,97.09449243759984
395.5132787005662,287.15367662492747,167.94961564351559,97.27070408350647
396.53660679054144,282.58711379137486,166.91604089495397,97.5891181798719
402.85266644253056,283.8397387582101,167.25762306802648,97.56416652691736
406.2392539445189,284.282796480156,166.6010314113704,97.71275052302809
410.12915931969883,284.5798392326243,166.4466951139829,98.05823592186947
409.56977487432243,280.04719109198857,165.341200575094,98.29507723182743
415.1875082202,282.3395958937967,165.29529000516501,98.58141716815871
418.50999455934186,282.56417100737156,165.41245330939483,98.18075524130273
