538.5,48.5,40.0,44.0
535.9893069424186,46.897918672657575,39.308951823323156,43.52977519969828
536.4553830866344,48.415979282957984,38.79556108627188,43.2458130977498
537.2088264035314,49.601338585525006,38.32655904548789,43.09303267735392
537.3376276129972,50.02503596249187,38.02771456351075,42.93675765389275
538.1599754311387,51.93465474545949,37.73371334518113,42.990691655874386
537.3317402524069,51.848834081757644,37.5678503667681,43.059072816335004
538.0725755273133,52.685992468353774,37.278989637130394,43.12266595620579
538.8229003670785,53.41109170602618,37.05244228780789,43.05109704609994
539.1071093134522,54.419703213961505,36.871387799096325,42.99352299701853
539.1364257368708,55.955690533385166,36.68582182461718,43.428677073686345
539.5160018290411,55.60767147029783,36.62916032764691,43.513248196038695
539.3528159553268,56.9133657357337,36.4243904959244,43.60516061807833
539.1833311693391,57.01453571095916,36.27416996627625,43.799995920065
540.1900948747993,58.064381899038935,36.19148710072031,43.917632092336845
540.6990940340387,59.21208473807594,36.06012593348275,43.96819179969985
539.9163886524251,59.42709396536328,35.95328630665732,43.97457191089437
540.8659227922741,60.019840399238774,35.87282511886283,44.10948536085425
540.4874234642683,61.02625351447594,35.74659541326792,44.38280338697171
541.2947453306916,62.01694189856343,35.56469975972113,44.27267844031468
540.270532525841,62.035627696484966,35.51906542526972,44.58212907647959
541.7466106230003,64.22166678135287,35.34539190650337,44.749850120153226
541.4090375798169,63.41290717688604,35.428915223037656,45.011236106506914
541.9478372227509,65.31043134317612,35.28958829415667,45.20870929835608
541.006476440697,65.36986745085244,35.22817228502211,45.06267238163104
541.4547465474287,66.47680155977068,35.14676343781162,45.39643709645755
540.870741073263,66.32236010507398,35.07611655399738,45.71104565317377
542.3215674967414,67.95076667418206,34.947346168588446,45.96486765251559
541.937368865241,68.95441190029375,34.96721006347859,46.18803069150315
542.3906405874159,69.43947033740835,34.91456168729742,46.20667446743185
541.1715181539303,70.28159663925959,34.900511966179636,46.32197454279129
542.0314156648691,72.03369189642329,34.67940707262848,46.330966430120974
542.7341045433058,72.49499392969416,34.5950053346607,46.36957213759657
541.329181412996,73.42374017234081,34.571201721546785,46.63908832883221
541.5181631528237,74.25438098376878,34.810937745789985,46.61834265663696
542.7584643323391,75.77279442693285,34.96601129389411,46.549520235411975
540.936291273909,75.39736542942967,34.65729225381784,46.41923728307642
542.4509500883655,77.5611413565456,34.85340153721243,46.404538765178785
541.4606047302792,78.0472272689142,34.83910560005718,46.478339526119704
541.7173407520363,79.87492676990847,34.82602939098879,46.426859314948416
541.9229205106419,80.51387202013044,34.767391442314484,46.29898333419597
541.9527553486071,80.60903862194425,34.754635311962915,46.16683425137239
541.5798738123469,82.40957680621439,34.60422204628742,46.35345925116403
542.2438581164575,82.69028268391523,34.613654708932465,46.661091501633166
541.257097708552,83.88337337691753,34.663247383149525,46.81418600025685
541.7969613022277,84.494797791107,34.65885689051557,46.92648026117235
541.5202536107544,86.76308382533526,34.40626119272046,46.85238015469093
541.5690671788027,86.83595385927556,34.25325087356173,46.953086159865585
541.2944251396426,88.29058273315852,34.15756346197545,47.38604919533332
541.8306433356424,88.97538197178437,34.025382294680746,47.58206625286403
542.2243149949205,89.95435801386124,33.96066506617416,47.83763970238644
541.8271410042886,90.64075698728733,33.891609905939404,48.010413082743725
542.7153985896487,91.84515895432604,33.79031498630285,48.268224873229904
542.0964868876665,93.18182666159245,33.66763769694575,48.62788730530049
542.6458871749422,94.51118670757509,33.45731569953133,49.15906737317102
542.479148455185,93.77582838055945,33.34588797718813,49.33756021605271
542.1166120267523,95.39129168297737,33.3371861720358,49.429360814586005
543.1513578125869,96.23999666864603,33.128210194849046,49.942165934954005
542.3323743349173,97.52855085548053,33.13561675208646,50.17478928316305
543.0805644904515,97.11187736239235,33.10884927785585,50.51166581798444
542.9310535529946,98.8546371231245,33.2283662068953,50.77674973394383
542.0604798155653,100.198528435455,33.254375246390396,51.105130458434445
543.4281641387468,100.89170240145917,33.14943348372476,51.544760090284136
542.2311286304222,100.91122969858236,33.37466933725744,51.182844599450405
543.2700274065718,101.89308688241,33.46633494261204,51.35405345147589
542.8110357624053,102.39783923591857,33.501231072742,51.23089901854476
542.8168991762368,102.90172847196976,33.4139128224614,51.22464165697703
542.550876561625,104.6710473615207,33.28189930677764,51.558714582678626
543.0052368912337,105.57030438323847,33.22269283394265,51.694171944272384
542.1023089201807,106.37410123223081,33.37381058825865,51.70765471094071
542.3182855723069,107.19421527628535,33.32404429286409,51.76017445417625
542.3297365791245,108.17118708288675,33.19771376641721,51.815790949158256
542.150245408082,108.19980220387278,33.2935692881763,51.64254603288029
541.6998671670962,109.1575333075466,33.50519957662466,51.47357621139691
542.8602827944252,109.41001177514053,33.71162576444093,51.17447753660217
541.1407357264678,110.9667218118082,33.84613730453033,51.07431615886926
542.0096167444457,111.29879458901156,33.87299104272947,51.602189947838696
542.0318198553668,112.04590499735193,33.95204509880193,51.88967522589981
541.142670711193,113.10181781232859,34.05853109123614,51.93637410919108
541.4227295573473,113.81390634255885,34.16634877032631,51.75260260827035
540.1835887644323,113.81343152918942,33.982450409256856,51.860977134944946
541.1245766945091,114.27372459825996,33.86490686016135,51.96287041174376
540.7386126917561,116.03908926159806,33.42362976656162,51.99495245973186
540.8248800101854,114.72534362131373,33.20921293884962,51.73995906584678
541.613964026477,116.84264706317188,33.539009612687245,51.42849819157566
540.1485516469074,116.98337661635688,33.421593948624,51.21081333565343
540.8198933939564,119.35833228502707,33.7616048896457,51.09541537645636
539.3035158773866,118.69242631002687,33.60016822852557,51.09108895880386
540.0150045035118,119.87706823509615,33.3764211703669,51.291761411308116
540.735729163459,121.05040152543285,33.270719330864914,51.665516621711404
540.8141819838773,120.64164227007424,33.10988620401092,51.11929135038513
541.2166019030024,122.44804605804583,33.07267080356995,50.96473906542708
539.7592191247571,122.61048291310321,33.07172018879578,50.64861466523954
540.7740793233786,123.8070435848766,33.13780281393746,50.35400120285731
540.2228244232849,125.38970081179328,32.97609774081083,50.33008732466177
539.8093094213261,124.10464532133881,33.01175973706851,50.01407941671573
541.1312766241373,125.93476845679456,33.17948919748942,49.739660925574135
540.3856318875381,127.41138163380022,33.04990760364049,49.7884265587912
541.1378312426282,126.48212600301993,33.085268052548486,49.506951782143766
540.061380913625,128.26114974133046,32.98718451866028,49.66002348048
540.4572187113826,128.01448690639322,32.956913318248766,49.725078720981685
540.6879811782277,130.35652200885187,32.87416320631675,50.03274015974117
539.9687135736737,129.63650009824653,32.70806222310309,50.21943896828703
540.6956159172631,130.82809505725785,32.716760730732986,50.44058102047919
540.5677582797432,131.39967456092754,32.68112543247172,50.7571122263433
540.5260223125022,131.74006497451376,32.715775805915314,50.77282281943988
540.7539350312678,131.75294457592838,32.938720791319305,50.60466266641718
540.130942654193,132.6807123724478,32.90555851654604,50.6348907185505
540.727417641473,134.30250545112912,32.91987105800771,50.65357072024544
539.8938500016477,134.91721209516564,33.15153837920802,50.5866652046181
540.2336070174845,135.61878413636816,33.32108744596507,51.098834962125494
539.6881700028514,135.25043537153974,33.52226577124789,50.78984672365489
539.9987555636789,137.5388388978028,33.55613241032756,51.35129908198688
539.2085222084618,138.11485416567328,33.689380106593845,51.87957653059808
539.3429168012187,138.06588312970456,33.798613949453824,52.32143481008744
540.0020698459592,138.70684397302415,33.980016750887586,52.996154559071414
539.061861533158,139.46470866644486,34.243881500421956,53.26126914538979
539.3742156454216,140.14327815816728,34.33210574335551,53.40844112748299
538.8835541650968,140.15914981287847,34.551610235434225,53.44980678172895
538.4772960275557,140.46840656477684,34.67276162614013,53.28143619794944
539.3019510339135,141.14917936743416,34.795692609785114,53.644791315138484
538.8288666438925,142.27690475124655,34.90601019735272,54.00023570437407
538.7519060021378,141.6327388123354,34.94492668805272,53.95506946188843
538.4081064525632,142.119466498176,35.181890354004935,53.06128841609066
539.1158027100115,142.86486250328747,35.14072989286497,52.579521383551686
538.7072232635,144.48505009146368,35.15214020400165,52.68777830444354
538.9009014017045,145.61155510530773,34.97562485316716,53.04225810105048
539.2982914587155,145.70072447721137,34.96187455958714,53.85556654113834
539.546596600912,145.45935166315977,35.07059802067375,54.16340235404929
538.5821836496697,145.65141858102098,35.39016932454082,53.969413295624854
539.5246095842593,147.40315885019393,35.22517943961462,54.71782055558829
538.5852187459859,147.79464889997956,35.55698884138099,55.29409755802967
538.6425520541493,147.5630583904197,35.6022775328956,55.46805514460846
539.0926543000529,148.54939415599102,35.62842387307387,55.98812686717374
539.5984693414734,148.66420930374898,35.696915903460535,56.522471774695056
539.7613758868125,148.3381278558242,35.771381708875836,56.83733577065562
539.1422163558474,149.58853498012454,35.86364328427209,56.87114824439076
539.0632235748772,149.48980235484447,35.774635110779954,57.62004723699725
539.4498970228391,149.90669420300105,35.75643519514173,58.35229499667776
540.0100506559634,151.2421451433131,35.71539626518907,59.27586886220844
539.7906707046822,152.2818130168225,35.80441792750959,60.1745506837779
539.3773798422601,153.27011589073192,35.829614309278924,61.13013130108665
539.334255190848,152.2514719019531,36.15221663694351,62.1108262181508
539.0588278351161,153.11524597108973,36.34966697547674,63.093841977964075
539.0173477634934,153.49836332465364,36.59249650646809,64.16736697828713
539.422735436318,154.43272227285814,36.83462159435903,64.14670265644023
539.6340327169842,154.07077884832,37.00724742000864,64.22027249225279
538.8687662198507,154.18795083660905,37.4913987023158,64.66887287306986
537.9894984345603,154.49552444660344,38.04959364427268,64.80587589064136
537.3142495784678,153.98299473522383,38.56584102553279,64.74740321844516
538.1468076869176,154.64832620534577,38.50090734189734,64.07604281087411
538.464348844705,155.29245718653357,38.78552064209081,63.820234981532266
537.8531474189659,155.56002885768257,39.162242422287605,63.89808791942759
536.5295684409601,155.96407947652224,39.59610682590041,64.67157280426107
535.3151979113014,156.5813554738207,40.162067314234086,65.6595211339134
538.4788597138223,156.7967103367593,40.4420678325749,65.98295279835989
536.5791523023127,156.72430703945776,40.92557493884302,66.51825195144227
536.2539985904755,156.98679940729505,40.77049343505758,66.55253771690445
536.8060092067874,157.39263719103297,40.45846438993391,66.51304205102846
537.4773297893296,157.7287761942955,40.33562405473678,66.83149099228788
537.3048088953672,157.78887855897003,40.261722258696295,66.91689291722518
537.6869695884963,157.9174282372374,40.21502941104688,67.26859081286864
537.8926611725574,156.5213726291331,40.22810879976346,67.36364978870549
535.1574247585565,157.210658115979,41.34027474299947,67.29335928300081
537.7374691732418,159.33756000215408,41.79905044991444,67.27024169839476
536.7106325733686,158.43128185830523,41.61048846594515,67.54812012297148
534.7032416214557,159.29623721138574,41.782735827687105,67.88279987091198
539.0508471921848,158.79839597620148,41.78088215388012,68.06518149327331
536.6542386947574,159.71170416734373,41.839423264488296,67.77567329389593
534.6757872556844,159.97262288618936,42.14779875882976,67.13100367713514
538.4356634983006,161.2853798739683,41.777290582069085,67.56291877681831
536.5466140952233,159.40230345704774,42.12783144297231,67.246559708804
539.6830019385177,160.68841466575546,42.11385721664966,66.96838250127321
537.044769264845,160.44747131106942,42.6069391945494,66.70744781524807
537.299356248478,159.56316584201522,42.430837114776345,66.83820286594344
535.356103099818,160.79832703997704,43.02502411430573,66.32291305707119
539.398442847567,162.66624913697729,42.93019275570967,66.95621568695375
536.425569469782,159.97716995015298,42.989879273395246,67.99634753701227
535.4094330780888,160.14364821417905,43.38368808278266,67.39073501526015
535.5935268024391,160.27081095059947,43.283145248063164,67.17105974898513
535.9682376455593,160.4152799943073,43.31362661606025,66.99833575066512
536.2120958807863,160.8267811822034,43.12503027376104,67.21197401894638
536.9129856115643,161.21107456449715,42.98864192357891,67.68714927065528
537.7783365235177,161.3797996239491,42.892142103151016,68.18025256418875
542.3810262013866,163.4628898083094,43.01031011069444,68.39612986224674
540.4379355503922,161.08400801971436,43.353825454278635,68.82736918177696
539.291524715645,163.18110344048017,43.36491909452208,68.58803068285093
539.035120656573,162.16142833102634,43.23833674406875,69.02043276447525
538.3724063299652,164.2139124907366,43.069356193754835,69.42106823533794
538.4781179337207,163.78357789812753,43.11363777659769,69.97179764866539
537.1034621270832,162.21739348056335,43.3089690393783,70.11088178149276
541.1854395968184,164.8239226558585,43.66934614641678,70.74086580455969
539.1936030895158,163.15768033540556,44.14052555063967,70.83371187849473
538.1498373781039,165.61913794887198,44.64576668167723,70.74696494074647
537.7167324673875,162.8710862702892,44.462335847592655,71.39406641345157
537.8686302258894,165.0728868504204,44.645715765416625,71.41802319844064
537.2157276184671,165.75516203021624,45.55812910284846,69.87271925017251
536.398642732194,167.37298947865656,46.42376504952011,68.39526559478507
538.4595952196293,174.74788625159889,48.145245771060814,66.78320741572175
537.1869911741779,167.47908018504785,47.6063407409308,67.40285842821837
535.7919559312942,174.91400504861085,48.51575105042119,65.71768677879008
537.7521315226257,177.03966589614117,49.727065097555474,64.51204155353228
536.0414508614693,170.2918528704547,49.25823677219368,64.33646971366991
538.5674005601294,178.49436104608756,49.95999423903988,63.505954400001805
536.7784101403188,176.9531095237286,50.14471531494326,62.51340995173877
538.4686448001829,179.13124840162732,51.146745213202216,61.691249179355054
536.0195948445182,181.12630115223675,50.794780751515276,61.48554485649616
541.3603490922188,190.5894091186546,51.50326592371651,60.80765427156084
537.5657732769166,186.43878078171002,51.72651513046234,60.66164055207843
536.1327156974436,182.23870174916996,51.50152864298499,60.30130057028357
538.5056353530978,184.5433611601224,52.02575273194518,60.22791619662085
536.2038370620585,181.04282373019242,51.49257668142487,60.582198644676645
537.9748725982622,183.7468688733283,51.78882777164561,60.65033182718538
536.5645715711319,191.63156597369326,51.75419019616086,59.87411122569864
536.1700428334084,193.01949530262513,51.704984994415085,58.90927186924936
536.027886208131,194.2002799504189,51.71176414753669,58.355951331977906
541.0895301190712,193.80220433442585,51.78553786435249,58.32706019698249
540.5464578523341,195.16418593593193,51.836661331161075,58.24994066576904
538.944411026952,194.85707108690795,51.588356204917396,58.19286685315109
538.3696649059009,193.9743157355421,51.10088949030117,58.11206014541375
537.9852416234753,190.12729766111968,50.894470313803964,58.0083138731465
532.0758314212849,115.48882120696908,50.20955708323609,58.39870061933834
533.7796260854734,113.62437169943713,49.38987840701965,56.74795380996986
537.1668285116607,114.59078328088337,47.80220203212315,54.9309662243269
538.7227156143924,114.63609656680052,45.850544499175705,53.91668318886958
540.4749747307022,115.72902234083759,44.03776820991544,52.587030190066066
541.7726879565973,116.44332511825736,42.55670840870644,51.50896679311492
541.5018047193047,118.53280429434375,41.257953428480675,51.257782870263426
543.5059758761338,119.49042249331339,40.20498106416336,50.76694596744899
543.1270820166557,120.6783077618739,39.20918261006206,51.003190439254354
543.9280776542355,121.1823580792551,38.619976650415964,50.83555296596046
544.07069363171,122.5565118906467,37.970936659616434,50.85294115349522
544.4676500514681,123.47770261334682,37.46613838475742,51.05334845206778
545.3146542814403,123.41931914858694,37.05099263958055,51.18426733661097
544.6595115647821,124.34728049305036,36.958328620496786,51.1156763480091
545.0401853908903,126.44945143508431,36.551145360036315,51.83006376920855
546.2600665182295,126.22607377501228,36.300527001461056,52.00487516254138
546.2975589601779,127.07387051472963,36.17674880540199,52.11559269442108
546.4664405468718,127.27809033953642,36.1536535125492,52.1136180089589
545.3761429469995,129.06864079147883,35.95886223577705,52.622521549196385
546.6209456207466,128.63101025241374,35.88852692688758,52.727805057746494
545.8454038906752,129.69982940316436,35.71004858130519,52.99535340938248
546.8825235961515,129.8253109035433,35.73900293027095,53.16044790588751
546.7280217079579,131.19733689338932,35.580826961222485,53.46222093077313
546.3770478322991,132.42852421483283,35.5858837027324,54.140805550734
546.642402211831,132.6535972930733,35.574939486248326,54.41907530068239
546.670193957735,134.0677346910341,35.55064873469579,54.886864881591826
547.6426928014336,133.7611054268075,35.520205285618175,55.39404011380563
546.7231323637918,134.48935489233094,35.62978617047656,55.41510361027954
546.3574992803088,135.47853462624101,35.66851008251772,55.53986137001369
547.6001304234483,136.56280233715222,35.78048323744683,55.219087221575336
547.0061130090564,137.21456955662273,35.70951299649784,55.82310633621556
548.0944919530627,137.7021585887117,35.57961556495183,56.183844552784066
547.4311933337356,138.50996274992428,35.65224802184513,56.27105212067116
546.91184273642,138.88298584027936,35.72751797734806,56.35660654640246
547.120271923431,140.7410460117107,35.851471499650096,56.25443264137553
548.1919753079346,141.23825167414307,35.68779617118717,56.46975527952346
546.9813613234403,142.5650743593801,35.936518046196824,56.69691039466036
548.8347804316628,142.97565678094455,35.876726634179825,57.005153076594
547.7319774235474,143.5506997788487,36.14203886150078,57.07845873289294
547.3043612810559,143.92706696808258,36.23774173469114,57.10821621719909
548.153561346553,144.68388726311343,36.1080177177791,57.02539156227226
547.8222334186656,144.89269132564635,36.22655528837491,56.53093068344799
548.6725447629909,144.47645139209502,36.09830181759677,56.09228356500074
547.3320554102162,145.73142615842283,36.30486355193966,55.85028528242137
548.8640181032674,146.4344112753762,36.13569567506878,55.71084305888304
547.9666006186471,147.52751770602774,36.29902849282012,55.35926640897519
547.4237249420445,147.89085859081058,36.34073010618774,54.988438524821724
547.7489609161797,149.29959784029927,36.26269484824776,54.8480842877004
548.4331342191044,149.6437260485563,36.17186591875189,54.74333320365635
548.2593219823336,149.8906901773068,36.23837220796522,54.49196560103395
548.1419497575534,151.48345655009692,36.15705861786046,54.39382900032065
548.7564720796216,152.43963191658975,35.86502432156719,54.42255049290566
548.069401867773,152.40116589766905,36.063258802347754,54.02932359615383
549.054584609033,154.71070407831104,35.830062108737664,54.403970627356465
548.2497644967738,154.45326425392645,36.044515670582044,54.261838230742164
549.4729795105718,155.21917543069156,36.035368682079095,54.31093645426118
549.4491597842032,157.3092976005978,35.954204106781965,54.52818261585256
549.2313621910727,155.70098856905236,36.213042717339476,54.10659276649838
549.2216202770184,158.33023856421875,36.09570464961019,54.51570723615703
549.2335151776052,157.7872028467396,35.67419626985961,54.482849284976375
549.2823908614788,159.66222168488721,35.72978269367451,54.42540065325208
549.7534743306999,159.21471817349837,35.42508307996607,54.517473089027995
548.9234871863652,161.04588400325972,35.58777879750664,54.62619069059842
549.3643267838878,161.7000584484852,35.74183759379425,54.255872341090615
549.3544868580213,163.29926450084747,35.87481466957195,54.50220386963636
550.7509464251326,162.95354100376306,35.8737725666758,54.4645434242872
549.1319259497271,165.36378325259017,35.914151163971226,55.41595290475185
550.4804527224509,165.14980571542372,36.015365698281414,55.64262090320757
549.3181776066643,167.55419604753072,36.17359083753879,56.329863417094145
549.849388739718,166.59866829660092,36.52372510047633,55.94687227855765
548.4163863893394,168.60901459163898,36.76254970174629,56.18212775519296
549.0037653737593,166.84845555225797,36.47607802545957,56.086410716614886
549.5634694589182,169.68237908882384,36.22877503635897,56.10844782927414
549.5278524689141,168.3820494422029,36.20917945769659,55.98060508737501
550.0676257958872,171.31045602791895,36.097503635240045,55.91789077000789
550.7150548808592,171.44333579811797,35.72835465328051,56.042659372062104
550.6088863412164,172.57607519428666,35.51025345246056,56.15077224117797
550.4385986143095,173.15746568283674,35.42453803656138,55.90287410280381
550.6509071743399,174.13384393947555,35.23605645889354,56.13746738582138
550.6694204986406,175.13720632343924,35.26568407521874,56.41781265382842
550.1433574486707,175.71320471219678,35.39306169483882,56.5431419833385
550.2404022280621,176.84848819506794,35.37312114266112,57.182247277880585
550.733593902324,178.04184833808418,35.34624162361651,58.36310435390869
550.0630657349983,177.72055536306897,35.71241994513392,58.38850572456671
549.8748155949371,179.73921128657554,35.879254896991974,59.5298542703148
550.0247647239947,180.43126541001925,36.15920629927331,60.62999847627768
549.7796497706788,181.13228998253345,36.41712312428314,61.97988052174
549.406401140477,181.2979417052556,36.93262984072519,63.08137355456723
548.255268196806,181.6797558963369,37.73979248805411,63.50643309297499
547.0111153770135,183.5696882122408,38.37981078366009,64.85191130708391
547.2042613903434,181.6871726787264,38.630340205803364,65.73282357871786
545.9432686877835,184.09648033635006,39.506536941336904,66.61346372993168
546.211251027113,181.21848337568588,40.093058496389084,67.28032820332308
545.1294482762427,183.31936107727844,40.72039254522618,68.28075461623898
545.3584265748293,181.84999167392627,40.756850098767636,70.2116631607592
544.8291037915866,186.12501389350746,41.47510930436932,71.8029046178981
544.466547995173,183.6373752363338,41.88490815400975,73.33486380365957
544.136344271325,181.85383157826948,42.27187848913592,74.71820144403753
543.9981599461004,181.27166173882563,42.675386305582705,75.28320116091959
544.4160868067962,181.3134968622147,42.91639205837311,75.85534907849006
543.851935042898,181.78370080326073,43.60634139200509,75.507836286978
542.7349137019162,182.31796377633268,43.91060144495583,75.63016715521854
542.7310086722144,181.45050255378726,44.12042477342598,76.47965944312476
543.2472432077373,180.2154773156138,44.150171269015495,76.87489488460533
544.0964989121547,180.1876426975181,44.24256152109988,76.78562741020068
543.5642233170943,179.97979726677195,44.35201050594419,77.11882159882424
543.9135964342448,180.14475789139948,44.10994656625037,77.74872067971214
544.0171094915537,181.16627497385454,44.04408928441143,78.51821607870585
543.3498305461808,182.2539758135485,43.97616550000919,79.08297724874424
543.1532183709228,182.9307003273476,43.80486889543954,80.11145523454317
542.2426046642433,183.19454201128272,43.8164555436082,80.44749043595169
543.1368237440852,182.9499287450002,44.020983439794655,80.6799862928194
548.4978236418067,201.99171855218881,45.10868747125585,78.88769696164532
624.5221191838053,168.7250906284857,44.09661066948534,79.48890782614137
625.8881234138582,167.94142489959256,43.19565999632094,79.92790964926118
625.8054230871853,167.83320381944665,42.623487085614286,80.24288472466839
625.9669627117847,168.46698328581778,42.04915387389852,80.53968557605245
626.6928324792026,167.64922619066846,41.64149054336285,80.66946293850071
626.0050412468737,168.0472717562987,41.43109712262935,80.70169695963742
626.4732715590898,167.55743534078397,41.292202018006925,81.00326276742773
626.6135462647347,168.08307152601074,41.24147524236773,80.74839648723372
626.4399934492338,168.62164219105824,41.07119109904703,80.74826161637483
626.8457029158131,168.64062768281713,41.06260989534236,80.79444718332412
626.4533776420628,167.8581361593031,40.98464306937649,80.71060434648682
626.8192833740251,169.14017675241587,40.92250975705941,80.60178415231144
627.321245918099,169.40395718999014,40.71053316620712,80.5616454156154
626.8936897384923,169.08999476624012,40.68795449491818,80.53032679864555
626.5702034011191,169.00375734360716,40.60048493562532,80.63733708769428
627.0708665873498,168.74308164108197,40.66772655442055,80.6734578382666
626.8224822002186,169.02337343571136,40.58247671486759,80.73655722477686
626.4486554018021,169.29488787324487,40.45472452327902,80.89603596479925
626.6318447108813,168.9738305273647,40.54366143542081,81.03985329303991
627.7123546157056,170.79585712441855,40.18019754923408,81.87107990697663
627.8819482230695,168.61689531208867,39.84914591217012,82.26043759077947
627.6221694026864,169.55830559616962,40.11957208201751,81.95631720743968
626.943690968052,169.62161601942267,40.11698789274601,81.61906169723252
626.8132644613852,170.33262782042584,40.132212802465745,81.24476722978582
627.9459891009244,171.18193553424666,39.964380434321896,82.109477207265
627.8188934008456,169.39398746725138,39.63107996455304,82.3264360777668
627.325160800923,170.9268340200519,39.40229164533999,82.88920624044582
627.6267771284231,169.3038891138108,39.23192437158067,83.04709360961438
627.8234899327737,170.95176794075434,39.18549861672881,83.59253678427956
628.5812701178376,169.78401931605407,39.09042576967998,83.61905714502348
628.2118960258588,169.67728068075715,39.01751646529155,83.3467430304435
627.7749234773497,170.5793972254121,39.496784012709014,82.67724576381123
628.1010271904747,171.97283345402965,39.3968480717877,83.30169446975363
628.0569416363654,170.45920806648536,39.29315880221781,83.21137222199982
628.3027594398164,170.06989435053896,39.147540347386666,83.36448443134319
628.438770749656,172.08606833921104,39.17059937295787,83.73953706206173
628.4602689362542,171.0358394776797,39.18071396063227,83.46916234188708
628.2839807086799,171.41427322088853,39.29956842936805,83.62815270697475
628.1913923790892,172.15980241044875,39.35712896618449,84.07614774410645
628.456947334201,170.44229085566676,39.26559091341335,84.00991319566566
628.0782494340858,172.5082795539279,39.26610559582291,84.11331358768705
628.2670323997133,170.89239780696764,39.1983306334628,83.99612454979304
628.8481072928271,172.88619170045047,39.108691804953175,84.3330597349343
628.4792701207195,170.49752976552628,39.10844324229265,84.13926658512933
628.1273664255403,172.92170863849827,39.017761010535,84.35495999046103
628.694120146233,171.1226574582422,38.94916302730998,84.39753204129602
628.6401913220841,171.56658920085263,38.83829469627961,83.77501344404705
628.4036034014401,173.92022608123997,38.70209076919612,84.36340828526211
628.6632351438462,172.93947487879828,38.69774573092468,84.31925635512351
629.1572668022685,172.72749576135772,38.68058008864077,84.15499584143518
629.7378851703679,172.71761570276948,38.632314539079644,84.0591221281835
628.6142621391341,171.94282591595731,38.600595843628184,83.66246175353511
629.413219877595,174.1421836252166,38.75584108180937,83.99622781466131
629.1453002126652,173.7619766191463,38.87391291675205,84.398777804547
629.1733656299599,173.30495827460243,38.81950375964946,84.12216045425178
628.9675088753073,174.48120537869517,39.08464704836498,84.2913489853241
629.1102893544885,172.89327162935737,38.95448143390243,84.20756744568489
629.3597155906917,175.02075419773345,38.72126585262248,84.68836347455165
629.2867665760357,173.26960699752397,38.69485384253365,84.66940571966664
629.467378170617,173.6744154485583,38.686304154147116,84.23408178730166
629.3830670493138,175.1303824775727,38.762558889236225,84.3549085878086
629.1439939706356,175.85876402178383,38.885995957790215,84.71628254906138
629.0303591399054,174.10288991024566,38.80473037120956,84.74783930294521
628.9452616927701,175.5251149875753,38.77963471489062,85.0515972896128
629.2133511180917,174.82222802519797,38.90035525685215,84.89131245944651
628.8305425543564,176.93415176116648,38.943572076667635,85.19621731447484
628.9632129682765,175.67085291124613,38.831462914319474,85.04750464100928
629.4614482115815,175.59353200398846,38.811096508386484,84.83219929027379
628.8978327746975,176.855080253189,38.961112688131465,85.24916531476092
629.2066697129659,175.54832837403796,39.002156920725405,85.23468288035971
629.4410827305994,175.40190770560412,38.95246022729912,84.7545985423121
628.7342067504884,176.21044612772715,39.09038752149792,84.84090514380577
629.2627821474624,176.09450057415395,39.21031545145731,85.25400456346365
628.8864704348799,176.81211964756673,39.36088451909357,85.07841104420918
628.9140832490042,175.7017420443388,39.250278118045905,84.7955837730955
628.6342984736118,176.41457535846212,39.426385806027994,84.4811582470675
628.854538324117,177.64106742490566,39.56263450858601,84.55157632823068
629.2764702489488,177.94698629471532,39.62886426444061,84.75453551320241
628.4268259439657,176.5432111620429,39.52736244529164,84.41136995060535
628.591722177654,176.42807296433614,39.4474685159085,84.23181261675174
628.9117894160315,176.89385980217716,39.326450083197955,84.11169073378669
629.4206598977208,178.2956803976101,39.320155834220486,84.18375907661223
628.6062344368331,178.26307612427135,39.411664326834874,84.25338402013115
628.9997712547035,178.10633214845546,39.454234894280034,84.11642205802272
628.9433910162461,179.06139378387743,39.463353011819066,84.46599646288375
628.6069992956993,178.43313095927923,39.31999443030288,84.39835486049327
629.3645269058877,178.34303496772205,39.324638306605635,84.38725595839759
628.9938370868928,179.10098089557832,39.361224908611646,84.57873915227611
628.704501287691,179.04242208426314,39.22547231410978,84.47102625177322
629.591207540351,179.66878027039172,39.36271494966641,84.5897186996683
629.9306504138326,179.33665858390006,39.419698193124646,85.01438498787189
630.0848614828099,179.1857842790533,39.425970191551215,84.77993152446818
630.3845861279502,178.7488058010175,39.25466648871485,84.30531384217309
629.8916357746197,179.40807190651097,39.2633459448419,84.37981513567222
629.0956889008792,178.70041725123983,39.336525860421304,83.96822467929252
630.0784221841596,180.4118025185935,39.53991829883456,83.76183116446737
630.2624422782218,180.3110158824731,39.49756551915761,83.81874302506513
629.5591025503334,180.06187365933954,39.53072710403137,83.57160486963247
629.8125641732211,181.56714108077483,39.353795377707186,83.70026594579872
630.2552257125199,180.4473221847731,39.11475395871274,83.75766015221564
630.1310408041801,181.8344895916939,39.104677737623064,83.75728712082943
629.7741861793445,181.6326972011686,39.2280044113054,83.78390584267213
630.5368680549168,181.97981678369598,39.2694318369567,83.97276873698169
630.0533126299752,182.32507142360708,39.335141882320315,83.79242294316339
630.4074878620594,181.4415544231568,39.1558868890572,83.80351507623558
630.4300474669437,182.94462472457263,39.30128155834918,83.66619323332213
630.2728720490867,182.4169751376317,39.35930691074125,83.8925598834766
630.7566482056199,182.78607656230156,39.23686924601709,84.01008583920205
630.672012254996,183.38060700885868,39.26384241903708,83.87016110789199
630.8908066159078,182.21247505613553,39.14827723794889,83.6522737167227
631.103224883491,184.2189896774935,39.28995459877092,83.62003413541419
630.2422698667552,183.5055064699938,39.45991536962337,83.49658658423468
630.2781224904827,184.4289201457804,39.580368761599345,83.53223186697699
630.3626447776254,182.91399888220624,39.37085551316094,83.84210798253474
629.9878655916793,184.90850129730654,39.26187191956833,83.7382945929164
630.1150882252313,183.93155923983042,39.132569182071286,83.95424030378541
630.8280314875574,185.2090874491284,39.12510452192864,83.8368419567074
631.1322379953127,185.37878887370098,39.138584018262634,84.08520718541259
631.1356906852204,184.0511198744631,39.166300778676145,83.81346193002784
630.5280691579406,185.00094890949887,39.44622065446742,83.50175516248471
630.8739702281782,185.55415237494142,39.60089268467698,83.56247548322465
630.9927604936196,184.7846622792301,39.43637262163368,83.5121800761213
630.106974417935,185.7345079630992,39.595535777374366,83.30327387798454
630.1265405025698,186.82653148059353,39.4632952223034,83.64481344806794
630.717719362907,186.7583731518603,39.19286287709073,84.01497374502738
630.0848993489128,186.66230050972814,39.25232507438305,83.83181391311504
630.2746850037936,187.13713438717008,39.210530187122,83.88510719777432
630.3224315771491,186.68913120006226,39.16008787751053,84.03553516374868
630.4524724489025,187.56144466055406,39.23543371626757,84.08321919590537
629.9520772027267,187.43124485360312,39.192091737534554,84.16897362433664
629.8959913641215,187.51574082363453,39.056281836633296,84.43480403501425
629.9399613979441,187.8382213121164,39.10108469546655,84.41844627803654
629.9964940143706,187.47880626813438,39.05915478238316,84.66058741474664
629.4030720001336,188.32714291987665,39.31209082516977,84.85702617467001
629.2670580244993,188.66078860011558,39.34879382741217,84.53653049233087
629.5795915584708,188.71845291231017,39.43465424588886,84.61380654383073
629.7609975374177,188.6440050272587,39.4311661174077,84.62524679091965
629.7029022006121,189.86584842042174,39.52388062809345,84.16354640805878
630.0864376409303,189.68726171737677,39.49303010725937,84.38932286485752
629.8578327997678,189.22903829838455,39.44661564836791,85.00075035398214
630.0250470278656,190.34276721046615,39.54444469544334,84.76143919253107
630.3373529114415,189.88937450501427,39.519954605213606,84.87446174075247
629.7163564506247,189.40603217614793,39.554429068480694,84.76151685804173
629.9375141835163,190.62618601397048,39.552132375776424,84.71169136966773
630.2500560467248,190.3398639486126,39.49528351025654,84.57328498997703
630.671037227345,190.00972261010008,39.492250802183996,84.51356930732189
630.3461713304083,191.00958982697495,39.63270328535387,84.20738259924963
629.9961951697991,191.4349045720535,39.730447171037014,84.52486061870553
631.0044587859801,191.05590617321593,39.70250231134026,84.32032388280754
631.0570052241857,191.24936424846538,39.864844031944614,84.29472804910014
631.2970673800401,190.74267543519034,39.69139193569748,84.39776083655423
630.6298408761578,192.61517070909784,39.64901329272803,84.1625003893709
630.6717185926827,191.5887678915907,39.56436388063604,84.6827099130876
630.6024310756751,192.86563787433948,39.48101004993366,84.70233492065825
630.7580004998015,191.1951028279432,39.349531611370004,84.99786801851674
630.713068465216,192.5810269581822,39.35646550309076,85.01711835270426
630.8901410200772,191.6637565590113,39.36083601360008,85.35227474781735
630.7178793180941,193.49104350329918,39.29819570816397,85.65733063333515
630.8811781629837,192.35429795616304,39.44847827074623,85.75615150818608
630.9030671084614,192.90635730003976,39.49889710915267,86.01602908775132
630.307605991043,192.29674389095135,39.53439296097093,86.15857131177381
630.7667279619927,193.27035320277906,39.64358038789935,85.72961674337046
630.8822643618861,192.21113055105843,39.674655461752764,85.8957734191872
630.261783457585,193.485638614867,39.71542875278446,85.87715685249842
630.7512220359935,193.7729823852416,39.799130274098715,85.78920662263562
630.1824259005625,192.6979840522239,39.6752460282368,85.93974700224067
630.1956633690785,193.43762399722183,39.686771302324686,85.71578193921012
630.619626876971,193.86117718455566,39.62571321640265,85.49600121857232
630.9229666728163,194.76888664304158,39.761443271223044,85.43820358990001
631.1971152788044,194.29636931595138,39.74965068552085,85.69835906031119
630.6576745629218,194.59058922982382,39.70129491654908,85.84134374304531
630.3107846058072,193.7585913422865,39.624612258203754,86.07867313914498
631.0705146392717,193.62911949907203,39.57755702888309,85.87831270145708
630.7643674602036,194.21500509576003,39.417559607501104,86.13217112386477
631.8005849513593,194.91489315709157,39.41411723993578,85.95303208425527
631.4071419372785,195.14059372965528,39.62815089497408,86.02224246370974
631.1451657297276,195.55162714872503,39.650331263986814,85.99579016614717
630.6997293629728,194.2669572095415,39.547029993895336,86.2989299789015
631.5363335781088,195.72746300126482,39.45125514974386,86.34117904608955
631.5176308712608,194.58208057472413,39.48186331401108,86.52572198487957
630.9838100380231,196.31888846101936,39.50803206865184,86.63906819692349
631.2578596595506,195.05935495097214,39.57626285317709,86.47430567104323
630.7231209561193,194.42374369207323,39.7069390906442,86.2492954408094
631.4428022088904,195.20287285381602,39.79566241292949,85.83266252168175
631.5218519103314,194.93079783768718,39.77198102075907,85.6671709185215
631.6001071065436,194.81357306123732,39.716815213753414,85.38665285104847
631.3932462763808,196.32464012502584,39.63450061275889,85.35947593210486
631.2708728173789,195.06520379367075,39.69758424109658,85.35465002647089
631.0909722476771,196.46500313797634,39.669521029227525,85.25378609814415
631.675585569741,195.93261453523732,39.67628782763511,85.1223229977216
631.1186721181334,196.77343056785884,39.68300697232835,85.15583246728384
631.3342321581904,196.09238048921534,39.56111417998352,85.19113478159142
631.5343336853541,195.34439687233356,39.510534984584766,85.11312144551547
631.8653215197089,197.19986395494598,39.51979523487388,85.32996743165785
631.3243574416217,196.60301156139894,39.425826627246735,85.76186936659815
631.5304869124136,196.55048060131452,39.68491995292836,85.82536428154994
631.8541484656704,197.40317042675397,39.65031799156789,86.14934826287318
631.1549017443567,196.89564183829103,39.652211306975005,86.19554880708954
631.570303632635,196.53525123416318,39.586894605270416,86.2964750286776
631.7642909457217,197.03369575635074,39.64501633978058,86.4400480252037
631.9364288429103,195.85709698153192,39.679564213167914,86.69655706585391
631.5381980655351,196.14083408264707,39.91627884685582,86.35870662837695
632.0109468789116,195.27198395877338,39.99038053860717,86.12299293187993
631.6146995888442,196.2039895521474,40.045436022767845,86.30323771704047
631.3120906169424,196.44734523206495,39.958177574779164,86.45981073764128
632.2750390596173,195.19618550369148,40.048723941993146,86.3353642279728
632.2089103813005,195.43196770945016,39.97826220625755,86.02203316101036
631.9219072678349,194.93157618687235,40.05705572924556,85.63583328838038
631.7329432562589,196.2915998813637,40.03877257528681,85.5885156300037
631.6538417386024,195.37576784510605,40.038831836924885,85.31215510535102
631.5319886423838,195.06574512930626,39.98892474453589,84.90715573809959
632.3885813155448,195.50010219371623,40.0236378576483,84.4773661602898
632.7514120695334,195.06774538750255,39.88124165423646,84.51868219590827
632.0704153093322,196.68332924949976,39.736113611681084,84.72717859735636
632.180582155133,195.4760468259223,39.746610410668644,84.66395809561904
632.3822384681871,195.07790729380196,39.6653050234254,84.65471084369379
632.0773298123189,196.4125941644547,39.69523029586266,84.61064704654113
633.0644881853277,195.8277052313383,39.694866200869114,84.55518933137594
633.1788074055823,195.2526450555905,39.763774236485375,84.80573516466782
632.7960122218368,195.46504572085178,39.87571324727949,85.2966159711577
632.8978203368072,196.0431627121144,39.96750702457709,85.52067881499511
632.3187570814206,195.4925922149196,39.79529636856401,86.01285673708475
632.889795626976,194.94628267891272,39.779816085886786,85.78157868576169
632.3176480164967,195.3878296966393,39.73105102795277,85.82785958355136
632.8895348059766,194.79904279529364,39.77623621306926,85.57010180321961
633.3180872501207,194.137159761293,39.86740104962697,85.21730031674701
632.8405575971566,195.3021517733299,39.95406055668503,84.92712385073285
633.3421764306361,194.46172980695863,39.991129696290415,84.71259372379832
633.1256797660275,194.26990337846752,40.01170874294725,84.48937896937231
633.0113007393576,193.69627731414943,40.02816621256703,84.34739038012061
633.2176499610359,194.06389885271327,39.897811633651195,84.17241522825536
633.2340901462594,195.40252085343175,39.770368859346576,84.40830055649978
633.0477466407228,194.57430287923626,39.76150597560984,84.19164289984927
633.920512484821,194.4242394447744,39.69513571681894,83.87409005361647
633.5734390545399,196.077144106153,39.65867709432581,84.24667147220748
633.9151666843912,194.69668098304044,39.70368459030328,84.37781623382877
634.1721319060381,194.52403800732594,39.746422130541546,84.17579242897875
633.4889227977108,194.8656144170874,39.75443642606882,84.10446191656573
633.8051943730727,194.20428152395795,39.75248377379233,84.1661227780504
633.9403510766982,193.84175553236537,39.81079547931338,84.10037567991002
633.9758820102943,195.72100746589354,39.758967457295505,84.1446529178952
633.625258889605,194.92708895213923,39.73593626194078,84.95012456368615
634.1451035076075,194.0273538987603,39.750096484630426,84.98759971252008
633.8264726173213,193.06190139562446,39.706124620717176,84.90976500893764
633.3471017022276,194.9690850991068,39.71741658794765,84.95913590038914
633.9582008325146,193.82498972890602,39.782858302921454,84.66603925675747
633.6141523160068,193.57012334377688,39.840105736098934,84.34740598583225
634.2476147256654,193.90180950922428,39.8465704946473,83.98956804753277
633.7481693968579,195.5857857046028,39.88782175607152,84.37614394084855
634.321911866279,193.76131156575042,39.80908624502466,84.41635474983386
634.1614557254527,194.0513532824327,39.723214379653314,84.23085770076575
634.0143448201487,193.33616983338237,39.70360506953168,83.7167458486375
634.632435084971,193.15105555516902,39.63964608129194,83.33251198412378
634.961477243372,195.13490552056433,39.67039255739373,83.69288936961738
634.8589788950671,194.12437403156468,39.54893980017284,83.71278481183482
634.4824587248634,195.5303819646122,39.363052907361066,84.1333815556031
634.2868458596824,193.51555477167318,39.40599886353403,84.2628575090165
634.3651142851761,193.2680289565048,39.4640984724934,84.05794288750313
634.7494396740141,195.4240117934646,39.53195126012875,84.24171762724932
634.1724201633302,193.54076885323087,39.48220319310233,84.31954836970098
634.2704909682445,193.13686297869225,39.53929161857867,84.1252983941155
635.0181301262496,195.1640166664416,39.64379195475986,84.28118083795272
634.5051712367951,193.9140119421382,39.672256520930574,84.38259161560003
634.7080878361652,193.3415986783575,39.66121918701111,84.21945691765177
634.1214820226021,195.01691576532568,39.65373444591967,84.37773983699239
635.5139332574355,193.90851690019804,39.67359028657094,84.23680479442055
635.603970768105,193.88311491933916,39.71529677236643,84.22059093268055
634.9860351579563,195.09193165442258,39.51872091682007,84.06010715886383
634.9804142376231,194.08066893627162,39.496846826631064,84.1742728291593
635.2017680495626,194.0052413570403,39.551711654581936,84.11679944252839
635.4392765960976,194.12809858525688,39.58666451123436,84.10998549855213
635.5516798536454,195.6638006466697,39.59998384192858,84.52941751922015
635.3719790120451,194.50734839665796,39.493422489307136,84.48744836201703
635.4213888338103,194.51307273978267,39.47410083876943,84.32237630345125
635.6690817669579,193.58854345077964,39.52698698613838,84.48384869314097
635.5693957242365,195.3228436249595,39.420599284021534,84.59702257955304
635.5314529921127,193.97528045115854,39.53458645864848,84.49722633689919
635.9364837361472,193.94538906192057,39.61142050795563,84.1004818226467
635.2901842325576,194.96860947790998,39.445004980184656,84.50473316748673
635.8237811453213,194.0557759778115,39.543672403627454,84.48950368044765
636.1975202435154,193.70011088232167,39.57124884085653,84.22984810120184
635.9467505388209,193.36880729553383,39.598066967525,84.2381581017543
635.4864495848276,194.9357294390208,39.494131789024756,84.48155542626101
635.9014194507909,193.54130532117068,39.50108585401904,84.55472806953881
636.0730195612849,195.38765384723288,39.49532233885852,84.56916669475201
636.2398610602032,194.18796775692022,39.50645829072151,84.55593907336018
636.2737245590662,193.97234156247083,39.44991809016725,84.40718033287962
635.731713584288,195.5064188982412,39.480994545071965,84.6522409170762
636.3107420502856,194.46148824624888,39.4566586070723,84.62275798659431
636.1451435980998,194.05988889495998,39.40176281883031,84.27859803324255
635.5880101638236,195.33671262208804,39.37380954787926,84.50958946066977
635.9937043477656,193.7941821634635,39.482438243613025,84.52548490970294
636.3066550421125,193.51670071530302,39.55118380945554,84.21600438466004
635.8911937896199,195.20664162556963,39.41364837720009,84.70995169048483
636.3810430935487,194.55777526154466,39.34041184266879,84.75282306370691
636.205302682435,194.3004805870066,39.37432960795033,84.37012409033427
635.9144399295575,196.04226122871017,39.357087442311105,84.81153414901397
636.3679165829811,194.51151913198242,39.46932993052289,84.61170824191402
635.7776213562552,195.99376080146607,39.40679875998197,84.73889541609981
636.4531372751718,194.93238662108183,39.49509356609249,84.66179393288942
636.4775524551721,194.51044206196661,39.57463672467789,84.42043791867351
636.0742844813268,195.98268210501502,39.48921902523188,84.61154337907027
637.2846222609107,195.21007987784355,39.57951835009722,84.3965931092921
636.9295827791617,194.6596795570245,39.53395692606028,84.12114527204072
636.528241543805,196.3010173744334,39.437289588080695,84.59322990257326
636.8652312810228,195.2014700598945,39.48261270830666,84.49364827928598
637.2744741142934,194.73940241237477,39.60543828196192,84.16518111632527
636.8515716498766,196.33900897224225,39.595994342330016,84.6824084358145
637.3827827107856,195.11853311318652,39.718662762351634,84.45015334774314
637.4654252109339,194.47746718676294,39.71600502691231,84.2831520428602
637.0080019708827,196.02627169025573,39.568543672389495,84.34130403936885
637.1143370072404,195.7107466516191,39.6095878035088,84.3007268335458
637.1992575765777,195.46633552669786,39.579692052674375,84.41563859669016
637.8262406576883,195.4852814041496,39.57909891730072,84.1315080438836
637.4637761069991,194.91726038319567,39.579540356363914,84.11603746295822
637.7398510937179,196.30601720704834,39.73705192629569,84.2490410309816
637.8018181937944,195.24690350653572,39.707250723238204,84.18104540191652
637.2946819226048,196.83985767652823,39.47146544911199,84.8205505274314
637.485552394003,195.11771791149056,39.46836140292594,84.84345621336
637.8989876971866,195.1174684565104,39.629405418388544,84.42266558994362
638.4518930394153,194.93204002084167,39.709338065840534,84.06403855882672
638.0835640335258,196.83218983863378,39.63283363159727,84.71378403203764
638.53950337198,195.26125849580268,39.6090510488204,84.82415448442353
638.657287225662,194.3062282729153,39.63950909328552,84.61438575234182
638.1749253840959,196.07103862552802,39.70247690702918,84.38144144443997
637.9692641399904,194.75599808808013,39.67986902800891,84.30545519565108
638.2031950464609,196.98531338908214,39.66073956136416,84.28783983717736
638.0403580771024,195.65600222061627,39.65929212308995,84.05649544780597
637.9275206805247,194.96937357168866,39.77990894655581,84.04784683230818
637.3684124632314,196.55669408153312,39.637320012719115,84.49606529061612
637.8353106134609,196.2450305437101,39.71959217081702,84.41127011284419
638.2698559753105,195.55268417226188,39.778434961236094,84.30238477937804
638.0688783054319,195.02190253086292,39.6878397789044,84.15603859733983
638.114558958319,197.17326348536307,39.73344483572569,84.54690971354708
638.6093658451275,195.82398336442677,39.75713422277604,84.44327321431552
638.766204357388,195.14508189636385,39.782970321290506,84.21355495502968
638.6588506199195,196.7190508074312,39.59578444872597,84.66260151933906
638.5695801418499,195.58718198644226,39.58447109590228,84.6195943473979
638.5113103062123,195.75982285860587,39.534850511506896,84.21864815314046
638.6607804995807,195.1802691801227,39.61599252342316,84.31607066322874
638.4561891633723,196.01864050865538,40.26959216287431,83.56629449452475
638.3946788261007,197.67263091135106,40.0933735297754,83.97093585481332
638.5071462110773,196.59463131088177,39.878643671054334,84.94967513372434
638.7096006493865,195.53967069381096,39.72940432864216,85.02978283980502
638.2127254315204,195.33689107504583,39.75287691851494,84.8941867986526
637.7865522233026,195.7800894929576,40.24016088954836,84.26989131504385
637.4048140855689,196.08397280303797,40.587484777158366,83.9192947462194
636.8829250541332,196.2553731441359,40.92647028088287,83.63052001952177
637.2932790446041,196.24940840560413,41.05550855104732,83.50695819993629
637.0272658784027,196.25598583970302,41.24373377246735,83.3307710980235
636.6590970418415,196.12061748706398,41.327110310679075,83.24449806461784
637.268008470316,195.61400814327044,41.382948709566534,83.19277773014075
637.7564192578509,196.58111324222517,41.39947859399989,82.929607471158
637.5646623334965,196.22090624871373,41.42207570896687,82.98235579779953
637.2290474512822,195.72925601749614,41.41830987221833,82.98294548152147
637.2841935941547,196.34645803034977,41.668746863607375,82.49463437134924
637.2617620729261,196.32155250268804,41.622219631599364,82.6889098151624
637.2976395908379,196.19466344664124,41.57529186188787,82.90883155397567
637.0945869086711,196.2302433346117,41.585955306656174,83.03675130648568
637.5788116595362,196.8991536740852,41.52351386967284,82.98257673425874
637.5032138848067,196.76946026738432,41.562181512237295,83.10615147371445
637.2027802078007,196.26819003129498,41.69412344977938,82.97599257550895
636.9648228744269,196.3166011464686,41.904584718299375,82.82696839237641
636.9772010850477,196.50984207518837,41.85192452230456,82.7727377260761
637.0921303218543,197.02318588925675,41.799912957260815,82.87525949716266
638.1532610761955,196.52663857319533,41.23163191828214,83.55225868770573
637.7576935194077,196.1763093050295,41.29393830365875,83.45271884785865
638.181552701435,195.90091068507803,41.02496303977053,83.64037788890901
637.9245354894028,197.1529895296244,40.696395568502346,84.21595595573672
638.1129674635996,195.50157760617435,40.46015110667924,84.52793030770275
638.2954505274827,195.28486099160813,40.370671895216645,84.56319530081794
637.9367896228589,196.53783475003877,40.242091023113474,84.94240203124056
638.011261847718,196.77180864826596,39.98009252140018,85.99087793702623
637.8114168400344,195.07349874756278,39.98245272948556,85.9240980897662
638.5333678646814,194.45917935404697,40.0243757419898,85.74796447594177
637.7640511144617,196.43455551719762,39.73488007010399,85.87961676313532
637.7489382499156,195.2200108041938,39.78539191408281,85.74229517077143
637.753761401479,195.16553125975457,39.74055561727644,85.51962504297889
638.3860469347145,195.4213388265122,39.7825143111662,85.16528028137755
638.1028611582897,194.71265568094182,39.69651255011187,85.10521253340238
638.0918889099552,196.40615770727197,39.87023495498683,85.27881448354972
638.0855574353487,194.71349282238884,39.90059564268326,85.20464465576649
638.2069813381374,194.8067067972113,39.95896083335036,85.02589261974984
638.1015387795849,194.5270737433772,40.011272144169624,84.69236435676675
638.0401908420974,194.1394576311517,40.0422687169481,84.5185475256414
637.913214839302,196.48165229581053,39.88750160012908,85.02588631140557
638.3613975063114,194.99715782916607,40.00062985551144,84.92558985193322
638.2802400260284,193.94572891683183,40.002358101332845,84.7005658635524
637.873111655226,195.68593260285553,39.92562899641814,84.98473540343129
638.2512039680454,194.136358917873,40.06706075719303,84.86154934215244
637.6660976789723,195.02420679003146,39.903548836590446,84.92928113670727
637.3573910731159,193.76563396297465,39.95068370176483,84.69708124982053
637.9696719479547,195.66596652703876,39.958195497543,84.90771763917888
638.1223869654563,194.0582522378221,39.92516849412753,85.05711142375841
637.6566370521932,193.7897369565137,39.76320788001784,84.76847853899518
637.1924879842209,193.72201671535385,39.78590201110282,84.33750669164115
636.9976120177043,195.50038078131627,39.64463044178602,84.53587857154183
638.1003807597783,194.68631848684305,39.67709168162179,84.40274765778747
637.6741822969157,195.21274277480154,40.25323049634697,83.65620419232505
638.0137441031869,194.77952253857026,40.13573969582766,83.6978312392467
637.1443727114853,194.68665826185935,40.56428548349575,83.37547275367467
637.2419346174784,195.84415512718985,40.25302081417078,83.88862142756993
637.5134515862367,195.07308007147034,40.147462557958995,83.77789051274095
637.2249061400241,196.21032911328388,39.92348746899589,83.92525765395217
637.5392114854216,194.89248243025986,39.94244083173648,83.94884851145527
637.4428562029104,196.2861558056627,39.75653986192485,84.36562406556592
637.5341460898218,195.01319064444647,39.741396702734875,84.24563246149998
637.8345835099228,194.58679539726944,39.737660326983615,83.92747087417379
637.282756140424,196.0712729079317,39.67432454741122,84.51943179980967
637.6586459481903,195.0307174592948,39.65447977732632,84.62241164125156
637.9460524903336,194.54798605031618,39.64917816621847,84.515885161342
637.9079335759423,195.56405503441704,40.30070810544433,83.5707169263785
636.9824175294629,196.00247430641522,40.03595006969526,84.04340574139093
637.2146818224402,195.11998441290842,40.03479478715402,84.13498560317257
637.5451300951668,194.86556190649196,40.080248866261975,83.993484873303
638.1403504457908,195.1613159936225,40.087809192121284,83.75305944125617
637.8519091759795,196.77457356664385,39.98929707747004,84.39591380204939
637.5751337070221,195.18701980553104,40.018367791728934,84.67068529712964
637.3337974157968,194.1739038322791,40.10223287834715,84.64610070768376
638.0421181482877,196.5852163812575,40.21947713075717,84.85892702192794
638.0182677372572,195.07367368175545,40.08247776179729,85.15543800000307
637.6571900124186,196.78590348632343,40.01559663949496,85.61810388296308
637.7223407433861,195.11091444832851,39.94203061492338,85.78547287768455
637.1734041911432,196.3906747000684,39.99012048958139,86.13499163316175
637.7840058440245,194.58696712829962,40.22670457834228,85.94836728886054
638.3192404329025,194.38116462309955,40.26256758347071,85.7206729661651
638.240077007794,194.1401987614288,40.323024284969335,85.58193586101925
637.7924515238454,196.0580843769366,40.16886061816161,85.9649632673938
638.5700797830563,194.31764771962037,40.27178648232376,85.83061532004805
638.4909200146427,194.01201313421836,40.28123698152258,85.6230820149228
638.1860694740764,196.10773653028258,40.107093412863506,86.04160436189352
638.0742849787887,194.16208520618267,40.16503782961209,85.98789515592158
637.6276314082502,194.61008736517653,40.858424256787686,85.28178171434625
637.5466583571839,195.1683314375142,41.3159927971126,84.78028988371966
637.246321141946,195.28870003188982,41.38425893052632,84.73675567548679
637.0846666803106,195.39763416948827,41.465980051029334,84.55596034567604
636.9083679443805,195.42381604349066,41.557961458818035,84.40630650645471
636.5872242331873,195.58747333814068,41.58273206554209,84.36442607381092
636.8582789838023,195.81096434706774,41.75166765069604,84.30431014863869
636.7056458908812,195.6550558649228,41.79133673151192,84.2236400340235
636.5879668314977,195.48936869595218,41.78373926992499,84.19403815278748
637.2310059523542,195.03699218101082,41.76036122829295,84.36600816312749
637.1376297813949,196.04008630849617,41.94820168920715,83.91634931088964
636.7373382554197,196.38026555385846,42.180135449165356,83.6379912772135
637.4632575231302,195.78642238729907,42.16105977499616,83.7189136514013
636.9636425393721,195.85325282670033,42.044347264332416,83.77226773980192
637.8218406796972,196.49531950217653,42.2184993321092,83.59159422390199
638.1195358179485,196.30980965586923,42.084523333159844,84.00463427093652
637.8019725763336,196.33450778083878,42.08869954430668,84.02355025617403
637.7140982954675,196.72406824311605,42.0832436976315,84.00113401969165
637.7886764300902,197.1173117720068,41.49464169436213,85.50180092118448
637.8713565532422,195.3403565052547,41.14557821922687,85.94187397414362
638.4011704642212,196.0571172454704,41.37328305126819,85.62065169758492
638.6765431982678,194.9873720120732,41.12809146648908,85.94455249801277
638.6453763422797,194.8675208021196,40.91511153286385,86.14847357165846
638.8314344292359,194.7278352459611,40.73149725342565,86.37495182767555
639.2498695075622,194.73223023987416,40.631127658010456,86.48039228636691
639.376765562731,194.61856029114128,40.50534439014117,86.6329125519581
638.7105608437209,196.24924359987034,40.53513913928789,86.74637093526289
639.165231344844,194.87204060987878,40.623494298311954,86.97221961467842
638.9355838733829,196.46904757992164,40.696892647901734,87.29665140480206
639.0374259334585,194.7838097673336,40.72166328150702,87.5961486268867
639.7155908345493,195.06875175119166,40.57110576001862,87.64096169829794
639.8462776033356,195.30364747701395,40.54897660899975,87.6358456731365
639.1192445965168,197.43248543002153,40.64536492450195,87.95791315243625
639.7475208724202,194.93102439356326,40.74433452845699,88.25556827283818
639.9368471133281,197.27659506326233,40.85071144603604,88.45727208724863
640.2851724630319,195.51829329556722,40.98752602477695,88.71401224602141
640.0041420335073,197.0284779355796,40.98937069539566,89.01534973784723
640.3606865142784,195.79149284229922,40.99550028596571,89.4336115160523
639.8704815089017,196.18750392778946,41.01385753421103,89.5102893725376
639.965132998017,195.48020302870634,41.12838890489727,89.01589649602127
639.2564813619738,196.8027459861613,41.21553585068976,89.15451772298755
640.5789129830993,194.86041090716418,41.24463996988913,89.19052502774082
639.7596520117937,196.78409496001825,41.167775879442004,89.39207183139548
640.0539569976784,195.5529741521547,41.293553980163395,89.64258129799845
639.657589619984,198.07447911571185,41.382860049886936,89.92168059329623
639.9048493912452,195.83547035691794,41.6117793067457,90.15178951865992
639.6133763831447,196.8170223690697,41.73114882729943,89.81675680249242
640.4068963299287,196.8169175186888,41.76528458051323,89.94190615355139
640.6548368772969,196.67072411288154,41.844261316778116,90.04087781511953
639.9035786334888,196.5302086101055,41.699564226170274,90.10119718710862
640.1017178578813,197.22417665526035,41.82085961085073,90.09111508639998
640.2430757529482,197.80854830555023,41.90612316842273,89.92988697785208
640.9767838139512,197.42339988581875,41.929048948195955,89.94953829901212
640.3966427077116,199.10924549865723,41.99789072145081,90.0111175277419
641.431237881818,198.4824167563341,41.962674543922894,90.43345758761407
640.5715509925085,198.4227114358905,42.035884978158705,90.26601250106702
640.7495822052242,198.78098400885773,42.06870650105349,90.33076694619709
641.3395620837784,198.50461324857244,42.06863093927274,90.24779429345067
641.1290471132162,199.71105538374377,42.239095679353014,90.4549487708955
641.0815352903126,199.35751462953925,42.15746465849805,90.63754403557972
641.1889710443941,199.17832970669664,42.14299202759812,90.65814175029874
641.276070339843,198.709572593897,42.027117013746604,90.54271179254837
640.8473474713734,201.10313176369726,42.180419286120696,90.42116895725087
641.1417173743264,200.43046903547506,42.268914249082165,90.75069393762105
641.2984328493912,201.7999548613065,42.413388353044795,90.85726781627739
641.7701942308288,199.80835382406713,42.39286485297944,90.67466693512867
642.1154734105462,201.9169785316692,42.4229487622023,90.8114061673855
641.9309525884414,201.535732656549,42.43489608873722,91.19618832027675
641.7090128804941,202.5640349929399,42.321314600510476,91.3914995791966
641.9354239502777,203.4969611850485,42.06953357825379,91.88257649719498
642.4925574516891,202.4715301297027,42.126900057410545,91.6139457909615
642.3547521964639,203.90211280187873,42.205785780506304,91.88160682638546
643.6271808654092,203.5161930064665,42.16864652885849,92.01563201462969
643.3759768437649,203.67462396617094,42.3351376059473,91.8626519782459
643.4777907708112,205.33004630499204,42.39500787931509,91.78400267795361
643.867327592554,203.66777156019634,42.46118043162257,91.85422796977582
643.4665590345352,206.09961747191076,42.67967045569938,91.71993821162407
643.5939730167973,205.3065290319544,42.63277015032888,92.22634977171258
644.3365982258181,204.5780079453041,42.6468025692016,91.88432790482914
643.5652096614908,206.75594647411359,42.81640741468357,91.81878697925974
644.7299313326976,207.11627711587886,42.74839958099801,92.52894914104934
644.4127657808822,206.87275675289573,42.848058245530495,92.65286081747601
644.1858668934926,208.52972427002408,42.8463324399969,92.91156286436558
644.8272311658727,208.16119040867906,42.78331031136657,93.2782366551899
644.4290024774185,208.9267570827208,42.88007597541875,93.601177427628
645.0595049222911,207.55222035308122,42.92243107102508,93.75724689864114
644.662788580342,210.24308861030707,43.13221185463209,93.79727046643431
644.8598167976957,208.30613433285197,43.10853886137283,94.08867760990653
645.7974945616546,209.396049054233,43.138186761913985,93.91782653399625
645.0026648326273,210.97385127802033,43.152110770177764,94.32199362420236
645.58956053573,211.186094383671,43.11003823795007,94.71087299155246
645.3231676186803,210.82319690985668,43.126720208333296,95.04202242707706
646.2759638752983,210.87869751373665,43.273194021238695,94.98153441977897
646.3146710321272,213.23100087930027,43.31459800556309,95.30724690251894
646.7178872400575,210.78798589361787,43.256639233958964,95.37568663721994
645.8986096702728,212.86393201453356,43.499457798401906,95.13696616357703
646.6606636146852,213.52321936521895,43.36902452162242,95.69573583209456
647.2557807937313,215.10428632964118,43.317741226686145,96.21104397707214
647.0065765473131,213.61730793191833,43.442433365152596,96.35047947887767
647.2162061799779,216.11052474803134,43.45001860727882,96.69038890619146
646.9436971742047,215.11654295470575,43.47363884937412,96.78316141942499
646.6927279812994,214.68504915601758,43.6911246478185,96.70728937524935
647.6821480807247,216.52214308453347,43.63858580909813,97.27827687985086
647.2161608817504,216.3778672630405,43.70522062984878,97.39487184957225
647.7879874352485,217.99290765710487,43.6457752960612,97.72754116253302
648.4164693722354,218.35468921429754,43.66700966427487,97.95112583476495
647.8388880751056,218.00622290089763,43.76313290421005,97.99636028947239
648.3261120784499,218.54217697085053,43.958692245582036,98.47168763845815
648.1747636501204,219.0328565434524,43.9914320962635,98.77633911623266
649.4894815045063,220.7142796440143,43.86340448761973,99.40520739264785
648.5877222220607,219.26372471751205,44.01767588301647,99.00272146432613
648.3435129527921,220.5278799981986,44.04282706539622,99.54673970887644
649.1256420656229,220.99818654137604,44.20438377827999,99.49731512483326
649.4358286506007,221.0377771129239,44.33170581592026,99.7855307536454
649.26482059427,223.2898031332535,44.40029590247585,100.05443699164215
649.3315452899132,221.98546727025322,44.59060684186646,99.90748966857048
649.2723565580366,223.68046837455782,44.59789839899497,100.12613218385347
649.3048532728312,223.34279250142455,44.67617634112778,100.16106361247017
650.078069329385,225.15141772748916,44.63622790206957,100.5843266758134
650.2573557672927,224.79642327960056,44.78805728846517,100.6362351725542
650.4437455163306,225.1307550350683,44.67248953517437,100.80429123416279
650.6129867299735,225.17861435864543,44.723943853055616,100.93167473935607
651.2984756988158,226.34240540165766,44.68289693610766,100.9969413834189
651.1498072718719,226.82101790210407,44.87000789643851,101.08633114864698
651.0781847354629,227.3841176288482,44.995107063448856,101.22278671491888
651.5904320448102,228.3401655944561,45.19604734408431,101.17266180440164
652.0712873579342,228.62703553161526,45.374468429796,101.06256321597962
651.7507067400765,228.80834403612172,45.435219363826185,101.31491391078596
652.1986640134817,229.71999932681476,45.349027717406486,100.94945354721908
652.0485872613193,231.005900442224,45.560087350316465,100.85708509134872
652.3801896709377,231.46791391924893,45.73298674527113,100.90857380092265
652.6980285562506,231.26822370309645,45.88632778444073,101.02509860330665
652.5956744225622,231.32845955410608,46.21323765099829,100.93886457293094
652.2235180931353,231.91709757959265,46.37488587971059,100.83018750762977
652.769094863942,233.78807067806753,46.40849046244879,100.43895551737556
653.0400060657146,233.60099389004915,46.392284227879436,100.69682175765885
653.0993356224291,233.74852906805341,46.44841403652188,100.83530363701527
653.0921200295192,234.0943776444517,46.469776183149705,100.72867333917249
652.8031393447385,235.1143654013033,46.63263834912447,100.18483890155724
652.398359252647,234.47651748164955,46.547691125165436,100.15977172988603
652.9743308871065,236.66285711920426,46.685303525077295,99.61022449289304
653.1003022804041,237.5982783387231,46.84720487686585,99.42851689005226
652.8828540465838,237.2994526098963,46.896623324791996,99.52334404121784
653.4282866718114,238.26769280989092,46.921627954059495,99.35566854902736
653.1019351280883,238.9934167127352,47.04569637410918,99.21543817059249
653.2488612723519,239.84202223501813,47.19576943648633,99.19566717329076
653.0725406790074,240.13218837727973,47.22666200886412,99.07033755428729
653.3222719701466,241.34961174048001,47.19822852938787,99.0177799991056
653.6669306415895,242.0228622218247,47.36538534765027,99.09104510487474
653.7573415993322,243.247485134531,47.36162826819001,99.06621772886403
654.0481603739883,244.67062064878135,47.438755140817804,99.07105930450456
654.2144266407038,244.11296784776914,47.27566059697935,99.55896641562323
654.0324711087661,245.21100991423242,47.33098351369128,99.71411481138321
653.9150539669017,246.43131150203243,47.23564740443007,99.85458015156075
653.8272635991486,248.08400865102746,47.44135091738336,99.81047998008131
654.0849379344313,248.11701704730595,47.42820660539566,100.17094523913526
654.562913166611,248.06720213995607,47.575829820960266,100.50485827758325
654.6681809620598,250.2315993070925,47.66203973897204,100.4853009466368
654.9080370620902,250.53436031950017,47.81381049770469,100.7088317873267
654.8561184578515,251.88236772491558,47.92543859856707,100.85947425264945
654.4427673083505,253.09939923975801,48.128389734086355,100.86275076726083
653.5358158678929,252.17711943326975,48.09276513678354,101.00641828943989
654.163241815753,255.06651419559793,48.08399912325009,101.19224029508753
654.2770928673038,254.91875472628354,48.119223777484194,101.60782238215523
654.4312041051901,255.63654331049307,48.22353392929428,101.78767461513388
654.222898344868,256.5905258780653,48.47513511687718,102.06982970017377
654.3323690093267,257.3788144155604,48.42833279183271,102.3223718306584
653.1967918722464,258.0356369413685,48.48492321940504,102.50199824911206
653.6980668469901,260.5528266815659,48.62405398738611,102.71528655817659
653.3648483045533,261.64191924775065,48.77149233015603,103.02986017672251
653.93788735726,260.75408245739385,48.51345637667049,103.54951845668543
654.0026237317855,263.20155598853125,48.38834184380842,104.09097037741229
654.3654663878747,263.3801448706296,48.663509116469044,104.41973746842888
654.090427023495,264.76467712823273,48.800763691328285,104.509812634085
654.3621946122083,265.32005380591966,49.01977082127847,104.67698524688129
654.288857307498,267.3938116838271,48.89012619513564,105.07219982248729
653.9282502572062,267.84683181318064,49.0623728150598,105.05411499095001
653.8634796832177,268.6909521195107,49.26312170990006,105.1207993908783
654.0790808949398,269.9268043198571,49.170019034352194,105.4948188576019
654.2112711380657,272.23196390911147,49.34560165044099,105.90576327848898
653.3277150182678,271.976740037843,49.68224664207392,106.08966119297341
653.1959125535105,272.97101757825806,49.913289263575045,106.16567034020109
653.7339624410507,274.6796386368534,49.75110190399923,106.66877996670866
653.6695811972667,274.8445772921736,49.877558740250805,106.92133206509523
653.9398949153544,276.734043995732,49.77789799962229,107.56655818480337
653.9771920940453,277.28599607271326,49.99247506972893,107.5331941013747
653.5882813782555,277.7160405008374,50.148547100215985,107.782876139177
652.4601420245739,278.71393517257445,50.32731831169909,107.83099205388154
653.1381803880525,280.1445946612027,50.113034001314446,108.45547191237951
653.1142843086884,281.77833238023936,50.023391260235634,108.97034200767715
653.7349104330302,282.85909466036054,49.99962074392059,109.5246704232801
653.3389995913069,283.52317025428545,50.28773227664844,109.89050231343322
653.0616607361649,284.69577117920005,50.29933031268874,110.13034174816516
652.2517788611607,286.0026072915986,50.34882376278551,110.12811161244885
652.5019143526832,286.435334063233,50.32200516898075,110.59508580927718
652.9553901974389,288.2910470242942,50.242969207561494,110.96364169104876
652.2589097162848,289.2013656783497,50.541058768082934,110.98943909534773
652.691013356722,289.7785102028687,50.86114773755188,111.16641311164791
652.1166127211363,291.31330322866546,50.93413917233566,111.61857393390994
652.5316692573867,293.2596114649384,50.9267711845974,112.17228943920824
652.7398854135118,293.1867593703351,50.980015247736326,112.63666056338195
652.4255492353896,294.6357116122038,51.00299497893513,113.0063606691068
652.5939489193842,296.4458095384157,50.91074795502957,113.71376720315766
652.0623448770616,297.5120670303917,50.831182292230544,114.15076315594271
652.0954978994619,298.74808808822496,50.86714539029625,114.48700246193758
651.6143386475524,299.97842323935015,50.824619824634176,114.87853147571198
651.894258572702,301.8206978262424,50.651632328146306,115.49258154509158
652.2754661626144,302.1253516368488,50.50123376657324,116.0464065914202
651.3053142555307,303.3673096795899,50.90713270689278,116.0100644061608
652.1183375895657,305.5209530038038,51.121855448956076,116.91118039139994
651.877223601281,306.8275394837052,51.21610487175347,117.27829236087265
652.511869887243,307.9648863037087,51.14384558592396,117.90167835457852
651.398930123265,308.2273890428493,51.94463575459673,117.8592700783598
651.4609668857598,309.6500927254254,51.66994321450946,118.49714051090666
651.9131673478847,311.9393507597185,51.6875929451479,119.17196897814809
651.4366433887104,312.09293070648835,52.271131404954566,119.13528503842574
651.4855122536476,314.479150437747,51.894576200238205,119.90484491596575
651.7273439302087,315.4445285675711,51.91253319938414,120.33143089951216
650.9531634291608,315.9622211190496,52.249380443774314,120.68850542752139
651.2938882725803,318.96281427598603,52.4176405061571,121.06393225375477
651.3990064831266,319.7967592687273,52.43330856468711,121.83422343015269
651.298019273335,320.82653598744986,52.39465091217952,122.31419049479798
651.5301977311229,322.6516818890893,52.06754354086648,123.22333930431219
651.6247232097729,322.06556490130276,52.14620782905179,123.40608235361947
651.7962218090273,324.7538019945074,51.88677415204734,124.07083455423415
651.8211950473959,325.4985537419834,52.34134076019855,124.31186179811269
651.9582677877241,326.0967282147657,52.666861696187304,124.73973238932946
651.7927385476215,329.172254006211,52.838765642052444,125.09439283875685
650.7514122203198,329.2659543156016,53.33877502616328,125.36162649898833
650.1151635447244,332.5365518909115,53.58779851852081,125.9046722617598
649.3447845849095,334.1578983950638,53.57776469773339,126.51948338286488
649.9438277895111,335.8659104683978,53.82042006594995,127.5295060844941
650.1005432234077,335.73727413685145,53.7075417510952,127.84944761499594
649.8784440850061,337.6912069950209,53.891966475480785,128.25747316452623
649.1180073277739,339.7941761152109,54.069063048645745,128.59449318372867
648.9111166328173,340.7637840340591,54.12484708071355,129.18415198172875
648.8669362604267,343.3119192442786,54.4312071794998,129.91379308320128
649.219312725574,343.4118703944741,54.51500116902781,130.12392365119567
648.9883309447301,345.68456031255323,54.53597744176365,130.74467483462962
648.6711617708174,347.58267197574116,54.47411106766131,131.17403696891665
649.6387035033508,348.5672872619916,54.90775504819711,132.0028937548904
649.6222838986085,349.4443220190574,54.973762964724585,132.3595720549374
648.7931629415968,351.02703752769725,55.185274503458075,132.65250123281763
649.071145721487,352.74126232123217,55.57919192783901,133.14758055543103
648.7016397631119,354.86906744848403,55.470330395263815,133.44814887072098
649.2922588559624,356.56891200407426,55.57575133107612,134.29602359849918
649.1603251761478,358.20701485018037,55.523191608881845,134.8313525494602
649.2614376631693,359.7940749260172,55.52986684808057,135.81451856493143
649.7193788388782,361.16100259199345,55.61178609854939,136.62913587587735
649.2493658771151,362.8233379646391,55.920991509304066,136.67541177632276
649.631118333015,364.06178774404276,56.5366044439932,136.98024811457967
649.6865379379811,365.7560506641919,56.70777742845609,137.65415742442798
649.5610762617333,366.87544660984133,56.6994834292766,138.24417527128819
649.2699688778318,368.67214765141694,56.74934551115125,138.56182636883153
649.9499499905678,370.30719859849785,56.76347586456724,139.29428699755798
649.8251355414465,371.87569514313986,57.02488547370075,139.64523302761285
649.9388374836765,372.9625536532269,57.22447969786609,140.1716955843126
650.330178543828,374.0087045801671,57.3934234611425,140.80533515003364
649.5187939051482,374.8648934507047,57.35647410580384,141.3487712460099
649.8902561279132,376.8966262644631,57.27101195914399,141.94877445623106
649.6542399719139,379.1447748317096,57.40626875963953,142.28290449153792
649.8163816801668,381.50569424792434,57.3309877699963,143.12507770973713
649.5136690064813,382.73350915395264,57.559966214615315,143.38564610362837
649.4328321787708,383.0803573236158,57.72404548299869,143.73840157132412
649.5749775623414,385.4255627067686,57.798066130576316,144.27883339535063
649.4429815337936,386.8646077743976,57.78159276361086,144.87048818082317
649.2023035333937,388.48825350226673,57.854311628189805,145.52445114059697
