527.5,312.5,15.0,81.0
526.0903216873587,312.02064807630234,17.14369705816498,81.42271027134558
524.7793773945198,312.18239583936304,19.158051950529114,80.38506658142865
524.177136250218,312.46855366656496,20.64184303506169,79.4616491113243
523.6403719856313,312.9808699632622,21.769563354756205,79.19403734903796
522.637426663441,314.1735149619291,22.617116406058145,80.09381777101568
522.7306696556786,314.898688093885,23.05030874008344,81.10017540839465
522.1101866368367,315.29730787215703,23.241155616161468,82.28318871382727
522.0800180280019,315.098137235289,23.42001576099612,83.22397022317804
522.0837672034218,314.21031114124736,23.6519526954863,83.79435080958442
522.0243658998814,314.33328456464176,23.761669542115015,83.78447188371891
522.0740356408998,314.28505769385777,23.868456794692705,83.15246811481553
521.8052256354804,315.00699603029767,24.046704994379994,82.93502817613523
522.0376791653589,315.61038392191995,24.06113234862833,83.15750632870456
521.718489517948,316.7981849651921,24.145868595640405,83.14586355459926
521.4087781331411,315.679031424229,24.012437316048455,82.23009978233846
521.4515209430211,314.3988646239351,24.082534019958803,81.9431929349282
521.4183456014341,315.06689459902054,24.19058616897792,81.19507564461222
520.5527904086955,314.4563889117544,24.22704578522132,80.05517779558797
520.1966425547186,314.9735890265288,24.204321392105015,79.23944191416453
520.4837547431322,314.9444733255852,24.225513978378046,78.66274669890625
519.7523376356487,315.36998100547214,23.95603336828702,78.3473854071256
518.393143596428,314.95597852127105,23.873968499112,78.15281678524906
517.519509240988,314.8796838280589,23.994944742874516,78.9233215039908
516.7892558774466,315.2051811088228,24.03986297184168,79.00803142406467
516.1212128256097,314.66418752392354,24.1786059644774,79.01080437858455
514.9234180574363,314.87383352284246,24.38756405970794,79.61701637378114
513.7090361930079,314.8075027761555,24.319561459753096,80.86457154200548
512.3100509247906,314.8159637040871,24.583231668886693,82.23414825658449
511.24993547650126,314.28312772489625,24.655674183888795,82.80185672686422
510.8405655618978,313.9705766029524,24.641670904823222,82.60338335486902
509.5885930643027,314.7396080304931,24.600615346882307,82.9686726411679
508.57486470658216,313.514126857443,24.69812289793279,83.6101723207567
507.8942340752739,312.8392575895982,24.732341938526268,83.25753651734249
506.8677977380994,314.8316932578295,24.454028318319576,83.10469976874005
505.8196280241494,313.1951369707413,24.46294537530899,83.1308960488185
505.37045566890066,313.9753660622942,24.432403791441534,83.42128940150987
505.01156550464736,313.38639011741805,24.233676100977654,82.32604220984123
503.786406630747,313.50727748259516,24.25623968503627,81.47153185040533
504.8917749753044,313.45421788861194,24.01704869218013,81.15280269046946
504.08817174495164,313.58202299816196,24.356554361526637,81.16093271289702
503.32747611076854,314.10126919387085,24.75626429730456,82.19645903829127
502.375184774797,314.5416818599021,24.948779842019896,82.7411294499803
502.1623948798333,315.06672595725433,25.017093027046908,83.06518056420533
501.5622799158544,313.79328011169963,25.343360731474892,83.19894077986609
500.8135262630709,314.04725756579137,25.437588255700376,83.0686189068656
501.70824093081404,313.7642546774306,25.823065650865978,82.29700049134931
501.0670025687849,316.26101005930553,26.202290309742455,81.79917816601494
500.2895822453236,314.7412433397528,26.112464880958655,82.95642124180864
499.91658047558684,314.26156584200123,26.65135014765079,83.32838247663065
499.8238527110282,313.1769000128065,27.25327653224246,83.81329664882921
500.03750848432117,311.84684439326486,28.032864628600958,84.5362491841085
499.12402905972544,309.97814043083326,28.59961975865331,86.09111597699854
500.1368545351639,310.5539942178894,28.807534138281802,86.99271188303456
498.75663252557155,309.51893356715334,28.840838207667794,86.93231260230749
499.890799996315,308.9895477848759,28.378286299551856,86.23478765139762
499.0877166230262,307.8275130075017,27.966031873033803,86.30852675799548
497.4943159791107,307.3668064142418,27.766428884970672,85.88644576765054
496.7404754913343,306.61177725774894,27.774522443874588,87.17656632397876
495.3110522886918,306.5965940217103,27.724132179619122,86.86836556893081
495.31375876472254,306.2862030553379,27.61846436405706,87.04488741108607
494.299771414845,305.3185411275493,27.071054685378993,86.53764606395033
494.2181991959716,306.26883860545627,26.794773654680924,86.1596996810581
493.6371092208026,309.331176793408,26.706118305527106,86.13796815607623
493.9234332108876,308.94188202310124,26.41949900854262,85.77934661232396
493.1451169777127,309.5824929552207,26.71903578035053,84.96000298819348
492.2775250734692,308.8557620395062,26.80456472357265,84.57513705415774
492.2268588531723,309.42116508029244,26.59771411997117,84.33200786725006
492.1189228031233,310.4573380805331,26.638078838510772,83.92683322583092
491.5598722634569,309.71579461765697,26.77567558387072,83.44119327818535
491.3045406342248,312.79102370638645,26.61510399621981,83.4172256936829
491.0219408058581,311.9329705772665,26.63825496024992,82.75147217256492
490.93633455132607,312.51812461843485,26.90487602070894,81.20794275243296
489.98977754452676,312.6121075060316,27.411457846845735,79.74382865799508
489.68067987577405,312.95686207233297,27.856931425866254,78.6704322046354
489.81109879858974,313.864780258644,28.189541921127628,77.59034406342437
491.0534613458894,317.46008029887014,28.284252175039143,78.36689371746907
491.1673453570958,314.1730753562855,27.66158845002581,79.45729440311445
491.42178553796725,313.83636932039366,27.219668169741045,79.32029663097649
491.94076718448144,313.2927298023765,27.534532068065513,79.57822328816556
492.1170162195737,314.1975203160574,27.94459257732584,80.90437944151358
491.9698229117768,312.74158418268706,28.27058335999358,80.91370411036914
491.62166086238824,312.4215478944377,28.74894374834338,81.98022014447128
491.6340268953778,312.39960365636375,29.15136798171696,83.4876824340576
492.73702252746153,311.44902966547164,29.087929331761494,85.02244513475588
493.09334680474814,310.8520485452511,28.818318287106553,85.01661224828204
493.27071962877153,310.72645658904077,28.388501527738306,85.84039884996885
492.82836010840197,309.99156254158663,28.07089546281036,86.95015775409837
492.62080663201414,309.87700694114204,27.98205223696275,87.15651153094599
493.6172228984606,308.7707898727318,27.890157738127442,86.34320885898951
494.8714987713234,310.25757822413874,27.97501195439223,85.70552340297142
495.8624459716986,310.2047738035277,27.784675223281436,85.5806187311052
499.01034803453354,309.35228495771196,27.819862842606703,84.16266065079463
498.56754821618296,309.67287826271195,27.725808345988,83.58202173163323
498.4603156719745,309.051070719019,27.81110826182793,82.68553133310296
498.4317824527671,310.36798237073674,27.753202809197166,82.4575989712873
498.4842317486374,311.81445584304265,27.754045889674426,83.07795339920355
498.205102584536,312.60021015629354,27.976068307223144,83.22292073629438
498.1263029225396,311.07081156000476,28.15187126598471,83.04917493723372
497.8319660388927,310.98500749687514,28.12192183619979,82.87337926896586
498.30871839972616,311.60931393112475,28.11647077254147,83.16164284051492
498.15469026097077,310.23161293593716,28.11116799810937,82.32462425288712
498.349171152511,311.6000622452635,28.12841413414968,82.61588215317067
499.2993319750505,311.5115333357794,27.962985572643074,83.47866429016636
498.82259315529177,311.0782584335962,27.645539716867944,83.16933318556663
499.50415656617065,310.125516527851,27.562553056624434,82.5014622759877
500.71376494965443,309.3182862963888,27.324061864150245,81.44026498973612
500.54350270485116,309.11194617643093,26.769417393662415,79.72148050987944
500.4083175362992,309.21625017275073,26.246421119762434,78.40542525066115
500.65918034200934,310.6796919459211,25.919520103793513,78.15004405608136
501.0265989503312,311.07669391477526,25.48724858100502,78.3545731884604
500.8306595826859,310.1445873237317,25.425640814125135,79.38293559530581
500.62462944808135,309.25190844941653,25.7355253334958,79.49769614831081
501.7671471172699,308.6805459445984,26.19912552559065,80.01918292628805
502.9973393108322,310.1212338589085,26.112814643867466,79.90654536747377
502.7004302069099,308.7947539914903,26.437448411337776,79.29937970367432
502.9096356911848,309.6841994404514,26.733347492798686,79.09381730077786
503.96146429091806,309.30690038111953,26.682781342526432,79.84292150845826
505.2779090960536,309.50515191801986,26.689306757966516,80.56961658624604
505.4541186872184,308.80963112974587,26.732270069371268,80.11664375658981
506.59528555967694,308.4529251041607,26.92816680083356,80.47640374772817
507.2451079591165,307.1114453539466,26.714429938050547,80.55677173356915
507.75913131932185,307.16979576060794,26.749377220935767,80.56028805728509
509.31645237949994,307.0985324956996,26.72639703066388,80.3801646015499
510.27206551250424,306.69569686435807,26.758592486113727,80.13567187993435
511.1034860678303,307.03262886447527,27.050021976734165,79.24812412549417
511.6223158830261,307.2302260397955,27.09420345752578,78.96929281595663
512.9968051281692,307.745485207153,26.93480526470959,78.48056896013486
514.4649545880825,307.31013662258084,26.860750235645348,78.28432760980141
514.9203994927458,307.0881215631085,27.091922017467148,78.62790944072265
515.6864563277929,305.8940095045842,27.12729534879183,79.18161989352568
516.6606050747488,307.1702498540314,27.15639327018626,80.14611221327746
516.4785407117057,306.64486178754083,27.41457534368117,81.49987270313878
516.6175528649615,304.1376204931423,27.541985586024662,82.0544396539658
517.5173701872917,304.9868046680622,27.535818820659465,82.22115154151471
518.1601648227464,304.6844316239562,27.34558506046161,82.60287908779453
519.4093921347232,305.63585628380883,27.186708349792227,83.10311952982329
520.2344350685066,305.2125951204615,27.03835554687697,83.68886086639421
521.3076572291405,303.8468083353474,26.795000033668778,83.6402566049726
521.8984917840124,303.0101749166736,26.65536090076982,82.61463514047091
523.7390164545488,304.21374221812925,26.35247179796317,82.04183288447572
523.2993139133969,303.2285065766839,26.124877840617017,80.43487129650157
525.7207192699569,304.37820298574326,25.789494343073113,80.43205831618198
525.7669160807768,304.07263603648164,25.409748755529133,80.35239268038436
527.0095052754691,303.60475644225164,25.601463123560325,80.50952667858627
527.5483940904849,303.5737798141538,25.613452234327706,80.27370463642498
527.6296831983994,302.6562532063108,25.95866750461685,81.17730420688163
528.4497894836827,302.1748328373986,26.080799055983334,81.34278374961863
530.0215909821183,302.4079051529072,26.07091860282866,80.994946194996
530.7403392367679,303.10422719685045,26.216845469612654,79.76959452320526
531.7268109524116,303.9254050682052,26.3364840257064,79.70538452291217
532.6385759757898,304.62402664254114,26.49451671260014,79.58562900985277
533.1717798422726,303.94003008878104,26.962612320355746,80.83220539960514
533.6328033126566,303.3712576985028,26.935335703817866,81.35973907939263
534.6423487924561,303.3744065919235,26.652039884485195,81.65217118909658
535.8121939563594,302.65534083232353,26.128025649780284,81.16053784146764
537.1348927256975,302.00805213303323,26.069584135273914,80.5005945376862
538.1270634433756,302.20396584643095,25.951124023732067,79.42114796120583
538.9764324444897,302.19017677421965,25.636168289074487,78.59475712770032
540.3509523305956,302.2241402040275,25.705821439454642,78.19193862098413
541.2500206175087,302.42275416242916,25.714291754399618,77.26554060826024
541.3055692185062,302.33243599633954,25.891364145023545,76.43266432905033
541.6553184668468,302.4358799337496,26.145350839210774,76.03694332184396
542.7015874849869,303.1916818598209,26.343407142301317,76.304196462423
542.7031817500055,303.16084202529385,26.48670234651432,77.22965281528448
543.134946898539,301.71910788555687,26.686706547661665,78.07844192033517
543.3949573217251,302.6110305585034,26.802702725806835,79.105795524256
544.1251989142403,302.0823903049742,26.871932217778248,79.93299717019701
544.5312800352278,301.8356772578103,26.8539991852262,80.83757446505777
545.3078072810364,302.29075539396473,26.717157013936905,80.95260461223586
545.0422540684599,302.63708566102923,26.645194908530446,81.29806363262651
546.2087404723553,301.7237656455558,26.59353289747716,81.60895087121504
547.2976027750781,302.31300559536953,26.445997567773144,81.19210055303887
547.4214394755014,301.6613083173694,26.25755350360558,80.46626975961297
549.0159584980139,302.0009633027452,25.76454536008518,78.99936845070363
550.1535773859904,301.89151865002304,25.357016863192413,77.98140129557667
551.296062165597,302.65952527816836,25.099774192635724,76.87190442317238
551.8145104632323,302.94985721447006,24.776861073527265,76.50361870973433
553.0546089284708,302.718929915107,24.67686429067915,76.12151844729635
553.1099211493489,302.50379096601426,24.86248408276942,76.63003422177796
553.7029481576344,301.8958896685764,25.014751990407966,76.93472409091899
554.4573536898149,302.3189720518204,25.240756165953485,77.52902131764833
555.1913289386117,302.5377034197804,25.63513372088054,77.75835663690037
554.8528146763898,302.8569609773839,26.269068128129856,78.42625660271759
556.2038914870659,303.5109806478354,26.66117925249001,78.91888681271021
556.5576289763628,303.33334353105016,27.17668823023319,79.55070862723817
557.2601623859376,303.1428038247411,27.359331791637604,80.16368008916885
559.6590154190919,303.46948292508625,27.43164373070014,80.88511637166334
560.3768766866631,304.1213359683154,27.455881179383518,81.11737036344451
560.8846841498663,304.31583290739286,27.35266280315561,81.35965976852316
561.764352019114,304.82956823484017,27.2738218499692,81.1637431688425
563.480008853023,305.00150093523735,27.134196624381183,81.37164523650063
564.6437930721806,304.43634741641335,26.87058182414277,81.1700260475327
565.393727191459,304.1845005180951,26.908514374465447,81.10969581300701
567.640877963003,305.5287050300357,26.720224985003025,81.00152584666662
567.6294049201972,304.43835818734885,26.627649296918726,80.86522987177725
569.613658067328,305.15971541069933,26.143188269762366,80.22652033268437
570.6402707770596,304.4127602258877,26.1324371201659,79.99757155809674
571.1325143783712,305.36589816264,26.137877269017615,80.07741757752122
571.2684631623354,305.667067441544,26.243701934623015,80.88157220666392
572.6450077779881,306.08921760155386,26.07778521155729,81.15492668705923
573.4660968226415,306.7455255710219,26.054843829937898,81.0309364414444
574.5510048879585,307.4387223389598,25.884023122620896,80.90774533438639
575.1414819122106,308.23601602561416,26.110952837430013,81.46207492084022
575.4984984191087,308.23695481250223,26.205964840399268,82.10394503440384
576.1438724577993,308.5478023618198,26.283679206369932,82.12934287419188
576.9704851497514,308.86643677715807,26.18161165461122,82.48695501780811
578.500540678154,309.31690247266397,25.8967035873843,83.12696367310677
579.1396844879475,309.1160049807322,25.722369210099266,83.12640933393595
580.253419953164,308.3490060890113,25.628178556918556,82.86386888362077
580.6458191303469,309.0913033318704,25.208395351669125,81.98695579152589
582.4758715633787,309.5299349425168,24.77175712035589,80.78463661339262
584.5066211987213,310.21463445242136,24.28619798181193,80.1008736967367
584.0142602600733,309.7041060282973,24.101152240928407,78.95200318635754
585.5073067255466,309.8967558151146,23.892666750930516,79.13182270041895
586.9026424652574,310.7217594753337,23.828330797021582,79.7929923952853
587.4431820673094,310.0500743089914,23.98419686440953,80.82548528561011
589.1820119750777,310.4090281279461,23.79615554099946,81.44145330382855
590.2182344339401,311.0731946918152,23.734796848784274,81.85996089149867
591.4748540159848,311.4491056492059,24.14551217154188,82.92624825062788
592.0341828015548,311.715042193566,24.628695334883528,83.13599838473561
593.3927027978388,312.1266444403675,24.723658239578402,83.15782950371567
594.5644497297677,312.7677285229765,24.798611870227163,83.0121158015028
595.5688562813733,313.45959005833726,24.88319328491447,82.79820183379333
595.8884000470447,313.67342830873,24.898464080960547,82.86648670109174
598.0474757097874,314.06056390362863,24.73434117115513,83.1455863446914
599.1142881480914,313.96836575551964,24.73745960166072,82.84241479890277
599.9346446391891,313.27313350335976,24.90377074074992,82.76936211419658
601.2631171899569,313.45842431189647,24.968234483208224,82.18659816901825
602.033645040776,312.60272580147256,24.802566807807562,81.08728285237216
604.1909272630661,314.3300786588928,24.812671247504845,80.03611584145014
603.9791586934452,315.1072119534025,24.924102582064734,80.12982946559595
606.6080536530518,315.00429251886743,24.958923784982986,79.39924056262097
606.9246240892982,314.942682334765,25.065273302314196,79.16049011874361
608.456293320601,313.82370218407596,25.087247206194075,79.6798613526625
608.5316673831463,314.24959306125106,25.053315624146034,79.11467699921602
608.5353129301001,314.7227371145528,25.159045121676346,79.12006877799998
607.7896276400531,315.2663962125482,25.182371182345896,79.04659554889764
607.1025379522946,316.3436736971099,25.134682114373827,79.7361837320111
606.4764940784685,316.37117787434346,24.82802447780983,80.20034721153608
604.9819009494586,316.89697397020666,24.94167667821237,80.48501581540287
603.4780941706559,315.8269768220138,24.81225796538626,81.18420515344505
601.0383945399416,316.2704886765054,24.841193836464416,81.00444729834376
599.6780745936366,315.8118366236728,24.741775144861393,80.85136237164507
596.6463084746042,316.37651695083747,24.634519094809512,80.92268531106576
595.4820740998057,316.4470381643334,24.465827648102334,81.17583528166831
592.9765670072213,316.0882561994554,24.094536688007327,81.14160511161668
589.7007875192794,316.33035133781294,23.89909353910471,80.70951649914657
587.4697081929774,316.729380798796,23.689926031278056,80.57561162991487
585.5018879834433,317.18241643225997,23.654963461149293,80.66380270067157
583.2781232637564,316.9623284160739,23.713775249156125,81.40659327290535
581.010421937596,317.6088545612825,23.704562155932198,81.49584314751965
579.1622205597304,318.16896769821454,23.765276845181027,81.7925911797621
578.1467510004327,318.4488641162825,23.918804240639556,82.05633426281565
576.8837651247815,318.9168571500519,24.275106602217235,82.31437442704265
576.0021713804393,318.8268301191459,24.661031260167295,83.08238241398736
575.6060556491423,319.3517623674665,25.05944854644033,82.96365702886503
575.4281599958615,320.0237472362988,25.127185565568173,83.1005509815767
575.1936737482185,320.7027343291574,24.867235336130314,83.05291743878851
574.8454698363741,321.40939187325665,24.88172567124402,82.98663728177291
575.935680067537,320.8788460331972,24.648550449129992,82.69404084104981
576.4325697898239,320.7535935697736,24.790555511353823,82.33127447187265
577.7289354223063,320.6462846854563,24.533832318288404,82.31139072964874
579.6066588301064,321.2752555753135,24.38242946325945,81.57541850674279
580.3167983343911,320.9914523070861,24.592586875130884,80.19344091672517
581.600998086559,320.98094315256645,24.261835619467575,79.27505426131745
583.3335917913622,321.5961361940556,23.936372941306438,78.24269015647903
585.2001821648684,321.4430934731878,23.834704597782427,77.85349480788564
585.5361471618095,321.7189304396017,23.79551837974465,78.35203695381608
587.616935355515,322.11393447120093,23.8329123101742,78.29028869248225
588.3557969615653,322.00916366360826,23.581883801175756,78.7024869939736
590.4316663439728,323.0240272299616,23.49255300678916,78.64193722656996
591.3078790657039,322.57004757678345,23.26359629616091,79.02035152379003
592.8246880559263,322.87524507102114,23.247524492626347,79.2076524104825
593.5720696593745,323.73171679698555,23.19466070456078,79.07157558529316
593.9704904518064,323.2316351593896,23.329112964873758,79.3295913552017
594.8652181456409,323.1071704249595,23.531120642352167,80.00716980253362
595.9325342348685,323.24637995895733,23.627965009230888,80.34665462276364
597.8392150150639,323.12876549574554,23.701511503191725,80.62669163146973
598.2319240793106,322.5519091031149,23.698117281406297,80.76485451858345
600.0077477124801,321.91345214118667,23.88877958537967,80.47462512140261
601.2449710466032,322.5421392746739,24.16925673762927,79.4900462633923
602.1395653632113,322.75179917944286,24.00229517712863,78.74271163304024
602.7582432287852,323.1309799989489,24.35382773352504,78.00992059525308
603.6690069144679,324.4715154171067,24.424723395873983,77.9664652012135
604.7495516507524,325.91904611116837,24.445348696483105,79.02321989509082
606.2857381768235,324.5458470425565,24.587139901390383,80.31690382752636
606.9210926325999,323.06398234645883,24.688971225357164,80.74233556652344
607.664049634456,323.3030685997273,24.873976878398516,80.32171555036996
609.2350714785529,324.14831782318817,25.185906960346323,80.20482311769987
609.9779983561909,323.92410185711975,25.81138919788338,79.93740648473512
609.915404226655,324.3653169491707,26.339392113451126,79.59381182614594
611.19958803658,324.6396195723023,27.029289988901333,79.5857688519545
612.5212548560102,325.3065956649596,27.666680875492908,79.82986108116015
612.5884680336352,325.89402715902133,28.345634642427452,80.44310727634821
613.202997450205,325.94040503888937,28.869133921432464,80.83873066724112
613.2579545195279,326.45745198316513,29.324116425948436,81.14275437817692
614.1190780267042,325.72061927705545,29.847199506886803,81.36981069863755
614.5276681060732,324.63118243566873,30.389054601673692,81.45709993736496
616.7534156139488,323.96451354683416,30.798926334732137,81.7833049464032
616.7456640163,324.9144552309498,31.124954738741394,81.40862695193593
618.0778576191104,324.3955003062806,31.118008433923144,80.63596727650926
620.2396101239759,324.8002763019996,31.08591434719636,80.01484736760523
621.6405589283432,325.0528983194871,31.183784852551724,79.7997996023808
623.0841923543052,325.62070268914175,30.85885706808709,79.40062973350143
623.130865376072,326.22658429360376,30.72403575088454,79.85356464850932
624.720978344705,325.97697950997986,30.280577820897026,80.66298489075825
626.6213124101824,326.40383296163344,30.031680138626854,81.14118394848774
627.3893184671884,326.9353660837884,29.544648856714822,81.0721531865845
629.0148661998621,328.15374148450974,29.24900321093213,81.2659029401803
629.6148732581726,327.3985645517822,29.035157061630773,81.41160464880551
630.8813494895807,327.76244200847907,28.643577041060098,81.51422957912361
632.615289630393,328.8597956006445,28.174560456487406,81.70769955124115
634.3519089050692,327.42580152945175,27.81034667024222,80.76713304427352
635.4426005091508,328.3580066618587,27.36596023198431,79.54842037314862
636.862585637604,328.06626119265934,26.910303558452007,79.31396702329351
638.55407333959,328.45902488487354,26.455266138946467,79.03497618223446
639.8068593568299,328.3399993590298,26.305890269551398,78.65304391845412
641.2603001230839,328.5961477299405,26.08683799310124,78.48576669596176
642.2054191648762,328.54599408460706,26.05015594646583,79.194630436042
642.8978531585144,328.1710392487746,25.940385686964905,79.32967116878402
644.2034888320795,328.6472615731587,25.794373653418027,79.69182972951134
645.3914833130581,327.68561989867663,25.823326011880187,80.00648087155864
646.6581367120882,327.9395587315465,25.856475531721525,80.23282508148651
647.5759622249575,327.88196407152753,26.296354129014663,80.21585469159399
647.8367907796825,328.5880857537314,26.66718329380699,80.88006382085396
649.2185467080892,328.4533577922187,26.725377255169885,81.17868777785165
649.9950773534263,327.21059322944393,26.868340143954455,82.19475605840768
650.4662953453688,328.39569247433235,26.90255708031531,82.23367526730024
651.5257527461779,328.5632575422638,26.895432935740693,82.33749134873588
652.7250209115865,328.26818869492547,26.877395967869106,82.43547140533957
653.7220941433926,328.82369449385425,26.590171916175542,82.19485195120826
654.8962020604054,328.5217421343301,26.50152715758931,82.01010842253781
656.7582314734436,327.5057052736621,26.626108296570187,82.24785738820512
657.2599055571966,327.6936361534479,26.27749646911035,82.24965238646504
659.7720767699129,327.8465343906839,26.089532618048906,83.01504746129424
660.4246879209014,327.69026078700364,25.678991531358122,83.5203352878374
661.8842773762548,327.5665174509075,25.371277359497352,84.56061398225789
663.3815394178079,327.77064348243164,25.376401370568317,84.92467098407472
665.0234384459371,328.1364242210085,25.31209861078803,84.95090758259698
666.8576560245123,328.4632163092135,25.212884950219856,84.89973115965451
667.8377918034513,328.54003965853735,25.22989782379923,85.13467393258539
669.0698877537938,328.25240165045517,25.27529821780742,85.83919826980612
670.1596528151655,328.1791939711296,25.241040111589243,86.0309963106913
670.9828459168343,328.0767455781756,25.534192148684244,86.35691334662184
670.9832406626032,328.7002746403692,25.99037629925733,86.69746105624188
671.6726648589012,326.9255340370578,26.02273665547876,86.58068631193697
672.6091711772489,326.9927198431548,25.759829056472668,85.42977035770187
674.0303364001533,326.4782502834061,25.57256748502301,84.35829782368057
674.4731780960198,326.80313964062054,25.63813178539823,83.95409139311568
675.5258081671673,326.1451570025407,25.78803745845651,83.71073955730641
676.6516410185601,325.5724376920483,26.014344501566185,82.33428944538106
677.6035227979046,326.2969680458125,26.398865244635154,82.04560874368917
678.0738418353648,327.0103793159941,26.82351781149932,81.84567843622091
679.595185085218,327.07024957909346,27.033867572397895,81.79356741124576
680.3239856905537,327.15401052666164,27.420589877618326,81.18464004096975
680.9110415381945,327.24273789874854,27.787183743974794,81.4442672894221
682.387309773223,327.2341398134663,28.357550716300494,81.95362857844245
683.5440433973051,328.2157338918546,28.87805997532317,82.13084393080587
684.6682646230438,327.97139834489553,29.252952408489342,82.60215930514275
685.2476402924697,328.3541415859258,29.886438709064834,82.44057325566894
685.7814948471788,327.4006950567111,30.30305000179198,82.30734308983997
688.0470288243481,326.79594229005346,30.453174922361715,82.58028310477593
689.6414924993056,326.18411479145664,30.196421539808185,81.92715270443998
690.2847393426466,326.0290848130421,30.0984635434338,81.13651025629309
692.533765646632,325.3421329403793,29.92596006113444,80.29954659668098
694.2057088465134,325.47850896664505,29.586015912577015,79.72943251459708
696.2995332236802,324.93139878646326,29.12549447185731,79.43953777505376
696.7668517973757,324.60458447294064,28.738354477748477,78.7194954664682
697.8704976521852,324.86114131383937,28.35779158893024,78.40918629049581
699.4442168652181,324.64352395628055,27.789792087653854,77.83664116895869
700.4502113067341,324.759679519538,27.410822294320695,78.21131269081653
701.3580100690573,324.713130525326,27.221801908575024,78.73848633279356
702.9747717367366,324.22668254756456,27.19953245467093,79.12826641259534
702.7608343492366,324.18356799803956,27.21974155975306,79.10760529517563
704.5252909694145,324.1194905686123,27.234204526748677,78.82576844265205
704.6504489738744,324.51152086561956,27.247684519501803,78.812069093316
706.403064962973,325.2173467842894,27.403931060744224,78.596651005366
706.9072709814636,324.26931040174884,27.533137565480448,78.63931579143556
708.3203698767313,323.2417370972291,27.505075055554137,78.59814272502958
710.4173767434978,322.23352155633876,27.07123941116303,77.93899282841663
712.1254422904958,321.8437818617273,26.5616181934184,77.52943537147866
713.3735600205102,322.3033047565629,25.962254180952712,77.32476656783426
715.0125371379721,321.60165307467327,25.58578681965549,76.45947924290807
716.1985026834516,320.8513895699967,25.500195250104795,76.35267747971633
717.4383175865389,320.3807246305558,25.577215367254652,76.52778851752225
718.6246858739269,319.579054517033,26.026692203810015,76.95242305227657
719.1491143957339,319.64777929976253,26.750545364320313,77.32853449717825
720.637405363731,318.6791066777456,27.34991405088484,77.57317494442104
720.8608496928091,318.89230819447255,28.028849724965706,77.55042627769882
722.4119606077071,318.6044802494755,28.810983201795082,77.63229866392207
722.7056033406028,319.11708855631105,29.65157194350042,77.84353296081916
722.9715404478764,318.7534223322696,30.531858959994302,77.5607495470093
723.6396616837943,318.6699852601183,31.09746563881593,77.91721961413961
724.638652928977,317.81159776182335,31.456273691053262,78.31502977174802
725.523888177287,318.471102642268,31.292884130865186,78.31389170065506
726.1965648709729,317.794312080782,31.182469722641994,78.19481907702225
728.8903514381257,316.10106990698966,30.738789067279463,77.34528333641106
730.611509730722,315.19688599786923,30.198298625351583,76.61699715913804
732.5065314332171,314.9038081007709,29.694549680657932,75.77756625289517
734.74180021485,314.66950389800957,29.221557121283126,75.5906088601353
736.3628731998857,314.4850039219915,28.57872846345239,75.56830276950012
737.9236566333118,313.52396766515045,28.075311830822614,75.5726870326406
739.854602502848,312.25349272063704,27.798305688979077,75.37237448575432
740.9552137645649,312.3480062751279,27.172226741213713,75.63861254114798
742.6332292691656,311.97826354649266,26.696424728289333,76.01589806608156
743.157334950756,311.52297113246885,26.689393022090783,77.0032212144203
744.1504870213408,310.590280587518,26.686975122834035,77.57522812352812
744.6784861399337,309.9635908634558,26.918967217297897,77.53535867982208
745.4801107527373,309.65773638259964,27.23531072984219,77.07058939866037
745.8541177314991,309.7473525130599,27.498192501383826,76.51092822748434
746.6033864540539,308.5662125643752,27.809550452506734,76.1596251323001
747.4163727647024,307.7952551493913,28.000243957460896,75.71372482058996
750.4407962472561,307.6459019371383,28.17477088227646,75.16294811273357
750.3100878215132,307.27449719763257,27.896594692819342,75.12829755308312
751.7658538668253,306.2581712071701,27.771156790885225,75.34780699593735
752.5279403822859,305.80776175860626,27.487396948898372,75.67614157862339
755.580718855085,305.2793896319004,27.292741549778366,75.7012474481697
757.5617663374799,304.53338545482654,26.843432258130225,75.77502002350893
759.0557879110912,304.3738257419279,26.673346750601766,75.97280479223325
760.6860466271507,303.00864591822517,26.65511075540274,76.77209590001911
759.6494718528417,301.5865396422007,26.37059571890744,76.98514413970547
762.2266972934597,300.9194100021294,26.71224335604297,76.66563452279148
761.1020667474963,300.0490248610093,26.76312135508949,76.19741637691584
763.9968542624596,299.2487452174467,27.607812701658204,75.45928657521964
765.668208686745,299.32703414812664,28.05677226815724,74.68298527464306
764.5944274221183,300.2251460953047,28.762844504861288,74.95510001287056
766.7939705749213,300.416277811114,29.661934487860023,74.5658055768417
765.8970709409939,297.7169277033933,30.173238495476284,75.3725944763652
765.7493108109577,298.5630839141902,30.117012434824186,75.50833386026756
766.0376963704197,294.99210437115863,30.567906096516943,75.58706433915299
767.1461682411355,293.08094957108426,31.011942579694672,74.81881302621579
768.9845631168355,294.0362188357557,31.426567279893767,74.01684924491227
775.8790551493217,294.6114205547884,29.69703431813183,74.65957143627179
777.024541144154,293.9377347502624,28.9558744069432,75.79132528430802
777.9825524350457,294.00776201958075,28.474730293673215,76.98025274125385
779.7862406593696,290.8348306486132,28.34290998020301,77.78373896493945
783.6941725253275,290.38622264559416,27.8786468952598,77.99597964491629
786.2401002689828,292.8133111169352,27.720015609151787,79.38605490712922
785.9156196796306,292.25398375555955,27.55433882885277,79.94279625879433
786.0795684941054,290.63431257223624,27.31592481863941,80.91589564448395
789.1942170350657,291.58042644356055,27.63837791982434,80.78407761462672
791.0658152438664,291.5803451974083,27.283960188746253,79.79505960165551
793.8158085364739,291.70803236806694,27.087414651199563,78.22219360975689
796.1764778915922,290.97863339405933,27.011074968215226,76.79955687874076
798.0451603432442,289.360229793039,26.692817263626544,74.95389032589854
799.94365457176,287.90078729870186,26.266434275344842,73.98931836915355
802.7134755309748,289.0991303760501,26.274994871563543,72.95097974959047
804.9155213659423,288.6227464604763,25.97210425906283,72.6507317049217
806.4363239520537,287.56197461456395,26.443773279650017,72.12940926210288
808.6187766722335,284.5886474057191,26.35066978783786,71.98623185072152
810.2945654643303,284.454391205369,26.846522671249815,72.5331973332679
811.8131398115078,283.16519126044676,26.951335313030683,72.56042544347986
812.8552727593935,282.71455221607647,27.13248961569981,72.8341570429817
814.0779585703242,282.4078337822983,27.24239438772888,72.75846110089898
815.8308399655086,282.65574781305213,27.849926198800368,71.93480355922016
817.7529856201937,282.334548057201,28.13711939794471,71.20793513040115
819.9567257278952,282.2966341299458,27.62048591182012,70.62733238283789
822.1010064906553,282.8463970216401,27.116229005135427,69.7211751982682
823.9085125905779,282.9894716829775,26.661152518104814,68.69734126808744
827.4760174031607,282.77429334583667,26.38758355150834,67.9815835930039
829.0815311660774,282.1392842920035,26.00592962377368,68.61842388380246
830.339922447824,279.3352491949555,26.006750696068355,69.35346818373345
831.855593861673,276.9727746541021,25.85984447573133,69.46275039913768
833.920899977897,276.15395185370704,25.96068947671243,69.81001099206959
835.0961535525173,275.88792715757955,26.257271093569678,70.27564454542734
836.1837454491961,274.59276608804646,25.93121340075235,70.69100917068432
838.969174777054,273.1412854534413,25.762287938243254,70.4792512874441
840.779003826578,272.4826345420075,25.626237369789084,70.41379818839854
841.6091859091615,272.2820825243905,25.34800227776504,70.41466439513937
843.5734835956848,272.95021815553736,25.436790003320763,70.23678663508107
845.3234143942151,272.84590348099107,25.219326391718564,70.09088722922408
846.7024078368604,272.47496679057303,24.720573457996665,70.53650490231936
848.1412577122844,271.4597163420034,24.329443588587697,71.58186237637823
848.90275832046,269.93678376449407,24.145782105360492,72.99599351783942
850.0665081166469,268.0628764793171,24.127538351380814,74.45373111713937
851.4645411006503,266.16658198724974,23.91112516962889,75.56638202334733
852.4200527794081,265.22482292362747,23.97792733453587,75.52933847933488
853.5634307786315,264.3511573686312,24.09838597766017,75.40631600980623
854.0585051365197,264.9342856070467,24.049994523637086,74.78695998415854
855.6508047698245,264.8205922721956,23.92742604926365,74.4644355124652
856.4631854821845,264.6201130795065,24.280072556825083,73.5967263191462
858.9664174532273,265.43664965302094,24.28338997536576,73.14961739884001
859.5304054107909,266.2975479494702,24.321340755108544,72.54201853695965
860.6239794404395,265.83825988297974,24.074527492716815,72.3948427597308
861.4372583904468,266.00347894437095,23.529711044919445,71.95776712927136
863.0101632135351,264.3481143442207,23.08408645924393,72.15751748779033
863.7690388574973,266.4834141757735,23.074919670678607,72.08767675870565
864.2913773055432,267.5009144053105,23.0919023490955,72.3397446666361
868.9849346418181,272.6644172814565,23.119875376435754,71.36993190750812
868.4438921178512,273.16982354291395,23.309316495841887,70.08610799819871
868.8121126689996,270.9271079577903,23.02191971055215,69.52790475377306
869.6735263093015,272.53744297817315,22.611948031259097,69.90349883692409
870.1470367751037,273.07483130165946,22.491273079822008,69.97194261460352
870.8930694102693,269.2577086834124,22.556047633213584,70.28610661711951
870.8015616254204,269.3388200416596,22.808354451828972,70.3095389133518
870.6539121296746,267.84729524573913,23.351326671703667,70.2118828624925
871.2539333808892,270.45968838630216,23.795401882248992,69.98743179788868
871.8768539630886,273.546066269169,23.819696597366924,69.46065257558158
871.8116107819318,271.1993074617813,23.797871157770057,69.2176977744328
873.0270488809931,279.32067491738826,23.702090126807416,69.11020914007442
873.8637673577599,275.7695241345144,23.599666266268468,68.99255478464893
874.6098085347908,275.8027460023591,23.479653509451076,68.78919479896918
874.5863502984176,276.69504918673573,23.369757478263324,68.59074467926223
874.8431150605818,284.34097217585196,23.34448744823977,68.55226231034378
874.3157290408212,284.28566324074694,23.33515183128196,68.47460675068321
874.0890516871184,286.5206279620562,23.33376386862839,68.4739556436359
872.9656697645272,288.42926125336714,23.32981579593376,68.47454012760336
871.5945547174848,287.54529952157776,23.328282443210536,68.47679615267513
871.9938855203899,285.4521512499444,23.301682721803658,68.4065171115302
872.0722025352227,287.778376026716,23.290085702450245,68.40970100754144
872.0173682318707,289.99321560942985,23.288898714876776,68.41007602988837
870.9340625676648,291.5243447247439,23.288889311934746,68.409264942815
869.2521874502994,293.54396219752675,23.288935580524825,68.40955645980425
868.9110956847491,294.21182373097787,23.28568208798591,68.41097741012152
868.3482128497279,295.30153509193644,23.285064572641357,68.41047304986819
868.4503206624678,296.94531547819355,23.284961253398908,68.41071449674486
868.0665927872158,298.67300043541985,23.285018348488446,68.41042246887366
866.9235651976178,299.37413166481554,23.285037036290248,68.41042806218348
865.9419797974447,299.68319994901833,23.28504899073502,68.41065803325613
865.9512488004425,301.7825817779975,23.285072057387023,68.4106243672106
865.8279823403736,302.4288804186724,23.28505146709727,68.41076147039762
865.5172834115555,302.4325773879822,23.285086102134475,68.41088599647743
865.1407937756794,304.3301074544225,23.28513693808407,68.41080948900883
864.2288129512082,305.31355776859016,23.285219106664734,68.41086786030718
863.8918477076563,307.18427576408635,23.28525864547283,68.41095656566497
862.9685003648526,308.57773488815286,23.285388322916884,68.41110692295494
861.9350002286991,309.69172447185605,23.28548238146345,68.4116171545048
860.9507485893276,311.33717392168603,23.28557957900672,68.4122326515123
860.6014308968769,310.7949366845193,23.285594167704538,68.41341786021313
860.3507928010077,312.4459069830718,23.285373269580102,68.41413748993014
859.4818760828886,313.05770479785133,23.285262937317214,68.41480302503625
858.4552361772131,315.24703029243994,23.285122443415922,68.41538253512664
857.528151182846,315.8900779959283,23.28483624585554,68.41627181023297
856.9343908827293,316.9193511063952,23.284224321598668,68.41783520462518
855.2421526131418,317.87792363467764,23.28383247736605,68.41892115849723
854.1965168424143,318.94954697620926,23.283017942084612,68.42072261691354
853.9703029534777,320.8233937687706,23.28213725686126,68.42313894275581
853.250058951589,321.1172526359361,23.281432991313235,68.42471176771664
852.8057361115856,323.76821149216005,23.28000018630813,68.42882289819474
851.4851518644876,324.2847860965941,23.27805029900383,68.43425422616906
850.4702714813966,325.5526089227098,23.277136369217278,68.43677414324307
849.5254513855791,328.2742661368714,23.276485585281442,68.4382615223234
848.3751346569813,329.46254709733296,23.27621739109466,68.44084999202532
847.3105488084947,330.0533616575452,23.275837438974254,68.44317117658582
846.7538514144427,331.4891289877051,23.275794812908956,68.44424613159192
845.9448053084308,332.58332404523367,23.275556307846145,68.44613120879552
844.5714054668662,333.26661573809224,23.275802569954735,68.44697517216898
844.423187822546,334.7180010169557,23.27601344329296,68.44937743930163
843.3372965359189,336.1103333758965,23.275705724570084,68.45059781701642
841.9089634973901,337.5933634339665,23.275837082160376,68.452196935877
840.3328035465554,337.72840943908426,23.276690614201016,68.4557328028769
839.6387361762296,341.13743631822683,23.276124511995214,68.4582042139644
838.4015986019303,343.23651316159106,23.27587563944504,68.45980953373616
837.1433718738078,344.78425031532754,23.276687644808153,68.46280329152503
836.093500373823,345.4359941900016,23.276966943529782,68.46667595286712
835.6595792837879,345.80745006226437,23.277345415675818,68.46955325939753
834.1320391482345,348.5300516075319,23.277307125991705,68.47090006128799
832.5783481319115,351.11381236642046,23.277665681083356,68.4720153423695
831.718330427184,352.9582477450806,23.27847616072885,68.47399317399278
831.3723783070969,354.8590744139339,23.27919540334447,68.47549716584544
829.5879776305497,356.1050226398872,23.27957801521263,68.4772597334091
827.8032090852041,360.27889372676543,23.280003281868083,68.47829723799735
826.0662825683967,360.1841319403165,23.279798641075196,68.48467691205053
824.736166321756,363.08605600219624,23.280544840563753,68.48584816695315
823.4970015276667,365.32710866271435,23.280242932312902,68.48893657531755
822.386567482928,366.8247710546225,23.280340662751016,68.4905664709904
820.7094843880229,368.23935066991936,23.280281932288208,68.49241996622679
819.7351556220397,370.63989967033814,23.279960086508165,68.49417268865584
818.8239850755213,371.9576582829848,23.279663502352335,68.49683238139218
817.6190566506642,374.3563625389358,23.279738657654164,68.49938877427542
815.8832136509855,376.3631707762062,23.27988992800777,68.50074069496787
813.8695904864206,379.450416658568,23.280245025600536,68.50166873767829
812.6363392925717,381.324802297823,23.28046075405759,68.50382824530102
811.5977605420176,383.40719630473455,23.280432385949048,68.50786108947966
810.5143588769977,384.76246442897474,23.2807942754066,68.5114371227986
808.7359759620741,387.3511848643427,23.281205105711557,68.51380343818937
807.5944279563685,388.5540239844058,23.281341655910715,68.51586984413561
805.7108912758415,391.1307585656583,23.28184778673986,68.51820531572477
804.3271855837237,392.24916136769514,23.28273008772352,68.52472327618051
802.5627361573327,393.9063512630107,23.28467500488256,68.53032053060858
801.2522277045903,396.0055498233389,23.286360788922607,68.53412573005102
799.4933366070504,399.16369768749485,23.287492784112178,68.5370901221311
797.8963456208511,400.36283900527303,23.288601755412156,68.5447992792536
795.8193329134059,403.35735213370725,23.290806510665046,68.54928660652207
793.8469972024868,405.2832073831692,23.291431196739772,68.55891663036424
792.9524262176129,408.1287628473678,23.29240008699682,68.56706927465999
790.8622798901484,412.1353504339489,23.292645229871315,68.56999689233034
788.6920490142294,413.4898870332929,23.293086801960925,68.5726496438833
786.3999662870262,410.7302782313768,23.294277345631123,68.59925250162183
784.9137214945431,414.555876529132,23.294825936334735,68.6060358713214
782.4307383333346,417.6455606137868,23.30063057280809,68.61620951872318
780.4033468439582,420.8480721810568,23.30204975151214,68.61462256811265
778.6980552291634,423.78557375775955,23.300509062568437,68.61957089175789
776.8249327443428,426.56327990733047,23.300364881589893,68.62559000054456
775.586583974983,429.71592103553775,23.301135305823,68.62962342558752
773.2974685175201,432.58529673410305,23.302215399062906,68.63124754725574
771.2559050792493,434.8742772860269,23.304217016205186,68.6306179863768
769.3474441549399,437.3921271192414,23.30774098045502,68.63038880563502
767.321850929663,439.5349896257834,23.310764493844456,68.63209217160993
765.5477260724372,440.7610576892599,23.31196420905915,68.63469895313455
763.8059753643457,443.76760474275153,23.313059724286784,68.63929741206933
759.4011665203635,442.9018887643663,23.28057154677266,68.6076795279127
757.4370571357264,446.0991571887583,23.289687647284786,68.60106162825596
755.308592055147,448.5861911803734,23.29869920263912,68.5950956233277
752.7745409502016,450.7617649909167,23.3086124972772,68.59879161872676
750.8969973189978,453.15720051437495,23.313644923411537,68.60151779318474
748.0340032145899,455.1375879820348,23.31540284276815,68.60542114537115
745.4637959421723,458.08994751108594,23.31949965765348,68.60320033250807
743.231850144408,459.7345323343632,23.32416702909155,68.60125688605726
738.6533461874036,462.3108012706612,23.329972741257087,68.57647847009578
737.2192016340044,463.5857012619791,23.336704125963646,68.56935898939781
734.349658708167,465.8224737615633,23.33817248496269,68.57501626073733
731.3727988309435,467.14689710819994,23.34110850985657,68.57642477071117
728.3081473242266,468.29433633067816,23.343253358312293,68.57649394996122
725.8875874910198,471.0796056581474,23.346915367865712,68.57697112983115
722.8080347426077,473.6282718863489,23.348269781315846,68.57671556628088
720.0398891737758,477.9606937678089,23.35002503412248,68.57416523750396
717.3254048146724,480.6786476955081,23.35044493946302,68.57358348150125
714.6615532584117,483.15250538240787,23.352086803205186,68.57418134393828
712.1024818830698,488.7724628448758,23.357006001185123,68.56665491540136
709.1327017616077,491.0031695664143,23.360431428893154,68.56926887710958
706.0136344406609,495.09476132019705,23.365722194901817,68.56572709317689
702.7515651940065,498.2845839702494,23.368738232613595,68.56651582932699
700.2233243401538,500.74960691736067,23.37410156644821,68.56951818339553
697.6827312326202,503.88751893458,23.375716057577414,68.56974233239805
695.5562490777581,507.4379400792761,23.37701382143361,68.56949456357471
692.4382560674659,510.7228266775254,23.377559110969422,68.56953271122282
689.7830604857057,511.5432374052264,23.377683302901684,68.56966694238999
687.4573548154383,512.9821514437349,23.377717919193316,68.56966007241958
685.6748421197593,514.7193764872172,23.377744207005172,68.56963625498614
683.9041928510868,516.3025290661717,23.377784647655233,68.56958943219071
681.6807136823463,518.4711203585763,23.377865028745955,68.56950020065302
680.7417578881159,521.8238002167965,23.37798247066887,68.56937072026602
680.6604526515173,525.1574981587323,23.377982532222113,68.56935946087572
679.8564666180076,527.6982849334347,23.377984003881725,68.56933603277821
678.1841186794586,528.8094105586969,23.377989081266524,68.56930019630111
675.7608941416124,529.5717215241975,23.378075566169088,68.5691677872801
675.0380999900075,530.2485077219071,23.37810830163777,68.56911673890677
675.3383953701128,531.8383101765181,23.378148778456897,68.56905484802577
676.934492285917,533.6238654904341,23.378227371546476,68.56895695556065
678.2356841967832,536.0503824995191,23.378306079950264,68.56883440971129
678.5379618975878,539.7698817479463,23.37834037903996,68.56877357688873
677.9950671502305,542.2068433693761,23.378370830060977,68.56872976670743
678.9767452124502,544.7203696263124,23.37845846172516,68.56864430147984
680.111949576669,546.3160762235982,23.378953797466,68.56808947101345
680.5623117576977,547.4378333816458,23.37926581713006,68.56776949657808
678.0950808589511,550.9397569930213,23.379460093718794,68.56756292552977
676.1351978997319,555.1209649892137,23.379630532191776,68.56739058548864
673.2822485454701,558.6136774770064,23.379863652336653,68.5671431268407
670.370199803456,562.0765708813018,23.37997412922359,68.56703409458642
668.2791489954242,565.2609775482919,23.380061279955196,68.56694272258144
667.9769546960717,566.3592285108929,23.380126312700135,68.56687481837547
666.6980599334239,568.4824302657693,23.38017300390469,68.5667519787887
664.948089373107,569.939686764502,23.380210207226003,68.5666972561647
663.132268504357,571.2340093259768,23.380311884682694,68.56654404987147
661.9687779700241,572.354751358094,23.38033858857169,68.5664914603228
660.0404987074629,574.5378504503773,23.380434873474933,68.56630298797539
656.9949811854315,577.3331292147991,23.38055280709486,68.56608464293912
654.5693462360035,580.6997657141338,23.38069078990444,68.56587200422445
652.1185658402486,583.9311165933805,23.380770906670787,68.56574234350963
650.1078538037272,586.7646804732369,23.380906584785667,68.56557005483552
650.0598973463145,589.3364878247498,23.380979708610955,68.56547570703434
650.4807680512807,592.4810382262089,23.381011451030048,68.56543740411611
651.2610034813208,595.2008477378805,23.381038351722516,68.56540120547989
654.3032937873837,597.0114673243032,23.381081076388682,68.56533684495147
655.8168930807977,599.681925651497,23.380635915158777,68.56497252058108
654.453001267306,604.5427242719022,23.380609159299183,68.56458289848386
653.8813015085874,606.2904146186905,23.38088719579461,68.56409837838432
652.3772885463753,609.8602879231211,23.381285871454853,68.56354196651425
651.8653713677506,613.6999802829332,23.38181707757351,68.56288248950473
650.8760650803981,616.0439161571065,23.38188637072327,68.56278492252399
651.1819180414525,617.6655375489413,23.38189612301492,68.56277581957971
649.6030926925074,621.6901263022398,23.38194522598026,68.56273542846107
647.7662018326195,624.5166646509476,23.382019460557007,68.56267052990404
645.0438923298486,626.9308547132304,23.382076030948646,68.56259946448172
644.255022383157,632.5273172626991,23.382073466942177,68.56256167175773
642.572135729752,635.4824487368527,23.382112196573168,68.56250551818934
641.5413297621127,639.5222885700258,23.382156110077357,68.56244525949691
639.8773764814831,642.9049027298915,23.382197309169307,68.56238989813941
637.8863714398121,644.8737990998153,23.382250672159067,68.56232961640656
638.3545467357548,648.137863036103,23.382294116089955,68.5622779157061
639.249150322901,651.7245244548178,23.382336361963635,68.5622114755239
639.035520873063,652.7878109392282,23.382314418381615,68.56218274383993
637.6125038503094,653.8819629557452,23.382436722631965,68.56203579240987
634.7804659032467,655.1664217545277,23.38260127413658,68.56184211185223
631.4658864758826,655.7113763125789,23.382722271809172,68.56169115348001
629.2572374068301,655.8743569259655,23.383133603426163,68.56122087824492
626.9397759856506,657.1707924843295,23.383348994918315,68.56097013428928
627.4606697949168,658.304297487382,23.383356153302493,68.5609236100873
627.9242537559578,655.1415930377381,23.383857339134394,68.55999564871826
626.3630956403971,656.8623937313469,23.384006698231428,68.55962193598494
624.9711798570047,658.0148290875621,23.384387661531072,68.55911161326382
625.3827502349502,656.182894929914,23.3847381213458,68.55867662579523
625.6942501780793,655.0415323899254,23.38492476377052,68.55836881163798
622.7611020639797,655.7441044145835,23.385039618373366,68.5582119783176
621.7489281596924,655.315383543551,23.385230618095058,68.55795575666791
619.3465661778665,655.1679366204079,23.385567965993452,68.55757370616642
618.2075283499489,654.4085767428139,23.385689520266094,68.55736064198808
616.2775530165536,653.7899886026413,23.386066584380497,68.55697748458147
617.2270417926412,653.382830262768,23.386237854035823,68.5568192240279
614.7968867127731,653.4715686075414,23.38656981476697,68.55649700099123
616.6419752536707,653.6142253485622,23.38685603749159,68.55614146429645
618.7920560693134,652.5393699797761,23.386533425981565,68.55570118754049
616.7283211590006,654.5272143502362,23.386724441827997,68.5520359337113
613.9670064542862,656.6496465670747,23.387701152739897,68.54911772043239
610.6686811697533,658.8893833725908,23.387994376224597,68.54861988225781
608.3252427836532,659.3235563921878,23.388280476885818,68.54817099596453
605.3167678201072,658.9069561536295,23.388476253586948,68.54783764959097
603.127792336929,658.3530864391066,23.388681114749268,68.54751290398458
601.4453793502588,657.9481015614741,23.388932417298122,68.54714028778577
600.8772324033059,657.3035992552286,23.388988213059296,68.54706630702276
600.2581144258211,657.8100156607148,23.389086446013714,68.54691092715684
600.0017620631805,658.5526908734557,23.38922722743176,68.54667555294468
599.794174308009,659.560880904394,23.389444290556863,68.54629456981861
599.6739163714971,660.8454531498072,23.389652877199033,68.54596864817573
596.7717611949414,662.9383355299211,23.389950454889306,68.54540457917096
592.9081250735055,664.5294448096229,23.390294463660567,68.54469694506045
589.1278570763179,665.3675284159772,23.390563009610606,68.54422026408255
584.9324411070637,666.277536932599,23.390816678160594,68.54380762765891
581.0528993728758,666.2439639304247,23.391125865988165,68.54331741036022
578.6035461985202,665.3009131054334,23.39177761493747,68.54237606107513
576.5517986940577,664.6889302962779,23.392090308036025,68.54195641785063
574.6842698109363,664.9808258325897,23.3925811473228,68.54135507110281
572.2647786786612,665.0594888129266,23.393294178169235,68.54034218704439
569.507747006649,664.6256194622163,23.39365417594131,68.53980590172104
566.6761032320651,664.1898412413336,23.393869139049443,68.53952591961252
565.1937693825782,663.9048809962004,23.39396226259899,68.53937757366675
562.5491547928737,663.5052963576624,23.394073152060628,68.53921113258791
560.4585236274927,661.0924758683385,23.394155959354496,68.53909174670326
557.454800966626,659.1900580148739,23.39441677562526,68.53874928819671
555.0914521500882,657.4961623299165,23.39461151334551,68.53852252685533
554.1026019307512,657.7177933627274,23.39471066227047,68.53836621846986
553.8189972953792,658.3793111686584,23.39479014223151,68.53820181479892
552.9522906972418,657.6907084989019,23.394966787221506,68.53791627620681
552.7271464108252,656.7855555612201,23.39515228574263,68.5376843364763
552.0104121720574,652.6098541480512,23.395255656695667,68.53753515323159
550.1699559810064,651.264584497123,23.395436980676827,68.53732862455212
549.9048587289253,650.7895560396412,23.395570776316276,68.53722497652363
549.9001954243902,651.8420973500524,23.395667059456514,68.53716550137695
550.3325147853936,652.150080063305,23.395711548299506,68.53711960526343
550.7871106053252,651.3382702526012,23.395764207371236,68.5370606616457
550.6738954298614,649.0957159728489,23.39577157787098,68.53703748058012
551.9204737793189,643.6913673859833,23.395784901920813,68.53702360237041
553.8453593665421,639.5750259211933,23.395953550624778,68.53683261532449
554.7897105822694,640.220493163183,23.396893357787047,68.53597629449206
558.8955778748373,643.6039014982392,23.397191090766633,68.53568536977153
561.0820685674174,646.8014114812233,23.39777728678311,68.53513180394984
563.6198092286938,649.6795917854311,23.398107350338794,68.53481033814292
566.0732948254541,652.0863103231203,23.398428522845933,68.53449505841871
568.1804085665636,653.4194340185371,23.39858321225771,68.53432671192711
568.8451358424805,654.3697709045102,23.39873555110232,68.53416742343276
569.2612919392242,655.118088359166,23.398853124270016,68.53403765537952
568.9333328037674,656.9644101331107,23.3989897088776,68.53388396993205
569.8573858572911,655.3010819908036,23.39900250308306,68.53386340899569
570.4434632013354,653.9004987790111,23.399043487983327,68.53380083248932
569.7859063504434,653.0436803862046,23.39912005845789,68.53370668682011
568.846769441685,653.8896838395474,23.399235545057397,68.53354412427376
565.2831911374046,655.7344085287557,23.399315050956897,68.53340768073257
560.7553588529834,656.9181236699866,23.399398526964777,68.53329412114057
556.7376618443958,657.3229046017781,23.399520899547795,68.53311380214765
555.3236731852721,655.2908578624717,23.39960877535129,68.53299209750232
555.287755127876,653.505634083376,23.399750828983382,68.53285011330487
554.7085322080743,652.9681251138214,23.39992642875684,68.53273067562868
554.0268751170532,653.6633187855181,23.400023137768898,68.53265469259469
553.3737915471409,654.4999764494253,23.40018897201348,68.5324785792958
552.9076314271421,653.4454531280284,23.400261752122535,68.5324043762951
551.1030923454846,652.9114385545049,23.400495635194705,68.53213482587027
549.0928959400188,652.909158442507,23.40096142128482,68.53159522197696
545.2591227336944,652.7183323632336,23.401400728678478,68.53111896303176
540.1200297712531,654.4298872535851,23.402009253353462,68.53045519482555
534.2437162128398,655.1527951436852,23.402765261171403,68.5296466196348
530.9884342607038,651.8040922399333,23.403045218452416,68.52931664070073
527.9180839371502,648.9999172594045,23.403414120412066,68.52892341099292
525.7627138157001,646.5705373941803,23.403603673615,68.5286638619613
524.5890333963574,645.7761425719159,23.403581728410522,68.52858858396665
523.1235123829122,644.3795833798198,23.40360134967657,68.52856321892189
522.7148576117809,641.6548127334781,23.403617724824834,68.5285705722435
522.1730105166909,639.8001964214073,23.4036482129938,68.52861854977866
520.7942421724783,637.8419017927271,23.403643244924805,68.52875826032522
520.1839490835573,635.2080103067232,23.403652063567304,68.52881814883709
519.3499567906506,633.2612985062699,23.403676601658766,68.52889830110463
518.6926239999373,631.2297777743602,23.40367197796919,68.52890570730692
517.9035811015227,629.6272930610779,23.40366555735296,68.5289340995544
518.4632715350617,627.5246560538085,23.403679827108103,68.52892637962678
518.7899610721041,625.2984517943257,23.403705465700405,68.528929445864
518.6120144946381,624.6588643968612,23.403720803955405,68.52893074740778
518.2083597601035,622.9307722935224,23.403716294352567,68.52897586640822
519.3706303537656,621.5260904132759,23.40374981596695,68.52894192945243
519.8971380246985,623.2750129524928,23.403818251528786,68.52886501469963
518.6354476560348,627.0097123202639,23.403880459727024,68.5287937289561
517.3483654887846,631.2392215496417,23.40398816886136,68.52867190716346
514.3350959909873,636.4189831402979,23.404060794827142,68.52859048305318
511.1356380491125,640.6870685598365,23.40416867610461,68.52846853313615
508.59986932820595,644.4960624298661,23.40427686529327,68.52834587867869
505.6394232608157,648.8627882884997,23.404537591382372,68.52805894870394
503.0609681121357,653.5894381644139,23.404988557229885,68.527559947608
499.9123047164154,658.3470002259279,23.405246275947057,68.52726164550285
496.4818765709512,661.8995001501672,23.405734791912124,68.52671154601717
493.55978366165414,664.9045238104699,23.40700364502166,68.52524491007372
490.21757963640476,667.1675385070262,23.40794001583286,68.5241059397822
487.4286195791283,667.6396736760955,23.40912797172495,68.52265150149242
486.24202093793184,662.0936221362348,23.40956424299419,68.52209367728324
485.6463424793212,663.4778908069343,23.4097393813077,68.52183445783243
484.8613279436567,663.9991559611103,23.409785804740853,68.52176840576698
483.8469495025253,662.0583926040887,23.409831606452517,68.52170046191233
481.8990780578085,660.347916279835,23.409887392614685,68.52160899916792
478.3264284349726,661.4338213171375,23.409912952831103,68.52156806671371
476.2188692783414,660.6686433320251,23.409926686168028,68.5215440263336
474.0257873076416,659.8699264089602,23.409927392856897,68.52152463588364
471.7252709087788,658.1289469805625,23.40994271545434,68.52149697000442
468.42550630153613,657.4041715616366,23.409977949531882,68.52145533673342
466.19973747835314,656.5540421134843,23.410023763164748,68.5214067445966
466.243400435588,653.9651239640536,23.41002175273255,68.52140090326016
467.03315007878535,651.3911038743256,23.41002218786493,68.52139601969746
466.8244808162301,650.265605273131,23.410024159640162,68.52138447307867
465.38614905101514,650.4111484681156,23.410065966895157,68.52133048681691
464.3844948234248,650.4602606244476,23.410120962145395,68.52126214949452
463.0340697021802,651.9149050075472,23.410181514616855,68.52119193302374
461.5944633920052,653.9273580205842,23.410251850573506,68.5211086188945
459.3307095042363,654.7644012346154,23.410312402447918,68.52105940892581
458.05602213946264,654.5114569807736,23.410349744910334,68.52102965222048
456.27364707097485,655.0063489918133,23.41039498686641,68.52097914731092
454.5592587786366,654.7029476280117,23.410451097299784,68.52092082001697
454.72692601838276,650.9821201761416,23.41045002473266,68.52091245852874
453.1624287663881,648.4679848184408,23.410477481984348,68.52087239817364
452.3965839485809,648.7407277951041,23.41047389746014,68.52083391360452
451.20503820365815,649.7820253785844,23.410472983893822,68.52082789611916
450.8265275892441,652.3716500940002,23.410467242335322,68.52080009538395
450.64984283103513,652.8306098655358,23.410457717796806,68.52075560381101
450.27052436933997,653.3066406982787,23.410454292275826,68.52070510632845
450.1048565563,654.0081517180636,23.410427790098097,68.52055157605118
450.2489510301556,653.7061341004246,23.410777894396432,68.52002488639489
449.5881623570576,653.0817871106848,23.41101920963223,68.51976921892464
448.3960128391003,653.1400779009159,23.411155581133478,68.51959076368905
447.8850089423328,653.2594132433364,23.41124662757528,68.51947336444672
447.088159007931,654.312179456754,23.411254312884395,68.51939013728793
446.56354126110665,653.5176090928605,23.411327657103744,68.51929079091725
445.69609338784437,653.0187574267954,23.41138408344544,68.5191945477185
444.46138419156716,650.9837021583245,23.411506974290923,68.5189887699632
443.1380989510865,645.961497822107,23.41150915691246,68.51897529273988
441.6969464610424,641.5706732753581,23.41151685955007,68.51897002832759
440.62082077994523,642.6902255034732,23.41153724373227,68.51895005429031
440.3566577589608,644.9954665492086,23.41156776873331,68.51891250856562
438.1969874245198,646.6843227368415,23.411626382714168,68.51884443376046
436.43392833870905,648.7613597937412,23.411721166426783,68.5187357931362
435.4405507135583,650.3512855291049,23.411768967768893,68.51868173337373
433.064248290471,652.2529719466874,23.411982475595092,68.51844620060757
431.0409679465212,653.61541866013,23.412159305767688,68.51825060201506
430.9847561247985,655.2351784535398,23.412283074788245,68.51810112284628
429.0284393596653,657.1287958727486,23.41261077314543,68.51770863062008
427.43406417718825,658.640817766075,23.41281209635141,68.51746640913755
426.1424079467661,661.492696984385,23.413149408040994,68.51704373454146
424.6321855917827,662.6151343390138,23.414214502224183,68.51573673043812
422.50792857493843,664.5035896689875,23.41476272322965,68.51508310860734
420.98476357826826,664.6767452129011,23.41544914853103,68.51427275820868
418.9686646143229,664.7431818289189,23.416423302465432,68.51311813192999
416.85659182207235,665.1094744175706,23.417231236667472,68.51211339085629
415.5777685883398,665.2592643550864,23.41861473416188,68.51039783371859
415.0695065227233,665.339931899932,23.419539376182847,68.50911690617214
415.6625126665851,661.3144397553332,23.42009809046578,68.5083204946862
416.48098146597846,658.6458916151711,23.420541568491817,68.5076448824627
417.53779101878365,660.9411514737401,23.421691444815053,68.5060138104968
418.2360306925753,662.4038759184339,23.422923255030504,68.50432938834865
414.0895128179143,663.5160117142572,23.4251779832343,68.50174749778232
410.682035422258,664.1135679085563,23.426403965190193,68.50034376740251
407.7069822519021,664.2719274061752,23.427781744500635,68.49856480750788
406.14262689764695,664.2662321598191,23.428894167335887,68.4970670251331
408.3530751763186,664.834356299041,23.42940912427477,68.49638533890581
411.3445730596698,666.3648278158258,23.43053801806429,68.49495611263303
413.97282902971455,666.6772208574324,23.433006829012445,68.49213865639587
415.35217309789806,664.009557495874,23.433127305468982,68.49155362871927
415.965733455014,661.1481042418785,23.433221762097343,68.49021649581046
414.8713094095214,658.8819895177095,23.433377044931294,68.48995187600286
414.7023144763668,657.5499958103047,23.43342121154873,68.48985795574448
414.32645916499354,655.5630333682495,23.43345235421946,68.4897611666524
414.0685774965405,650.9136260335545,23.433507244622774,68.48955697617933
413.0722259813435,646.9166352921302,23.433820119224578,68.48923904725413
411.289189311325,647.2065870573551,23.434474262179,68.48868843209124
409.20563282660663,648.8861717248957,23.435015614489316,68.4881781260172
407.3428284220253,650.6737959385633,23.43554965558548,68.48763243839754
405.84251155486146,652.5894530616733,23.435998138677256,68.4870924994283
404.72876639413505,654.6054402221262,23.4374864822096,68.48513603130597
402.7383759263557,656.821243235199,23.438357282499148,68.48377397412405
400.4451281080362,658.320951054632,23.439937281168074,68.4813738114847
398.0695632030343,659.46438577897,23.442047945206372,68.47796545671113
395.47379402207713,661.0009097032188,23.443619151664176,68.47558702082661
392.25028223531035,661.8482225051499,23.444512926308512,68.47417046905034
388.615482175329,662.4452455662315,23.445313264471963,68.47283820358415
386.0480319427618,663.0575802902181,23.446134273277092,68.47150998218869
384.4000269719654,662.9585569656062,23.446912634135458,68.47025720652574
382.75457395300725,662.4575196436028,23.447569085946448,68.46926030397807
380.4080751159142,663.0865127307148,23.448609763214876,68.46765313804718
379.0410166554508,663.4229184345807,23.45094973139821,68.4640754696915
379.04275612515204,664.1676587766568,23.452732301209274,68.46179480728296
380.6774354693643,664.7511189593868,23.454405230903063,68.4596181037037
382.53410894733236,664.3767015737126,23.455505058032738,68.45734792414726
385.06264540559295,664.8625659349063,23.458702450959763,68.45340694437446
383.965229148217,666.2387658636695,23.45938332577332,68.4525672980297
382.12654824345583,666.5503272801916,23.460842530238892,68.45096057349845
377.88519483209626,667.0492245872713,23.46155281670315,68.4501980056571
374.6937200190862,668.1094948403511,23.46216725671871,68.4495357915811
374.6385184271065,662.6430876293155,23.462459233908184,68.4490664078052
375.8725384955504,660.9561888585249,23.462906121327578,68.44829429492162
375.4739869237207,661.9382771097899,23.46333751682567,68.44750933482644
374.9483206800901,661.8269551513768,23.463705410199516,68.44695461428647
373.2588587980378,660.5425856882564,23.46431944758899,68.44621836657684
370.565625208163,658.8616761532721,23.46458572249239,68.44596616083429
369.27391351373495,659.3243789529258,23.465146018926074,68.4454625834119
367.7768385408408,660.1844201093234,23.465363002296765,68.44522425426703
365.5848241400786,661.219049523826,23.465607032855555,68.44488770652686
362.82133885613194,662.5849529912978,23.46574931171689,68.44468367876435
360.9595663874826,662.3144795058414,23.465892464118696,68.44451780950132
360.1127700423491,661.6900775949093,23.46627681755557,68.4440935115154
357.19743309461245,660.0859986991283,23.466696635117508,68.44355398404682
351.8595456611028,658.5643355732251,23.466963956665555,68.44318168658234
348.13099034800973,657.4171595269056,23.467231206692055,68.44287321098413
345.15321717042957,656.9254032872886,23.467403797814363,68.4426509633122
342.8597331065676,656.95856956394,23.467557045167176,68.4424508511725
340.69212692046347,656.6140790126102,23.46783279857055,68.44209869377286
338.40845703130753,655.7498533098649,23.468173618294742,68.44169437016043
336.1201348099373,654.6479484329743,23.468318598907388,68.44151795603376
333.4988181235193,653.7902153273019,23.468389200900038,68.44142671136194
330.01243293318396,653.5449810995539,23.4684670919466,68.44130438588476
330.7137918778073,649.7748835501374,23.46854868981395,68.44124870651952
326.1397364976876,649.3229263552506,23.468658732890248,68.44113247524125
320.95554409092296,649.5750122195617,23.468744062166575,68.44102852520635
323.6405539869606,645.3156485436317,23.469177627787893,68.44076154570634
319.05610419739173,647.3710420238416,23.469361729935855,68.44052212785861
314.777821428765,648.6927878078085,23.469577512855793,68.44028841629382
309.5653270201128,650.3415836643106,23.46983126088531,68.43998750529154
305.0293089622858,651.6241199860625,23.470045210096362,68.43968341456791
300.8954737214484,651.9524294947533,23.47021386071649,68.43943813642889
298.3394086402799,652.1227802595733,23.470335928265975,68.4392780887607
295.75645388249256,652.8784937034235,23.470421030541008,68.43916738128956
294.6216357396691,653.3479408960122,23.470501509074335,68.43906182734601
292.66049871031623,654.4123105043891,23.470590146790027,68.43896016285373
289.3919310189913,655.4567053722717,23.470734886892345,68.43876128745516
286.6088722794757,655.7301024535845,23.470862871599824,68.43857974518326
284.03686906576223,655.3855689883302,23.47097605714444,68.43842541276005
281.5353631459408,654.6827556646006,23.47102244650042,68.43835805234578
278.9924338669142,654.1718907657239,23.47112231848795,68.43821950197756
276.2362099560111,653.2773960381295,23.47137169211295,68.43784950682611
274.37106665677334,652.9846428190692,23.471905750000133,68.43712030251352
272.2178395852809,653.2249760864655,23.472523692270915,68.43627479404601
269.1981914754009,654.2845042153465,23.472837520673487,68.43581699743523
265.95370413616837,654.7518515400313,23.473347843669806,68.43498574947853
261.5913113860065,655.2220627507874,23.4739254658807,68.43406842821676
256.83158124515353,656.64623445232,23.474194005643266,68.43366237065626
253.5602392199292,656.809749151609,23.474425720734324,68.43325882585502
249.22088357319066,656.798246086672,23.47458915501947,68.43295269253844
245.0573847532563,657.0267413808151,23.47491328719781,68.43247515147054
240.78873472367044,657.5407015371147,23.475075361140004,68.43224417660171
238.63451772091037,657.4307255777089,23.475217454581305,68.43206219477086
235.9089707634525,657.4129993855873,23.475368376332995,68.4318471893828
233.3249115873585,656.3292055596158,23.475629558415978,68.43149184053242
230.47374076940937,655.7083338481491,23.47579891495632,68.43125006163015
227.36170688445415,656.07175546945,23.475966843558194,68.43100079028079
223.96697074639275,655.9649794541392,23.47609862361778,68.43079599140215
220.95682177123805,655.8512813920809,23.476231130506736,68.4306012863849
218.12121549034748,655.7220079852797,23.4765986605496,68.43011611875747
214.23763278229254,655.235022396599,23.476857338378252,68.42975204288015
209.37065890095465,655.597752342544,23.477015657084284,68.42960253621729
204.82153634739043,655.8400676311195,23.47731745824348,68.42922223634726
200.27643998398804,655.2691716913719,23.477448997304094,68.42901093724592
195.89154887775595,655.2652831224522,23.47751399327663,68.42890640389504
191.81500816817274,655.0629722789549,23.477604117582167,68.42875166672005
187.52171425830787,654.5315736778706,23.4777461289013,68.4285409181059
183.5499510247179,654.4896003114833,23.477955659588304,68.42824996359089
180.10217062803153,654.4518264819544,23.478121174030374,68.42801813247559
175.60274709778076,655.3099804348012,23.47862285947085,68.42735899711433
170.85855051362122,654.8938151604328,23.479121015888104,68.42665395758682
166.83533117618998,654.7705010590745,23.47939517811631,68.4263069321129
162.80418646168283,653.946589827841,23.479558447462637,68.42610435872189
158.28206091389762,654.4364962611623,23.479629626651214,68.42600862750842
152.96653430890157,654.2866909879705,23.479696622959224,68.42592225158994
148.78092196377162,653.9826778127123,23.479745547227957,68.42584371748201
143.8426462620209,654.5008008230416,23.479834014327967,68.42570797876769
140.48688012238847,654.0938061291179,23.479995825453198,68.42547312345101
137.28343716226811,653.9769397102917,23.480236924526956,68.42512025224667
134.1009067688534,653.792589753419,23.480430500968193,68.42485123217136
130.70351878327284,654.4498570449475,23.4804982201762,68.42474485937291
127.5477859992574,654.1569410018936,23.48055193060206,68.42465500229282
123.30897301287723,654.5256948731571,23.480676034160744,68.42446970945005
118.28298893924426,654.1751711901429,23.480749039825113,68.42436135333709
113.0338406185139,654.2334520189569,23.48083286695478,68.42422965047643
106.73963836967856,654.5050109707554,23.480947150086894,68.42406833753193
101.3130524872633,653.4463006018719,23.481042933777278,68.42393178808263
96.06742042173764,652.4988538257695,23.48111710816357,68.42383000852327
91.89844509644887,651.746673794291,23.48135547083828,68.42357774485829
88.28295139499971,649.6495714019513,23.481436864062513,68.42345231408355
83.09861961382617,649.4272419405115,23.481689362261644,68.42319719401348
78.04770603834623,649.3818473618453,23.481899653785483,68.42290210947893
72.78139814779482,649.6356437051779,23.481966530469364,68.42281251510258
66.95769697508183,649.4934564478733,23.482094858561375,68.42262706457824
61.67663261505477,647.5909089071956,23.482236655397706,68.42244646729876
57.28348400443043,648.6914663321422,23.48236100982511,68.42231037335665
53.58875315209328,649.6790196240053,23.48244512050526,68.42222455588882
49.98093555439737,651.9616925311233,23.482536092111687,68.42209528294305
46.70985242896517,652.8380859133742,23.482672485340583,68.42191908267307
43.50325062079018,654.1729642810916,23.482912711340223,68.42159331838383
40.537766900795575,653.7545168530343,23.48297957759897,68.42150628191276
37.60936421512919,654.4397634441499,23.483099310503995,68.42131696892888
34.70415622316552,654.374555285275,23.48325213754048,68.4210948064921
32.93183672269765,653.9730178888948,23.483393171709857,68.42085109873393
29.676381292479057,653.7964100425384,23.483472676098458,68.42072235098652
27.08516487311691,654.9301820009763,23.483534375296387,68.42062042210195
24.231289709648,655.9630518968211,23.48362927239412,68.4204950923113
20.941873788356038,657.3744197589223,23.4838483105652,68.4201775809996
19.056841016532854,658.630416454903,23.484003280252217,68.42000355167859
16.74104325394155,658.8924528981429,23.484614499099372,68.41917486733576
15.23128053610256,658.7733203355596,23.485150610207654,68.41849607296294
13.281898702147004,658.3440021576916,23.486554668514884,68.41688630681534
12.682486661233439,658.1335235145846,23.4873398146807,68.41577881184045
13.585089010544907,657.7440002451835,23.4877542366556,68.41511636912864
12.033900385113276,656.9951373790618,23.48796268907221,68.4148487513431
11.223421831876605,656.9594739683334,23.488360341581316,68.4143733664623
12.020634172441028,656.1737968980509,23.48852966222249,68.41415925637119
11.826459929774261,655.6773259565138,23.48863557501002,68.41404704751518
11.100649077484466,655.6927339699929,23.489062277987436,68.41349406635968
9.551482548443197,655.4713362892916,23.489377405085477,68.41304544735456
8.50567776814874,655.2465025087444,23.489555347937575,68.41276889972441
9.228299497856888,656.0413744149597,23.48973036557969,68.41254899876986
10.820954494711197,656.2029304585037,23.489926477294045,68.41235350880982
10.884794227488003,655.2655658592467,23.490650004823433,68.41143504325348
9.79004126561979,654.5222850745798,23.49159663481291,68.41041798213989
9.238457643010372,656.0432587719375,23.49182844664399,68.41006556957177
8.605419761358927,657.1628402435347,23.49193159565855,68.40992082820546
9.840327587903042,656.9589515673895,23.492167946430794,68.40963554364363
9.607715351877314,657.5897884670268,23.49249323616261,68.4092640963207
10.75652260023375,657.5162886029201,23.49270288381314,68.40902866942845
12.484632800876964,657.5533903738852,23.493069320295266,68.4085697523513
10.313430586560367,658.0437195548191,23.49342462707177,68.40810256165275
11.256751879395267,657.9588269396434,23.493942104191888,68.40735265971526
10.261969705597007,658.3802897231793,23.494211684408647,68.40694864091452
10.826534288783716,657.4305766163634,23.494421855384168,68.4066111512001
9.679965574355869,657.9038533408473,23.49487496760473,68.40597983853911
10.212038477867722,658.3180874801388,23.495195160184295,68.4055181255268
11.471109821795253,658.0024288065094,23.495681069588755,68.40492944022344
11.26567992325238,658.0318224813844,23.496144111932832,68.40421612522385
10.924219752935851,657.5865259279976,23.496604442514162,68.40370715642067
11.242170735381746,657.3169314392547,23.49699344508682,68.40330535793984
10.621786544396393,656.6300560045029,23.497159214562103,68.40317333769593
11.506749276019393,656.2221220817703,23.49724326898578,68.40309078948428
10.684406759097579,656.3917281113157,23.49735735613599,68.40294899091836
9.681262402014381,656.6932391205314,23.497667486012833,68.40259662876369
10.075905023121223,657.6126361270294,23.497814352201402,68.40240754283066
11.459079221132727,657.164900941328,23.497913261857715,68.40227169446482
11.33985851887272,658.5970681781722,23.498213204170888,68.40199213906574
10.379189905000743,658.8851728481078,23.498495472617662,68.40167828745669
10.046619643012665,658.5619046984924,23.498849180950508,68.40124419541397
11.833987531884002,658.886088725363,23.499249587900216,68.40070960820263
12.867216490128229,659.3363478982336,23.4996389957831,68.40026294300722
11.169518929543168,659.6558322080203,23.499857706278174,68.39995666169055
11.133686667732972,660.5423574432518,23.50046526788532,68.39914361130974
11.049075005886348,660.511545412143,23.500666940429774,68.3988544700791
11.447445599036666,659.9553294916777,23.501516546308245,68.39764969811765
11.233213240358042,659.3174681176522,23.502071680812175,68.39687532054315
10.936183595395631,659.7147925516422,23.50242644908096,68.39645315859107
12.511894915072856,659.7426942807665,23.503209038532052,68.3955279426563
11.977677158269815,659.3375286816454,23.5040955618885,68.39438004925442
11.553216858183152,659.1729894234651,23.504989826822417,68.39280227556058
13.763379970284696,658.1850911973909,23.505418035297552,68.39221635294543
14.192829393389099,658.123578240178,23.50559992095749,68.39196449887858
12.452371827403764,657.8377325480008,23.50564528287811,68.39190375224784
11.830017922269027,658.5541168578818,23.50577544689209,68.39178140705233
11.59344837626389,659.2770207793368,23.50631661204728,68.39099745845246
11.621215539348201,660.3288765740458,23.507099592933653,68.38976079693654
11.208998562957282,660.7563211517171,23.507791990501563,68.38869655509572
12.58328158725523,660.7890370624569,23.5082033646199,68.38819393581501
13.231396846593022,658.5344822839967,23.508378042134197,68.387982279967
12.500159568687945,656.347235934183,23.50858603357515,68.38774916096033
12.021587176583338,655.1799011034512,23.5087784247294,68.38749388612936
12.022357491360228,654.7435403538624,23.508991723897502,68.38715122495998
12.142960707564583,654.8987786016089,23.509413625414993,68.38656562554885
12.23674195915655,655.5715837830072,23.50991191253143,68.38600321349686
12.512551585627682,655.5877293142894,23.510485943623895,68.38531622859944
12.181362185039527,654.6548230333899,23.511084149020785,68.3844919181069
12.311289168977193,654.9178902764337,23.511426717924856,68.38407951844893
11.794317313176142,654.899155756959,23.51159593440214,68.38387335550546
10.833695599584242,655.843369064396,23.511905161299076,68.38343018198428
11.630499667676654,655.2109847424721,23.51205036297436,68.3832127876241
10.455034873236992,655.7726497876599,23.51232630347722,68.38274324812889
11.525632457067537,656.595035073086,23.51306886851266,68.38185149483493
9.932623290354863,657.8602789801818,23.514801322802878,68.37992598800136
9.153397080275278,658.8414551989719,23.516121022014783,68.37819896050102
11.197749374913693,658.6735107551926,23.516642201780922,68.37755063592614
12.121360403787007,658.3600466639506,23.517001292181877,68.37699950360621
10.303519976667443,657.9456751737382,23.517717918744612,68.37608385652092
10.602617091163442,656.7430382819343,23.518464896684684,68.37503730664784
11.262140987070088,657.0414605883979,23.519014587552665,68.37437754345974
9.50981361076178,655.6285280808684,23.52016148761496,68.37331704239027
10.17926066117763,654.25109308734,23.520332938541074,68.37314090022032
9.708479025920782,652.6988382264981,23.520833162599384,68.3726439271105
11.115069453877632,652.1391094541816,23.521101451049088,68.37235860141247
12.031263615898622,654.251882898507,23.521734529366118,68.37176584102721
10.565626057178324,655.4687394873638,23.522211593065258,68.37118364285143
9.943874739214902,653.6618002447685,23.522559941653846,68.37080288503064
7.999950305563242,653.071571635529,23.522955014477795,68.37044392995607
7.997087464519094,651.284020128389,23.52303184191181,68.37034161815592
6.852840729208307,651.9561292581337,23.523317066302305,68.37004895394979
6.207954551073183,653.5203565863388,23.523686460841596,68.36956570829098
6.026861121130066,655.132545986207,23.523891094356063,68.36927700788951
6.302001797711279,655.6018133865203,23.52425336406885,68.36878747055307
6.924873179842065,653.615549997068,23.524433761313933,68.36854069751695
6.074499359412897,653.69525920587,23.524711312259853,68.36829377177422
6.17503423230983,652.9729947993643,23.524860752652778,68.36809123007211
6.521726053087519,652.8047367990056,23.524995094057147,68.36792100704432
8.270876943065414,652.2999105357392,23.5252017674705,68.3677021699372
7.845641550448306,652.9053794900046,23.52543744814386,68.36746608464087
7.356067736191553,654.3707981703312,23.52583884128673,68.36697783554476
7.89628644975004,654.4270537283514,23.52618788076827,68.36657139616817
8.673075742434134,655.9235745092127,23.52724076703399,68.36548797577257
10.70029696634944,656.7226024282262,23.527569265706067,68.36511449457997
11.457481199508194,656.469581434212,23.527714530391364,68.36489954462765
12.55268135414847,657.0010633808023,23.527833553996555,68.36474380746071
12.125712556605725,657.3316352204452,23.528216363830428,68.3642239766132
11.897370375217635,657.6792535863539,23.528342648079157,68.36402055663963
11.309626555651448,657.3986628937381,23.528551385157698,68.36369632615995
11.350668093504085,658.5331888889509,23.529083372046838,68.36282446764656
10.804122344425917,659.2541586797885,23.53007961435143,68.36118856925239
9.7622308589682,659.5952335659002,23.531349729737077,68.35927853406277
10.151059421126828,658.9505236013351,23.532236375733085,68.3579177997026
9.597270870302804,659.3122015201922,23.533687884195707,68.35558099160578
10.808614309254214,660.0264146506375,23.534268847632,68.35464556113642
12.538324135054223,659.6724130417766,23.53462416704028,68.35412109464654
12.008484931003627,659.1062974958326,23.535135905295892,68.35339079413207
12.364410377622344,658.3763697836773,23.535411565117084,68.35300370860057
11.642709763727469,659.1486045211034,23.535951235899997,68.35210880535811
11.018759464958496,659.8747965815865,23.536308498477005,68.35149820867625
10.88997982402332,659.695855144774,23.5365048781829,68.35114092493541
10.89135215861324,660.0447430460821,23.53685908289027,68.35057519579021
11.995640523649117,659.4419783670771,23.53823375357535,68.34880830154962
14.796942054229817,658.3830881938657,23.53950203793397,68.347568901192
13.892224871434847,658.364524151135,23.539701665173997,68.34731291247202
13.338764475091564,657.8875797714428,23.540408053754422,68.34640511919842
12.181926704768333,658.0879214390922,23.540698823053837,68.34590322639883
10.160815512713333,658.0626633089942,23.540880382273702,68.34571339060126
10.27420927782982,658.6514006452611,23.541161052748162,68.34537192062014
10.08180628215017,658.2249965383817,23.542016005985285,68.34415912159592
10.106233649118524,657.8179374545058,23.542782932310924,68.34289266295931
9.110169864759476,658.0735675184826,23.54323583939267,68.34217004015551
10.55322475801748,657.2094833692121,23.543495042821117,68.34178420909599
11.304057825153645,655.8601122170211,23.54370192490621,68.34149039210962
10.923105067742345,655.1845402142204,23.544135631772114,68.34095948335079
10.965868779120894,656.2625917539391,23.544551542819622,68.34050463541976
11.248578906515442,657.0735636703025,23.54503268668928,68.34000216698131
11.156889304943155,657.7881223505068,23.545749760431693,68.33923024839102
10.639606969665369,657.8747890356183,23.546143207346823,68.33858947508051
10.242224824951883,658.0798884179363,23.54646108802517,68.33810889610758
11.051134577706124,658.4909422008739,23.546527172116296,68.33800791344619
11.17249116812946,658.0637367476967,23.54680137070135,68.33758527649998
11.693493806706789,659.018664723451,23.5482005535,68.33556361644936
11.448126409426317,658.8714064544707,23.54893024232707,68.33451514529293
11.086742877880146,658.0773643343399,23.54937704680201,68.33389324980479
10.895741686091103,656.6848702578005,23.549686633434526,68.33354753104214
11.116178387389477,656.7880026968378,23.550579194868998,68.33241421353169
11.066469026912566,658.3881564893182,23.551463309425667,68.33113130584722
10.745418284370341,659.1740935776423,23.552379630058518,68.32990973330224
