673.5,57.5,33.0,95.0
671.8882379340337,57.277193790352605,32.376277723470054,94.24804950122781
673.334483602818,58.84594498970111,32.19064072931588,94.62646511896452
673.684309591988,56.99482760723144,31.799109716933344,94.85390525766789
672.7523236154639,58.3269911835995,31.55176832693357,94.89237265678113
673.3962032462682,57.063465816514686,31.514328546220845,95.24611764105758
674.4789869300956,56.47141931158019,31.31177971513371,95.66778564549062
674.0012624892096,56.52107547085279,31.0146897966664,96.81678138949883
673.8741304501461,54.739358470135556,30.898646548476307,96.50774906517341
674.8989074865369,55.47362675695043,30.995807878297903,96.58907892945565
676.7892472284506,54.28622635981794,31.077434989319293,96.43956818120965
676.8847290378687,53.750849286811935,30.797427470112325,96.51106243809583
677.357688515494,54.23994400991135,30.632419543247003,96.97917838606968
678.3586668213406,54.714071202031306,30.838621663014145,97.68814722646965
679.0794796940837,53.5385048191277,30.736232415407095,97.82972746580286
679.4988873948586,53.240389754252455,30.683934216711524,97.72156152650352
680.2726765871732,53.124520217044285,30.91525800512464,97.5283958670236
680.5422953892953,53.6415323588794,31.228129177449805,96.56042526442894
681.2321831978884,53.86144120603871,31.578200037772156,96.08937306918061
681.3523453179168,54.889563884851114,32.21080799337858,96.41774074866518
683.008127842333,55.44014441215846,32.52037865621627,96.63946186949605
683.5363248713264,55.6233610556595,32.69458257109926,97.2730703057453
684.8764086720265,55.363208592367855,32.912380877749655,97.48253426801128
686.1742702492927,56.30520872501228,32.80238622549082,97.67972744983547
686.701085336705,55.35818096734445,32.84726023634296,98.13184802197196
688.2031866741451,57.25514614754479,32.6210548167881,97.83127961149194
689.0541457181071,57.00829865763398,32.2685355802588,97.5392514415371
689.7016656432568,57.90122492676442,32.289251335656886,98.08248282280137
690.9702477966687,57.00387959876475,32.54017082056579,98.23382955332464
691.5111308791505,56.92427169078879,32.640131945755776,98.63354066360905
692.8581993371208,57.270426825385655,32.430037674315805,98.40288937883801
692.9023735101953,56.929306169089834,32.62956092736433,98.61216309656767
694.6402059245195,56.840172154278854,32.43323445854871,97.54070208890478
695.3297442334849,57.126076381404864,32.322566139110236,97.3422814780232
695.0787763893944,58.91637583385595,32.270407989553235,97.57855993823333
694.6719889058073,58.25965678560462,32.193144572099115,97.20877121092923
694.793562632395,58.66962249627991,32.29542326113946,98.17343051070901
694.7296244730696,59.204019808290155,32.32188270138799,98.64126615955382
694.6024253944897,60.15749177988789,32.65998270008085,99.86067381128328
694.5499105188987,59.42350684350466,32.696903952212836,99.86244571652044
694.6584833918246,59.74665378390218,32.674273464435,100.27479768018493
694.6444324900535,60.8011644917061,32.621913751000704,100.93037081947821
695.8042628028247,61.82851343231594,32.75467955902147,101.45185005846729
696.220845884384,61.441353897081896,32.76430697977304,101.69767137340787
697.818455499763,63.23279596197371,32.88570190001585,102.16305985333494
699.1748413000234,64.2144026745047,32.78403502628623,102.34073416554712
699.5195448030088,64.5590076194421,32.77909998515188,102.76654061688176
701.3578970420593,65.49180687548325,32.89519426460383,103.24265457962244
702.2246149489904,65.47060215377593,32.66262474464892,103.92559902002347
703.4189145589096,65.05138579549973,32.61201986189228,103.94656404706171
704.3226427903179,64.95686020336892,32.73978101801808,104.16208462402531
704.5548424569173,66.45130223628934,32.86377465776543,105.3779134259213
705.4345394257596,67.7622458155247,32.97094058317129,106.63107490484072
706.6194652342475,68.44508653060598,33.040860856835714,108.09494421778118
705.9860582365045,68.86495603681092,33.153863755176715,108.1779076966547
706.5645659417163,69.82830310263148,33.300145745227624,108.29283286585587
706.7903346102923,70.07921069978048,32.95952849457855,107.8318656845715
706.9815389156481,70.62890986371062,32.711717483373434,107.14650309422571
706.9301322700504,70.87973861777658,32.56667634806556,106.36043957975754
706.3943417043358,72.58266778575955,32.763094162768,106.23347900609018
705.2981237863163,72.7300971329919,32.70590002444192,105.47798655689527
704.1195174169766,74.05705653076896,32.57700899000418,104.93026225749594
703.3837868408905,74.10980920521733,32.51148915558125,103.67697136420375
701.9765207368753,75.2424052384691,32.548078706140934,102.76836563478975
701.3419940221024,76.50905349231141,33.056950887498814,102.56519302847234
700.1206212374656,78.87736886782073,33.41473051248222,102.81496097435308
698.6359863771457,79.03489914520542,33.81733315319634,102.48124644937198
697.1096221019304,81.10249699380176,34.007634230558835,103.02318669654574
695.503461368174,82.38761745037502,33.9408397827731,103.22702868249287
694.6919654490966,83.60481554800859,33.90949361872302,103.39709034245031
693.3570565280571,84.53817004659439,33.815169662782544,102.65175833655071
691.2560098099615,86.2778986464997,33.63399378897642,102.53140243221128
689.4038185482976,87.43008726252242,33.654368667650694,102.74327533368023
686.7691264265916,87.94588232807108,33.58017028090529,102.29798205898626
684.6305141675454,89.86411876740465,33.697205647233815,102.9675058844207
682.7836005978048,92.28765034383659,33.83717164551004,104.20862327354898
680.4250353000238,91.59004084513313,33.447762991652134,102.83281422911631
677.0749107140944,93.3706661111859,33.00067281948626,102.5395874263351
674.4557966581687,94.7041296026043,32.93678310678313,103.08383254738014
671.8408683113472,95.88704735707785,32.66317843949473,102.78036090142437
669.6010212869497,96.09610111693434,32.74215809085912,102.80120651314871
668.3946293186656,97.0770743999137,32.56058096060936,102.72934433306186
665.3147164680424,99.24805559946978,32.432072292196196,102.63865127446483
663.2590736513835,99.27279255596781,32.07091243753811,102.03599964712093
662.5752441120242,101.97286848337188,32.49584132788678,103.06285403697221
660.2954897530886,104.07346303755821,32.83902714689315,104.52238241593477
658.7041314786825,104.1012941452112,32.74152628657154,104.5764681766935
657.0148397986426,105.32976890985698,32.57299265179353,104.62425626298725
656.4850652158135,107.37674115053518,32.72843216064095,104.73449106858763
655.3888779349556,108.9185482682071,32.83503849954791,104.642227007194
654.4970942513619,110.79155528141729,33.016440406148924,105.22975532772794
653.8328700616586,112.31652967752561,33.135908940508514,105.2452157190135
654.0280691467509,113.62717103254708,33.30739827299405,106.04886381989891
654.5767200737802,114.78783143428637,33.42706352480101,106.42101826284977
655.6417486131364,115.36398121306603,33.54152949448946,106.66420935165277
656.0143588690103,116.64411569228034,33.692085910212825,106.92645731140652
657.6305167063033,118.04121489035575,33.85394600352534,107.01747038299864
659.0396507797582,118.49955058607024,34.088656849077715,107.20747890795147
661.7025224356973,120.1377376292462,34.3914230586837,108.07641283933025
664.5997839340858,122.7454607484933,34.76827485972781,109.2951702255614
667.4779191633845,123.6693267424718,34.503509547157165,109.33955418818883
670.5638157261978,125.13212329290704,34.53646171419416,109.65602055654138
673.8950413244268,126.226112547593,34.72967667831963,109.14738825097345
677.4858302228148,127.95278667006724,34.869483788312536,108.76487798057332
681.5442501582936,128.03160834725043,35.22909674480833,107.98444279948195
686.0203334055641,130.21120212464,35.39052621279178,106.81644596430723
690.1199488441127,132.59775221876941,35.610464761658825,106.08073886915759
695.2835472940321,134.39925224456357,36.020457154727964,105.58016653859286
700.2310607133749,137.16971639368785,36.346739024233344,105.36966684065554
705.9640302561228,139.079134496017,36.73489635139626,105.87534645554686
711.5291036155601,141.75604807292484,36.884177160902894,106.11351930936054
716.9303239166156,144.91411788233088,37.01210021388217,107.32242460860874
722.3954749095794,146.25314116536092,37.1952358805424,108.31658968958237
727.6063470732475,149.10806395430487,37.14514224900696,109.32148295751966
732.9281383853586,150.64315082444043,37.287779221647774,109.58904701593933
737.7774321151848,152.460764766242,37.3049519930134,110.53793892908917
742.4970026999086,155.32173841444128,37.21424145711063,111.18779491638195
746.406876980378,157.14595824866558,37.24449375447885,111.67548081250857
749.3337990806851,159.52833046403765,37.03479313525493,111.86771851753716
752.0000956472468,160.8389087384865,37.01765734618671,111.75360747607047
753.395038690265,162.09222206802713,36.88213870704983,111.93777242389228
754.3593126601249,162.66385240346216,36.79933037037243,112.01189120382024
755.0882982636265,163.83866492086565,36.797853375520035,112.1094085316079
754.4513921051595,165.5363323381567,36.506004262095146,111.50228242009398
753.7391024168362,166.44121494157977,36.419527930810155,110.50373118343218
751.6057564852691,168.02558902115538,36.155261141447816,109.89275876013608
748.9540519175306,170.99157333868646,35.96429933957748,110.14751764887765
747.0779769246099,172.4841847582328,35.93770939621971,110.1951012062693
743.6753401666892,173.4582656385595,35.7871075153325,110.10716774571054
740.5131921200604,173.88618499293227,35.622533464699956,109.88681593777139
737.4362954603959,176.1750978085471,35.65238011731147,108.97990900962101
733.3911122782041,177.81118379458331,35.693398604192424,108.93517691791962
729.7539877727752,179.57160973490764,36.13736588058367,110.52602032688281
726.0735850041209,180.3091793729629,36.50871667164594,110.86932279939137
722.7569917547357,182.01107261432045,36.651806124517776,111.64334936980737
719.3249771460942,183.67848405811776,36.42342143951825,112.04289337598104
715.660504655987,184.75161461139385,36.552682276666246,112.5679529462325
712.6360480420633,185.21390596715383,36.59741125845041,112.7315584060992
709.4571737284632,187.2089586189216,36.40486691690064,112.73538058135395
705.4580454136557,189.08426418675472,36.42772119132157,113.26193199756761
701.0453130614792,190.554702261913,36.233594564192686,113.38028855904302
697.5006615781941,191.53645383729565,36.13844642755226,113.09041803004288
694.6483048082079,192.03512838538475,36.13183909044966,113.47180376090631
690.3693988550899,193.18719176833042,36.36710117673926,114.08422977707366
687.6735901312868,193.83686337972912,36.4908772852342,114.37059326509171
684.1482693670047,195.49762129551812,36.48312390489322,115.2406186284295
682.1233490272277,196.50482738475432,36.41296326837667,115.26211705634134
679.5632609132696,196.80407677909832,36.07176664396742,113.81622839081086
677.7134731756346,198.73019955358552,35.87606843378205,113.17415215717457
677.2628848794586,201.03621966070938,35.880683463119134,112.78052863375328
676.8616947887774,203.49274971710565,35.895674723697546,112.44209639724248
676.8195151936203,204.75063905477234,35.981852505973364,112.62455728680476
676.6912793412625,205.36385169153903,35.824850544974716,112.61421375174339
676.9172130058579,207.53762626026003,35.705115227435925,111.56769191227502
677.6704279412493,209.3635069251191,35.99454219011119,111.58613069203867
678.240997128333,210.39444334284804,36.26943839522064,111.3485982000561
679.9998214413488,213.95147616237492,36.41963525678366,111.98100730389176
680.33928503531,214.90268868488533,36.445951775564474,111.91618129794868
682.2677645381948,217.90419176746263,36.66070144899409,112.70314362339468
683.2054123968851,218.5435644040205,36.854642486984574,113.29255192236151
685.4779118043772,219.68670975665214,36.956666872989274,113.12661515424725
686.8260590412606,221.31266617351642,37.15015578163832,113.96302686733266
687.8846061556522,222.54413979920125,37.33843975147843,114.38918016756823
689.1340441882397,224.49309726028224,37.44377430146167,114.73300308796603
689.8573631586387,225.25437738952044,37.50668848182607,114.99130480325215
690.9579681063414,226.37154966336175,37.51083399222832,115.21391258901983
693.4326791737701,228.40544103168767,37.53560924506605,115.12308431251206
694.2683553683389,229.43674865862917,37.64282333561136,115.06832757341482
695.0910995603126,231.01495556391978,37.72559689929581,114.94650496080112
697.7143893598175,232.4937560925416,37.62882570711599,114.8533786769645
698.5136012483774,233.4878809686977,37.491960391185366,114.49195282678241
700.4784589147923,235.3146797279544,37.634538816747785,113.97559786388732
701.6414642354224,236.306426383916,37.637127628460156,113.42194821613336
703.056777498944,237.36113514715663,37.76635332004481,112.86311357539432
704.6290700649307,238.93987041358238,37.864505004477664,111.53019712827432
704.3257092559987,239.4800196267177,37.94479720759246,110.33370340327234
705.3068830653091,241.21335695176367,37.90348464031768,110.16882280530447
705.6305298635712,243.6120647859571,38.02964755767512,111.09831629753162
704.8133925472044,243.7792146612374,38.34684109662051,111.03962615943591
704.7668093721272,245.00552872757325,38.768415598639834,112.16427044192534
704.1727936429007,245.69644112952776,39.01862531122041,112.84393903477537
702.8158524323201,246.41234989453386,39.141610410680755,113.26806756875854
702.5046066796436,247.4145443618703,39.26057791062045,113.3078149198675
700.8712615642095,248.53370635218664,39.32597038147908,113.76065686330708
700.3831461600438,249.57170828278464,39.449932732397684,113.7764293731133
698.2377468190641,250.25126949782242,39.3664380870254,114.31553213129303
698.6545656783015,251.41782395742976,39.46322565484357,114.60089340403393
696.5969538041389,251.64393766577453,39.30888954293927,114.81404157766877
694.3653097703299,251.8861968973634,39.34342137352749,115.11900916509686
693.420588377331,252.27546785987604,39.29388954061342,115.24977179930232
692.5680232631374,252.0405302433981,39.25077429132426,115.71350461901457
691.1512952748213,251.97200076241606,39.47116955514202,116.43284475325419
689.883447421028,252.53340990442643,39.2695081231414,116.92063421249668
688.477490417132,253.67311263841395,39.190229456296436,117.63089663697772
686.6522156829069,253.31117048681958,38.93598685435801,116.3954936543617
684.7794481882158,252.94068364123106,38.821279238530764,115.22806239921152
684.6602981232168,252.29765776559137,38.69564094751779,112.68633581110493
682.6766969313906,254.95844481130086,38.59300194628254,111.78983391283167
682.5800843828476,255.4595247069815,38.292515869834084,110.17444335660451
680.5125436537194,256.9222720946775,38.46130542364099,109.74718833684304
678.5505794118989,258.2660767306384,38.621308354913864,110.57337539441946
677.4808279572437,257.20830655619596,38.46544426173716,110.20807959027397
676.6788575272018,258.4274482584263,38.294577430246754,110.92434983762305
674.855284925802,259.0056036272161,37.99757981459528,111.48871945606918
673.4315465762405,259.39374539750895,38.09810374157789,111.78795523883237
672.1202405984516,260.36412834420906,38.02692836080628,112.33086267955393
671.2829692363104,260.7395482697244,37.97230839206517,113.15656007999569
669.7179112647345,262.39447985560963,37.97900505039604,114.43913894390025
668.2912737308324,261.6335560076406,38.01691885683274,115.11406060634145
667.1290671244645,262.8573141362656,38.11209355943644,116.15234246959022
666.043417070719,262.22693267652517,38.04894165772663,116.1375349964623
664.7737853970949,262.57432648321617,38.091298724457104,116.7309745835885
664.5972444380574,262.17247456806393,37.94854772245783,116.46285135986918
663.2353741002659,262.5081792796536,38.04133127142332,115.68873312016156
662.7771341265031,262.09602137547733,38.05952755853689,115.34849874331053
661.8233753153733,262.2913498891702,38.08065056085506,115.40568699609524
661.9622901581589,263.003036360875,38.094350560542516,115.61000484476938
661.0197081971742,261.9047023001793,38.05569577504583,114.11058727470879
661.1835835457622,260.36894289153554,38.11990501329652,112.53760822059738
660.5723083971228,260.3989426806549,38.20843760465809,111.01462908722861
660.8924409298912,261.50911425411846,38.11593600595615,109.11865802325016
661.3014177449386,261.8616399109823,38.06216679120182,107.5672484698717
661.1231053991462,262.9005362035478,37.901185522417514,106.84107989673414
661.1285055811943,263.25084852879564,37.7244153692933,106.61881351497628
661.3759329282326,263.81763662661,37.75784868199902,107.55474611031742
661.5733795189639,264.1061603814977,37.850168933325456,108.56829968715846
661.9726338390586,265.3201452288008,37.79560839513319,110.51814666964582
661.0563775989866,264.1188183642891,37.50930616847489,111.00012500175005
660.8772265814995,264.14808790730757,37.76306754247193,111.84049250426742
660.729269344876,263.6469429156423,37.97736838566237,112.3542128107219
659.8623259375101,264.1237074678979,38.358756907471104,113.05647188942305
658.4327618617318,264.41377815476943,38.71159033170244,114.04346918755498
659.4299287633501,264.0497664786985,38.79797051581637,114.64881525074736
659.2702172471661,263.76268991812896,38.898633221679546,115.35582949437539
659.1919319814955,263.1062530694508,38.66548954179535,115.54060732648205
657.7718315163852,262.8608343308279,38.49838771093811,115.84998455728407
658.2370052997518,261.2826894632615,38.14882428622216,115.27456862682854
658.268470252896,261.1262731061565,38.08628832658873,114.98399389846887
658.2230258595575,260.98905731815154,37.93062343892549,114.88159355552385
656.1510620077934,259.57098383064624,37.566632307767534,113.71714353041241
656.0112312735673,259.2921508784639,37.5558349778112,112.75057060993271
654.8180799841056,257.59174731066105,37.37821419781734,110.5066667279298
654.4224875210466,257.836219496646,37.20645068242997,108.68960105144785
651.9118368427839,257.935520161622,37.132568666457765,107.18460109135366
650.4871657988135,257.35115889324595,36.941419888691236,106.06888954798181
649.760775982317,257.4541850405691,36.77495232357925,105.2957212908302
646.8123383927183,258.29292660589573,36.43445128970302,105.29067010597771
646.1024478990676,258.6626272683834,36.141266669361414,105.50568511563141
643.361134228729,258.65532594112085,35.94855335757262,106.32428701532336
642.4484129453474,259.05623086759283,35.93046860728864,107.08024324228202
641.0244618458088,258.45196954076783,35.99734778085318,107.60593109187394
636.7873586077344,258.6044017538005,36.028945423689066,108.34200277821247
636.1965971149498,259.0724674034584,36.41146433134684,109.53931030450397
634.2040983139706,257.6249812585738,36.429029911210634,109.8351202541089
630.7373544959244,257.82191010902216,36.39188833206261,110.60924966144279
629.8581249816724,256.6564547116924,36.58450914283119,111.30191415826602
627.9799465165161,256.5152169943544,36.396469815743444,111.61420051516244
625.5222681577063,255.02224281796074,36.12574178604826,111.86902708946155
624.2893893023338,253.4976197373577,36.001411606168325,111.99461321076589
622.465231360709,253.40908275417726,36.02654590792072,111.87014280885973
620.0552008466295,252.26370086166116,36.18974086247143,111.73031191119846
617.9263561843145,250.4774345060154,36.14272504412662,111.88204083716585
616.161191872273,249.24631337123867,36.21619527167951,110.91393304148804
614.2793010388788,248.57619125028043,36.42145352194861,109.86542673027341
613.190236827582,247.8372240534941,36.67364345748935,108.77755974178119
611.3542884596942,245.8743944132655,36.78560247773457,106.32549008318206
610.541130120406,244.76338912419754,36.682628194091535,104.73146419853411
609.5536373342709,244.8674109806848,36.60125566737819,104.12005919486633
607.7097731484756,245.46216335054635,36.713671662946396,104.62897927127482
606.341242300084,245.22930581561383,36.73578899708933,104.86262970657832
606.1332025148671,245.01579957981602,36.749630943592955,105.43833021139707
605.1183889443114,245.7755421911836,37.06334896128368,106.95309667857279
604.0389735801232,245.50879706101802,37.184574165597,107.67169123451536
603.4770089122541,245.06531198307724,37.485087387481784,108.212801117751
602.1979131336013,244.93453759894444,37.70231152802391,108.56622389687749
600.5539687408278,244.17412101708516,37.73812225723546,108.88822884022866
599.8581341716456,244.1479142353433,37.65229167216556,109.37267078672892
598.5521090511254,244.232463666772,37.700253091794764,109.99796897997432
597.2225098524601,244.91736028328242,37.52167625871769,111.17458392337558
596.9296799485687,241.37337042888782,37.23934026791261,111.267546580468
594.213378530081,242.07364718973247,37.225906766082055,111.144621003725
593.2683547609024,240.6200327525698,37.11556711266671,110.17412904522558
592.2598503858762,240.86032492272741,37.14987706453933,109.82474542080983
590.9187191725359,240.27419955564037,36.962682723184095,108.8825814630589
589.7242318271053,239.8033911243687,36.86308505496034,107.91135247561141
587.8885100807104,237.9465714541986,36.52727299355104,105.94867603149729
586.1530363909877,238.02799512151466,36.6275736578321,103.73641048588182
584.0908646770733,238.16737933169978,36.78887101174729,102.10527740620222
582.7375733704359,238.4217657050789,36.77056434661009,101.30984431603538
580.2198332816745,237.8639206979829,36.69358009618501,101.25783737740753
577.5235855820277,237.50578508562455,36.635842989680185,101.16369416864495
575.5236065867656,238.34887536993284,36.70296707021608,101.44655625883425
573.390711936281,238.04513170868088,36.54761140887451,101.73836260065576
571.2094018332538,239.19776024008013,36.60948898873884,102.44018561598224
568.8401979790967,238.92009155962745,36.423069121369274,102.76145486630239
568.0579574404643,239.26657559098726,36.125307857592674,103.21059429030767
566.1719359547468,239.29063051692106,36.003730099581155,104.04310545446559
565.9880280023904,239.40374268803689,36.03648496079315,104.57718001999073
563.6666586138642,239.41553707323675,35.91751070989134,105.6607201081573
563.6727195430053,238.40462504463807,35.94842054038878,105.85590224812599
561.6061988381318,237.82091973048875,35.91825680334625,106.49981124182685
561.8351548850856,236.3061362799434,35.796741195005794,106.49954577978889
560.4294876033346,235.4382703774701,35.90213646560005,106.6136245047489
559.6948467591221,234.80305810159732,36.03270629622911,107.05805450531268
558.8273203506976,234.21618398446736,35.9511140868713,107.28764889426239
559.5522321270764,233.44261717094918,36.00298747835032,107.23241428571066
560.1520020188701,231.8798528954574,35.60294005392436,106.42996241372059
560.8193821184673,231.65130065596455,35.401469787934666,105.97699700983657
561.2467826075332,230.49812544137507,35.32299343958663,104.7237811796314
563.0744224307375,230.03682960903154,35.52408829535992,104.03802042160417
565.5044180375178,229.45657498884657,35.56527782597051,103.37842339404504
566.5518694533758,228.92465526730885,35.5151383208993,102.37880820912976
568.7480973107034,229.24646269248998,35.626574074292265,101.25736524354265
571.5633190136142,230.12024720017376,35.85024663145276,101.1250558755445
574.8234066021669,230.09881540217057,36.124631886781586,102.0511956360826
577.2969242295665,229.60715420262719,36.42886358831185,102.41652772020888
579.2530707802445,230.00634207364334,36.56024924748432,103.01364429346893
582.6490259993341,230.46582703919896,36.66729272394751,103.39592791956291
584.93891210275,231.5197260358545,36.931826509242086,103.67614138178772
588.4448644288282,231.32131841264476,37.211820584502725,104.09587925956033
589.7438901654746,230.96274859262078,37.39844613986577,104.43457255904737
593.2181436411106,231.17523104513384,37.621269640559134,104.37085650484367
594.7095070287063,230.65768231480354,37.65586945876676,104.25335749181046
597.8036627734322,231.25738666496719,37.69515329859976,103.79098710582565
600.0490099970378,230.24134038870739,38.15609516578044,102.96884663184072
602.9156947753319,229.99690738843574,38.13963072622741,102.02349148389312
606.3672535522129,228.96085112659884,38.09147552140323,100.79141837867594
608.2348357757082,230.48892918537086,38.13897441974961,100.84062586853852
610.7941317275182,230.6370336078693,37.8485318348246,100.61021962750164
613.0233097690084,229.6228030513463,37.51520293156222,99.78839211101578
615.8476062178331,229.35414262525939,36.980072958870004,99.0326301298995
618.5163796693856,229.46718097389373,36.66836681504231,98.0915398093932
619.5731289851332,229.29380200152943,36.07190485995413,97.46619725782973
621.0951317702121,229.40138539992915,35.91570880479578,98.12162567778137
622.6560041147119,231.036161619207,35.89038368862631,98.5419342984145
622.9447334750132,230.528283058144,35.23298856051725,99.23550980828732
625.1725794454989,230.66679217973515,35.0568376351709,99.68814331423908
626.1975673896465,231.0695471057153,34.91721683797081,100.490894451468
626.5540802621153,231.39653023570668,34.70250353652783,101.6124648478649
627.7657238657288,231.73136559721874,34.813419858658804,102.28330711579228
627.7477536598178,233.64972356592747,35.06636838434188,103.31360892434652
628.3349072675522,232.94895500137295,35.34160333367541,103.47595547499489
627.9712959816691,234.00516784145773,35.41909617674306,103.28475868047595
627.9737721062119,234.4147261001876,35.34573028262835,103.50731987641035
628.4223760195024,234.73443597757523,35.29898739611855,103.65813534302104
627.7528114812098,234.94468198433833,35.116593116265854,103.0834116768774
628.581310138352,234.64927095494178,35.26456749692776,103.76782137261812
628.6522241021327,233.54078777886275,35.0574278990632,102.93631150559892
628.504368445857,233.164735897232,34.831442167241946,102.62044308563291
628.9871759650774,234.32702295173553,34.48078660717951,102.38709126285023
629.5574923681822,234.4612757791318,34.01216195774612,101.43632783656568
631.4505792325197,234.78736814025888,33.54744251564665,100.4402935447524
633.2342143934908,235.24141312577234,32.980922973810145,100.34165646507529
635.0044599884675,233.84974474510662,32.54695339030187,99.3130504106261
637.0286636644637,234.61725267781054,31.975428019205516,98.13138613823581
639.2830330133468,235.63712934419158,31.413270208280117,96.96807434380761
641.2884534917825,236.25942016522444,31.061800865864726,95.82086161265063
642.8164602493816,236.54225979131454,30.993785597813226,95.4081754881741
644.5622099905095,236.73979550701108,31.229493537814122,95.73972490972824
646.4578034961443,238.31155667150261,31.919067577722522,96.0911276028704
648.3951260678037,239.4844801154911,32.78384523256027,96.15696522798551
650.6320809096383,239.7746282716311,33.82381675540356,95.64260451252922
652.2212929818501,240.12498007483774,34.73615427250963,95.15175541952266
653.9572246048019,242.06535708438983,35.33787653685984,95.07066685146827
655.2588526183483,242.16321521411294,35.651688514374996,94.19395500848779
656.3928100219782,242.9068693977488,36.11334099646777,94.758343895397
658.0121273618332,243.06363185821183,36.321983385849464,94.80702820513231
659.7780168758653,245.0602048461368,36.4554708716098,94.90602862591939
660.6051182024585,245.13670257932182,36.73089361038373,94.46032124596363
661.8139461078505,246.53400838899995,36.704636706307454,94.27508105032874
663.3272293249976,245.65921354077,36.392852271601306,93.85820546434846
664.3057477777725,246.5138641077899,36.05333164527211,93.35477543550267
666.5936616522586,247.42764518733773,35.70028603130955,92.62515837051562
667.7860373803748,247.33135261324495,35.57602308520912,92.4655312684685
668.369902406238,248.5002137248005,34.73898165905661,92.76844739679787
666.1869334166627,248.14031412529576,34.544768061211386,92.15211526150249
670.9965407753435,249.22969029137923,33.471929572182354,91.69675696562861
671.5932372508652,249.9178000700124,32.15340523760084,91.90260477877703
671.8741226271485,251.0747039903448,31.159333857802565,92.83032139604371
671.6916368011044,250.71471196663586,30.240834163989078,93.45310088491027
670.8747553192969,251.15360832933396,29.566523845362298,93.76605959288656
668.6986098049426,252.31385523923706,29.55934450663925,94.1709538231597
666.4831678488019,252.06329204672136,29.943409208868204,95.24201445711536
664.3572356044322,251.4346687366451,30.314160645239646,96.31507569156386
660.2674670084651,252.1455150606322,31.2380167992708,95.88889499265198
656.2311648433047,252.3014933382861,31.96448694380077,95.77368107628982
650.8197501059179,251.40006929632267,33.08148584453845,95.92365469045956
645.7517075152218,255.17547851231654,33.67460513695367,95.6875688100465
640.1976815371488,253.17391955870136,33.86735290913978,96.2250354435495
634.263314856246,256.09916331591205,34.369428060191055,95.60885235722868
628.5979768217287,257.056261506273,34.22821749439879,95.5835123874869
622.6167641687794,258.56202752349486,34.18056723114469,95.28501808230654
616.4905963671155,258.73072742101783,34.00688221221921,95.4089030439211
609.8050184677667,260.1695289911066,33.957958779654476,95.67426092898162
603.3096386830196,262.8125133904011,33.71175603072829,95.43262081996784
597.4129089159976,263.9573553716164,33.39912883381531,95.27735153038869
591.1842812446095,266.07403147173284,33.31931104121547,95.83358921205281
584.9716490651265,267.48002094244765,33.38877477151933,96.6377108203211
578.9830246706547,269.16284251519784,33.11739112943266,97.11196626109397
573.1583931280752,268.2718130790264,32.90913029643981,97.75924353439204
567.4335096923761,269.2561785445653,32.851622540152505,97.99200443604742
561.6037601450973,270.6505530661095,32.76287162708062,97.78081557934506
556.1185453220928,272.6454113464701,32.88319121907352,97.68820805030113
550.6228396353757,273.7826051359758,33.489009178201044,97.48429843378355
547.7055999656961,275.1159199948589,34.46719340876511,96.84067515522639
545.8050322964648,276.7590320367683,35.554102262928964,96.5125301710627
544.6295608146927,277.9593688782755,36.41781671370937,95.83603182202512
545.4353055071944,279.83551749902267,37.316988692307675,96.01981908942662
545.7775404606283,281.9035545587688,37.798170702897316,96.32154394683252
548.0628376392137,282.92530071969645,37.55786237172749,96.09316922255715
550.9405267264509,284.07346163413973,37.61373440706142,95.89889841333923
554.1676704058164,283.6518555676817,37.68010077300107,96.11339568676966
557.2302410878918,285.2523894938081,37.59261619290756,95.74043566837915
560.6188592142361,286.40540443851603,37.590668045230125,95.64701220901703
564.510084798299,287.14668928584786,37.443823166014134,95.50841078656254
568.9429454995968,288.2332334868317,37.466493258169464,95.31311083292859
572.9200642505552,289.4777145187737,37.32318171679333,94.92546116795502
577.4188373938769,291.45829475250645,36.40084314041637,94.41970903522171
581.533783129184,291.8892626991642,35.91153508960181,94.16243156676046
585.9575830731052,294.05054736031957,35.10680572330484,93.80871810229884
590.1788114503233,295.40195514404263,34.30706966817881,93.83115969313212
594.1431656890678,296.7302823045751,33.69647976292512,93.34547867300107
598.2707046140682,298.0216276886528,32.90692706322331,92.74998864184514
601.721825819677,299.8648260629849,32.068317617093754,93.10724204348003
605.0196115563451,302.3846163122825,31.39745737117439,93.44311263283643
607.554445872978,303.7106086699039,31.224218276635348,93.92795014125707
609.9873506614169,303.5572498581779,31.03273702693642,93.97257258157491
611.656999938373,304.15270599093566,31.275850477495254,94.34269225365857
613.0504973070267,307.0625169941547,31.61721291220011,95.0601743770118
614.4343133118037,307.3287767744125,31.999306101391802,95.80857293783407
614.6262996134993,309.37191442285985,32.931683004378826,96.20075938334043
615.06723817791,309.8877921889658,33.97081911160328,95.93673694820497
613.279982677582,311.7672734821043,34.83069927005049,96.16729419644635
611.6849608353692,312.77436840422354,35.414549411995424,95.97782878801416
611.6883560421335,314.1971216809565,35.446310224725174,96.335039538778
609.0044653446662,315.1212650978879,35.79793208520553,95.86706169062538
607.484606362986,316.30392983987525,35.9847972272157,96.0413650038919
605.8436433668631,317.58443212062883,36.02517015130049,96.32928388713268
602.6823666896977,318.4114768174744,36.367696306839875,96.77315448871124
599.491146709673,319.9681848377268,36.62495983714072,97.51640096003202
595.893122860216,320.1969948157749,36.784050272108246,97.59266433714212
593.5032425611729,321.91216337279167,36.76053003981101,97.77675312070679
592.2162770303687,323.6384209750658,36.108883746988404,98.03898772923833
591.2000393525287,324.0004261418565,35.67024780506096,98.0985186578067
588.7010667489546,325.81352983091284,35.3523708877279,98.71961381189013
588.305988146668,327.42428256309165,34.890268361008324,99.99882837164134
587.3957307084106,327.6504869883814,34.56516479880237,101.03886475154593
585.5679765395687,328.00764877832114,34.417459540142346,101.34815319406633
584.8319372844096,328.70733898996156,34.665416003036086,102.15847573938288
584.4138728490008,329.4054350896173,35.11423672332397,101.7444011929644
585.3919394123996,330.75642321675633,35.85167635615481,101.2076134896355
585.12846220395,332.74307515243436,36.630315826163944,100.3598265097589
585.1815812236723,333.0913387153257,37.53124417236985,99.96717262492398
585.3795985982669,334.24245784306214,38.18620119678617,99.47710487497474
587.1565912732707,335.2700778674197,39.0024188649671,99.16854043680203
587.6364697502908,336.62056056558333,39.64747787085729,98.7585310608299
588.8656994510006,338.95967571414093,39.51216552792446,98.55622239457412
591.0849802828773,339.90013964215365,39.62273191974372,98.69554199796023
593.8071028862539,340.815964184596,39.64220751148285,99.144065261098
596.1868449384502,341.4458773507374,39.769244746506715,99.15310403730516
598.73982656982,342.8333080548431,39.74474052917719,99.1366206579635
601.4302275494687,344.17764080880403,39.701919793940036,99.30639435711866
605.1528288131434,344.9735054045234,39.093519272358385,99.4331189305954
608.9617077303789,345.9082963897283,38.308642411703325,99.27982278496121
612.7318641286062,347.70365852053646,37.412852282180076,99.84623067208757
616.4384483635769,348.4997484399868,36.66572089491059,99.97145174165713
620.5591589037538,349.2970542582746,36.090639211987366,100.38428806307402
624.2225602968156,351.37072281654275,35.57233623894362,101.05441625186612
627.1163414998503,353.5677857384699,35.11105967195489,101.87290828215725
629.7376214808578,353.1483979577622,35.26107640442835,102.55818450852217
631.6452539746144,353.8294912584746,35.51631608228981,102.92632408278705
633.3479824841046,355.29628599628626,36.0343095332803,102.97793405861023
634.6103124995518,355.5310725527759,36.408169495214196,101.70094891731817
634.9270278596723,357.78330374551797,36.99492536612166,100.36391049538088
635.4835140526338,359.6688270212414,37.88072250191175,99.78123822486361
636.3735577467853,360.3057040806292,38.919411482703595,99.63624813940561
636.0983266295863,362.48947898897967,39.784757217439285,99.15641175501665
635.9719788777096,364.69075945136024,40.38841330368753,98.9307698137149
634.7746855129843,366.5561398017735,41.16712681555536,99.16092682414633
634.4818756726411,367.48630463102745,41.66128802661245,99.3121378169599
634.2247670378385,368.66455438071085,42.082355582045636,99.28725161982386
633.8323644874032,370.801554048396,42.468139802455624,98.96827652685472
631.970209676253,371.2520163764192,42.91362032700818,98.36919289139249
631.8844340456278,371.95766000556694,42.95172686179158,98.30058322632813
631.705770663393,372.5187924003567,43.04669487138785,98.57429366887303
630.9481878156577,373.5960933110346,43.11394668174202,98.5518098341962
630.7676007403757,374.4554116484906,43.10550179062461,98.57716286532363
630.6754077652114,375.3322744095332,43.000617757184685,98.79631460726121
631.0428379308912,375.78501807340507,42.486563771168754,99.0321066193079
631.7762191522222,376.9597258346372,41.96758092435847,99.28504419285198
631.5575578998473,378.1273527033109,41.13493468101567,99.9789399878226
631.7991673260317,379.52045196934375,40.18074290322232,100.78019887419875
631.6941995644672,380.223729197424,39.52357824715596,101.66506463936692
633.9097285885607,381.1345359115138,39.537827453760144,101.78467161390498
631.6906792262434,382.96061697104153,39.30230929225591,103.22043588263637
630.8139852393133,384.54949405805615,39.1430379786634,105.35855866936151
629.3811484266823,384.4260360005532,38.93879106406943,107.390812828534
628.6588675561226,386.33577306500985,38.78241007428521,109.59130339459753
626.8718075322578,385.76676918665726,38.904586962911424,111.42025308111985
625.8134528406856,387.6219680174434,39.13332673298049,113.30333934441333
624.5560448047247,387.0077079319727,39.34024332980463,114.97262343590037
623.0415120505756,388.1441110854102,39.51821077749486,115.9856655081604
622.2664689830955,388.98944979592784,39.68484580829113,116.80131571621456
621.2778650261857,389.95796147705744,39.85673512813163,117.2939114278231
620.4357650864647,390.66046943239775,39.93826648378541,117.61859393671337
620.3699542721251,392.417046677656,39.88172915331404,117.65166284822016
619.3945751572495,391.9222340003717,39.68199352282071,117.43502203800915
618.790103299016,392.2864631969346,39.48443606531456,116.98305481004442
618.2388971356445,392.4607206622206,39.43460346655857,116.00102881303575
619.1706849995647,392.7431789496536,39.688545448450206,115.18142334938142
617.9789276179939,394.1698328067831,39.561982496671746,114.34948127767001
617.9775322764636,394.71846248405427,39.43342400356381,112.77934823538368
618.9210378679467,393.91995768715555,39.40169941880346,111.29449800213943
618.7803094920516,395.24461412101624,39.17277029965998,110.37399866343262
619.2977884429602,396.0481697798933,39.024955771332394,108.87898899740668
619.5987750315209,396.87816396705074,38.8056738285611,107.58533750520617
620.300049016838,396.78193481071634,38.5592300649657,106.03452327492148
620.9046010869365,397.7394136827277,38.599511758509,104.83421312201287
621.6476873764743,397.86534128319454,38.535967582143364,104.34885316379406
622.7001415728478,398.27333998574005,38.541589327412126,104.28590763572485
623.6722885573819,399.8690258049854,38.78613550917699,105.31346576484276
623.9256902105708,399.8978942858672,38.928954881555924,106.4178264955687
624.9526238181373,401.42111889757854,39.052022385508515,108.08023004009041
626.0762584498011,401.82999137656157,39.27682715401081,110.05475836512916
626.3713915582306,402.28543019869306,39.538502224669394,111.71510397983829
626.3481629374436,402.48672237859495,39.597745193401686,112.7813821536039
627.5860301315088,402.8556455325286,39.90965447630708,113.48306419179826
628.6362571755639,402.0386209887691,40.101085764173455,113.76720087430326
629.9360560830488,402.5724292271188,40.15370891363527,114.12382749014076
630.6979123143958,403.2593996737194,40.02328351358616,114.55568620040188
632.4814299478367,403.39303047294834,39.996734105621734,114.69394986906809
634.6492125093027,402.832774363442,39.926567961876486,114.74659111354006
635.090972267966,402.59768367714076,39.91252190188641,113.4821064962667
637.4342393961463,403.7162007683354,39.74052688731676,112.75722224387783
639.3402457686399,403.6467372365719,39.71348657160492,111.31513503185403
640.1232211067338,404.32459604050257,39.76164088160785,109.59170489647906
641.3433366035315,405.59324868129886,39.93873185609121,108.75671852167062
642.8295975580941,404.5175471289448,40.16509467253676,107.21006206751036
644.1734218621664,405.2735279903935,40.092506870666554,105.89054951198358
644.748784046293,406.33693613669607,40.04684188771278,104.56426412987054
645.0010212564217,406.4086874466188,39.92702732401331,103.82115356553652
646.0568883146765,408.3089762310121,39.91379417452963,103.42129754673769
646.578359685689,408.1583691572384,39.90108743828763,103.71104848616108
647.4638486843692,408.8678315456012,40.10883141720758,104.38963118624217
647.2893262927024,410.86099501863777,40.10374038921216,106.44660343831957
647.59529282714,411.55880429563706,40.01906368992768,108.56018831831149
646.8028800903667,412.2888377580957,39.98548692081376,109.92813481349918
646.7094847180103,412.1905893649949,40.03666142264103,111.66547675541673
646.5182140385884,412.72241570784007,39.96807030515495,112.7615883595823
646.4098799825539,412.05681350330826,39.89481686528124,113.27604957358906
646.1460494794052,412.4687745738598,40.075690806311,113.69745216335909
646.2470575879569,412.4114890363865,40.10260524134928,113.6767729828401
645.7867027329632,412.62926970773793,39.97940349427477,112.91890479852543
645.013105814709,413.0053965989826,39.959729263995456,112.62255910591225
644.9845811327646,412.8304108941219,39.796361456167716,112.10618630214796
644.3652277712415,411.70034453744,39.59613826378558,110.86153133202481
643.0313450218921,411.8307599699307,39.35040464558695,110.01237252276476
642.5395755847742,411.7972127130752,39.25605705761107,108.37668261741588
641.066487664284,410.66149261469553,38.849340022920074,105.91216280746141
640.1683474194353,410.5351859158054,38.411813664091454,104.38596665781728
639.1906578792486,410.67215279992956,37.93477797433838,103.02995061799305
637.5819503888441,409.02694858462405,37.723033075463064,102.1759431931964
636.5400759381437,410.0481901576235,37.98280069176874,100.95303994650862
636.133068033948,409.6814059774327,37.89143505904369,99.64140390587396
637.0857510987678,408.818045326399,38.05448814746743,99.27154446415175
637.2966304813467,409.4791207033033,37.87766359845146,99.50012501165081
637.8244893586923,408.8846011624819,37.56786608463925,100.45595773176142
638.4465390854699,407.8861918729798,37.4578057946736,101.79566633495075
639.0518134879769,409.6509717972144,37.4373260690585,103.89368855969309
640.0265849706095,408.24617681262765,37.54868760666213,105.87677155655372
640.0940981828855,407.47711093372993,37.731585562412356,107.62350215160566
640.233210071653,408.20822991811633,38.14059684223139,108.97698474099936
642.1186463899569,404.7661129351235,38.338093212734336,109.27041985215718
642.0902205264721,406.45695849917587,38.45557004580013,109.28785000853725
643.5367841898933,405.4096825979718,38.416499315713814,108.92719470149402
644.9471997754733,406.75541331360586,38.46125680956228,108.45072436290785
646.0495503900853,407.2485630642342,38.63413193150403,107.26350028632238
647.4823968445321,407.0721113928038,38.798045364926224,106.23702709853595
649.1734460228531,406.6225888278069,38.74906640067915,105.30385370073574
650.6724571316328,405.55342336913236,38.38521352325353,104.41599815186787
653.0678478007495,405.23683158868505,38.12740833553271,103.58080400337373
653.7280351511215,404.3653164086684,37.797499633438356,102.22719306129828
655.1909781217518,404.9318575560985,37.44876785172379,101.21931021848056
655.6756573966248,404.5250505297445,37.082926774721564,100.60577461775397
656.4402684883312,403.91126506269404,37.10100683740265,99.76332630670711
657.5399533304612,403.4447616844425,37.05961521100376,99.54857791718364
658.3159834375318,403.1795349777655,37.06470762576127,98.60042522568679
658.9907806093088,403.21444945735,37.09276998043413,98.00234664512654
659.0693995455242,402.40657089736897,37.33674411481063,96.92811038358832
659.6710131241864,403.90047629655305,38.16314285012554,97.25775535380531
658.8021182358201,400.7691583907959,38.59833248151816,96.29605501801127
658.3237417676671,401.5929342607342,39.29409643729231,95.97146234357203
658.4953663714327,401.21019984421247,40.175322732729086,96.32106542749476
658.4213402759037,400.90092390369824,40.94673591526499,96.6202856327553
658.4254824877073,400.5002203096673,41.852745615307455,96.69875452163811
658.6588069643238,400.63363047542504,42.53454465249193,96.88943464788638
658.3929050710473,400.176921925918,43.02499104101193,96.68674356780804
659.1178376301032,399.85965145773605,43.207050194483614,96.56563100361498
660.0982136111523,398.7626256219833,43.33324638874211,96.48047782969192
660.9492296817285,398.51930092947333,43.31707011306827,96.13608122949003
660.5733421996565,398.38054870750983,43.07591126745495,95.86496628388309
661.8402159234314,396.95979867661697,42.994460553761414,95.40704718101117
663.4326196341901,397.20867559167937,42.367612688823584,95.16298269958412
660.1314175320173,397.5101238859308,41.83229249360251,94.92436153675376
663.5720308533581,398.0081559805702,41.029721093840934,95.47504693930229
666.247624913197,395.87027182050474,40.43023194495775,94.16125570437958
665.0015673710984,398.2478572857503,39.536351164286714,93.79461598192675
665.4419467725877,397.93977136249896,38.65866244591923,93.62311173246684
667.1394371234588,398.16435363442196,38.12980065210525,93.41282105780162
667.178088777111,397.91092213231184,36.9869843300075,93.95970487432461
666.9256069367964,399.2570485149198,36.14486551494748,94.81427251125407
668.0115953997815,398.0854230696031,36.00240266330272,96.07198704114684
668.1779157093039,399.6343790000692,35.589938028759974,97.48468576065898
669.0434921934409,398.7658445501305,35.6667337690202,98.44453315966283
668.4978128246375,399.2135961691854,35.59862469027398,98.84339437391512
668.398906685275,398.2471235141215,36.112053874688115,99.30302611402031
667.1269828586873,399.99952628345056,36.799798465234105,99.87267202189541
667.2412800581677,401.2146669320079,37.17648845910685,100.52071122801556
666.3815552960896,401.27989145542233,37.712958161104225,100.96256881418229
667.0226163858388,400.89450230686384,38.227447648285406,101.20035349662568
666.4555503326374,401.43073352178374,38.840230980254944,100.57619637560475
666.1664527243862,402.64459509169046,39.015995364371335,101.00967428368861
663.5259822154798,401.4324276460004,39.82290731800566,99.65701089358981
664.003517110049,402.2630283832857,40.23876617400134,98.88144664273979
663.0262735360219,403.54956132521875,40.125685019900786,98.13955012571023
662.3336551460709,404.45648067781656,39.918831789159775,98.37554352615122
661.3489140658647,404.0384563459691,39.5710982684961,98.29782085853583
661.404762145549,404.19923711717917,38.9233753332907,97.84506593158754
662.2616806122049,404.75156161793285,37.89248996953604,97.63904295957161
661.978772526019,403.8617779956923,36.95069319825855,97.34611593563535
659.6496521509486,404.43974996948305,35.99901678455062,96.82802030567704
658.0324204804449,404.3405330148151,34.91359868634882,95.80526388164648
655.2640179548637,404.5135182307961,33.79907803484414,94.32445272283212
651.5010933348693,405.51425239453766,33.05597109044554,94.62421339544049
647.7358048593687,405.0040842932516,32.66903085623556,95.23792048266958
642.6776030338743,404.0638399754622,32.58619763741231,94.55449815709721
639.1163981448443,404.9833268077763,32.68928120545047,93.908304152694
634.0203175231608,404.95027392356536,33.43558063241124,93.54160557503118
628.0677604649151,404.74115436330334,34.31428369238426,93.66452805899291
622.5861156012029,405.5487295742754,35.116568399666846,94.03312178148843
615.9814361526658,405.76482067067036,36.302016774280126,94.44694306150359
608.9666314137513,405.9943627962431,37.48673375027807,95.46595636837964
602.2792969899205,405.43059133496405,38.20016869596214,95.31129049062189
595.5127569213292,406.07126928991886,39.09065068098407,94.72418164768686
588.4816500253938,405.7962989619042,39.8874321150668,94.7220038235107
577.4913327613823,406.1997676919771,39.51880440554105,94.35807240203061
570.9865367631716,406.59819046066264,40.37334230955534,93.75773473581053
564.1632094286858,406.73451808643074,41.035640098338604,93.57641191243172
557.1024478994735,407.1998894304137,41.85241080690983,92.75876739879938
544.7960176476084,408.44353581124676,40.55070145590366,92.11892608557378
538.8392306678606,407.36502825653497,40.5621557788636,91.72827321480327
532.2185488967573,409.5435243622201,40.689189029322336,91.48076710649077
525.5013836082007,410.408191006697,41.06227368816135,90.475116638334
513.7496904437755,412.07887980538675,39.75483276176272,90.87365417347712
509.0204927579814,412.7899862749634,38.54370394054105,92.03604502079234
503.62689729019974,413.6044244799797,37.358181405645425,93.33583615607834
497.2046710967255,414.4072864540174,36.63673012895858,93.60412610875967
490.83317160129405,415.8529114043457,36.25530609278293,93.2763234451179
485.8752495669225,415.291049225653,35.86366458108168,93.54588487106102
479.96620565109475,417.72439570259775,36.15700265687779,94.24163278936395
475.5909428720805,417.00665392283463,36.44048147723534,94.34332330479998
471.4621804079595,417.95425452164676,37.44852615797976,95.18610366502172
467.47199934123256,418.84208216610773,38.61382576854559,96.14564448968625
466.1795337355707,418.0300719550028,39.3627515305742,96.53855934587122
463.598871842491,417.5544487844345,40.29853610927514,96.70816420370099
461.47258303448285,418.3468038367573,40.682309032069426,97.44471049821004
461.91895039763597,417.2224038892163,40.49230823968884,97.73846266666088
460.44091831151763,416.7378324194584,40.35585479756084,97.71579659567097
461.1910233371378,416.57789246323097,40.17691473533418,98.0104565274986
461.66919675918643,415.18236058447764,39.71285448395883,97.95058649479832
461.78226537737277,416.77183066930843,39.18474199734205,99.57426149084726
462.70646818452,412.89663973440656,38.67346311492005,99.8445770612125
462.60386642182624,412.4143753393829,38.279567600276195,99.9661294599444
464.2910665780218,411.6803997511309,38.26841945081839,99.27827743286564
464.6677742224027,412.03996974292085,38.51875675128237,99.0313347733232
464.0934441130572,408.9962182533201,38.96555970116309,98.5528573181071
462.77715974222195,408.8229068568709,39.447554712364834,97.86757434070364
461.2347600824769,408.18681108722086,39.08706179743419,97.69409730185575
462.71178586332803,406.66478240435254,39.145009842818155,98.03721954224153
457.96439520311964,406.754676230908,38.22539964559576,98.64311307723716
454.28257659839335,406.72630199756014,37.32192984516061,99.366646307269
453.17687843085093,405.0382745911753,36.93384102132518,98.58990437473837
452.2411024081228,404.26848989150693,37.27236994780867,98.30570086681801
450.25838672584734,405.03001463693465,37.96175527468565,97.70414580030575
448.2474466712833,400.46405110461313,38.34157271978179,97.70887750667232
444.72556681699496,401.7884182035951,39.63451083793478,96.93847282416563
442.83932645245864,400.227551432679,40.111903037420724,96.9753169540715
441.2025538256949,397.142980106865,40.886093690041804,96.6845492129383
439.7784439417004,396.92034101021994,41.515497654502965,96.82811689001402
437.9324692149757,394.0944728177403,42.00102167956186,96.73429930463637
435.8115567031017,391.54177703792897,42.55634186245908,96.665723979646
434.8787857634426,389.2284533469864,43.03913954870012,96.60201272276771
432.67190195216733,388.606393318423,42.98101815223826,96.64294364529678
430.8872184166942,384.55664635527074,42.93407176569539,96.77529355915011
429.43481194350005,384.1033113457498,42.823974490983886,97.99042840334542
429.14350597020325,376.67841498727563,42.829799144620246,98.75109644072829
427.1050777970842,376.2141319559984,42.458258331281804,98.82504240421497
426.23493273041566,372.90291285890794,42.377919583164505,99.46751443476064
424.89461428277167,370.550691484454,42.06318465991001,99.21913402158977
423.30985922712074,368.32573345108153,41.14555659524749,100.24389683287197
419.0090887073722,362.54424710697793,41.33183064408292,100.73078824513928
419.8014166604022,364.8913401037964,40.41897618589128,102.38612817999972
420.1111857508035,357.7921354414174,39.8791207277765,103.31211471423032
419.40123512725347,355.0847850370571,39.386896268203884,103.30640775088668
419.2240118567704,353.0914356635261,39.147593226402535,103.77553290290167
419.28354776585354,351.1477827932772,39.22336675683273,104.50138110479475
419.38799361699387,346.5623216510669,39.56265080671509,105.1701776491641
418.4411766450078,345.8929175599492,40.35850941060696,105.25965268816532
417.21808436538265,340.9135184300555,41.12130132592868,105.59828512306248
416.23799276165846,341.0268804039441,42.14146862132106,106.45036149591053
416.49111824227424,334.8435643400847,42.226162844320314,106.77890196408353
416.7980138010063,335.9706748147847,42.56937090955745,107.79354087796477
416.6349677382898,328.9950601196674,42.88547067112772,108.25919840693219
417.5155667705033,329.1715344487336,43.429976961940525,108.49919848356012
418.410080703738,322.80778276435285,43.603755677921946,108.27667534017563
418.54392146394514,323.1301012814651,44.15385876491814,109.10254044408896
418.90400105126673,315.7603180029702,44.19523559243403,108.98827952457722
419.79513716327085,314.43124692227957,44.69152519894642,109.42947794511389
421.8528898933119,309.77829299590826,45.443199609469836,109.06207170331305
422.95301667277766,304.97652005038105,45.8856355170148,107.26691211188445
424.13687701335107,302.7563454432271,45.74176651662356,106.99009347188341
425.19416058921337,298.63116898279674,45.50430555462676,106.2490218321972
428.6405691003339,295.55743598994775,45.227839660010204,105.5278144933102
430.32284993281365,292.29587402403894,44.54104193395448,105.08005028731041
432.57650556652993,288.66140426004335,43.90984718072781,104.90118774849856
435.03418564649735,286.92322791426045,43.22278759223471,106.1491909928141
437.7269400781217,283.8610066563416,43.33079660465743,106.40412953373726
440.70872147467094,279.8392503929677,43.383138714970734,107.43826887246617
444.1583315274382,275.1437465835594,43.67559284191922,107.98175375568715
447.91565843525666,272.8198106949408,43.40898256342217,109.16649315148506
450.94573253993394,268.4085161780388,43.2529414478786,109.44123253013773
454.8157214939497,265.5675315936189,42.87094855953092,109.86270603628827
459.3762232594946,261.65798289783135,42.921820982115364,110.12477227323083
463.1504914489384,257.7241692868074,42.91920402156274,110.86943272892137
466.5241139711339,254.74514214502665,42.67344194073386,111.14698602829091
470.5425089196213,251.4246968048621,42.61832003921188,111.46270714532658
474.2541586468673,246.69219207663974,42.122962860720776,111.55619846670052
477.51136821388485,243.08060273547667,42.03943285632441,111.88312165586257
481.4630475404136,239.81352034979395,41.907197135701,112.12351277610496
486.13287938760504,236.99030678714752,41.47833818985332,112.32928991513074
489.74172331910626,232.89617175450067,41.15042417252343,112.29199693110803
493.4201035076862,230.35140382370622,40.61632424153061,112.30596554721356
496.09070964414445,227.74958205186385,40.26361923942702,112.92001043519755
498.68561009825015,222.96017686832914,39.99759352729104,112.74333622127337
502.1191240536237,221.16256712832802,39.65476271813699,111.97554052640989
505.2485278591653,217.07112835891624,39.21000244363218,110.86753309361477
508.93797148122246,214.16719367076462,38.801113082360885,109.8879292681663
512.5221312452425,211.91432214807145,38.4953633632808,109.96357473359657
516.4517172216757,209.72059740774773,38.28125147282279,109.78166014335169
520.102995667439,205.82331945511208,38.12416233947489,110.2053344911584
524.8104450701383,202.20791426367623,37.96330329848066,109.97610192053888
529.2695149316545,200.51083704486848,37.918385926522376,110.91747825718696
533.7438169897932,198.16274200076816,37.96538155694909,111.78931774991335
538.6920798092334,194.59664048992238,37.900943434853446,112.80203110180511
543.3490681958591,191.7676791382605,37.79877391257865,113.12314416996657
548.2626861633548,187.3590977717011,37.720747381578875,113.52049565430605
552.9978300344891,185.82958247851883,37.64637657809202,114.04924946531048
557.9888287366426,182.23243019378933,37.501995140581755,113.45197860294577
562.4998128504378,179.5746307270923,37.60660810500792,113.17428720736027
566.984746435706,176.25637620757385,37.39913583956197,112.81295011984085
570.9541917672062,172.84425361059806,37.19340996385395,112.39840289435881
575.3551146700212,170.677869704105,37.06574323537249,111.60703616678707
579.7177298597198,168.52401100855562,36.99469433638306,110.9015394465577
583.2551404883518,164.95409883009359,36.39813073521654,109.292702762222
586.8514875048428,162.4494867809842,35.948010917169825,108.78497529946667
588.9937044330982,160.17097713056376,35.687360744435786,107.93798573495111
591.3189255706476,157.34202088165603,35.55328018274646,106.84184702427044
592.476304982919,155.11935615024967,35.1630723683353,105.83555543148015
592.8309688501465,150.59408507676682,34.72806174942568,105.0036236328282
592.4496912520265,148.76738641465437,34.40368404809799,102.78069153505601
592.201859274851,146.61283470487274,34.13471083022682,101.80941136773572
590.5209892684351,145.31526436733665,33.92944878502958,101.1778078678506
588.6882614899218,143.63992241822694,33.72810761010706,100.95412519655096
586.4134501725913,141.48368081782766,33.38547064698993,101.27295009313508
584.2208382679216,139.16383987717876,33.277302942504846,101.92924212000175
582.2764255649579,136.06739078243243,33.118811320386605,102.05878009526103
579.5520979517812,134.80820471520505,32.92072420283732,102.40497753756182
576.9847992999324,132.38297536545733,32.54226332095761,102.5898631169401
575.7634485952423,129.99289817770048,32.4061523695743,102.29471965996476
574.1984629391224,128.63790935490806,32.484385896474905,102.4603288000717
572.1079519869554,126.89205135000861,32.331904077664106,102.59166153769958
569.7489914739367,123.66944499563772,32.25894203943155,102.84395832999849
567.7408359808338,122.031563600272,32.21608659421031,102.7884408892541
567.4934354166518,118.72461726854542,32.36158793409927,102.60947018371922
564.6950393841615,116.7955040188059,32.27633167830953,102.97061516502504
563.1707846442727,114.57938259408641,32.2883781358553,103.0390999273058
562.3764044120431,112.21639856787158,32.07174192425086,102.89998905364905
560.3753058163137,110.91710938884844,31.93434313029698,102.59618646839697
560.2584398373314,108.112224774102,31.80898627996367,102.34259243189864
557.0418681865463,104.72206793624929,31.895218151174866,101.04927577465732
557.2139963918215,103.81222226878589,32.04550594867414,100.88860087957313
554.3610985399457,101.12343119984963,31.896600133413283,100.67768251772029
553.452908259961,101.05276060241366,31.92441768030598,100.34292699308882
552.1281276801311,97.80304773022293,31.943221746536164,99.95039879231038
549.6259271469409,96.48072729046027,32.00183824413004,99.96355063336829
549.2643894040636,94.36689193269815,32.18676884339075,100.22994577134736
547.6377351614744,93.18317724972596,31.994086050874476,100.02834747501451
546.4156680949591,90.16468375532446,32.06286255603668,100.31475319932169
545.4792520116324,90.32704516145839,32.04583158925938,100.64496747554337
543.9499715161528,87.22969759511798,32.05936389369531,100.99352603824735
542.9890650078562,86.51023448474139,32.2786117171122,101.33183008187652
540.8252571636842,84.02991737469175,32.421468742278684,101.66633086005075
540.014882531646,82.74075794654416,32.609190142852746,102.01554185959542
538.366339893989,81.42010394580888,32.653705027465236,102.17763590804782
537.2265534163669,79.34700724397035,32.81149544143451,102.58374561726686
535.8396370884725,77.39561345105122,32.80383038031968,102.2475300216476
534.9694167751578,74.74192461937251,32.66848029173128,101.38043106146986
533.7196911381111,74.89811280675357,32.54018450695636,101.10519532806921
533.2586535989604,72.69366501632118,32.54210656344528,100.69789112942351
531.2907731803149,70.74934112216425,32.17768124350992,100.32066834660088
531.4101484525394,69.25038921308229,31.97821882871833,99.42917120574992
530.6355352234175,68.12031379783322,31.83098408624805,98.58270816181263
528.7629207834362,67.83172963090145,31.575931155449993,98.57336917527212
528.5721879713756,64.51002447080279,31.647439811740767,98.89347627281319
528.2395348089965,63.881820529593455,31.591732530904252,98.94638412280693
526.9758201789585,62.84414717963741,31.495432085169483,98.57687894741385
526.4952392855494,60.149721553342516,31.429100991166745,96.99216938991452
526.0711787807641,59.70989724571596,31.422944032330708,96.6123676887385
525.3374359433026,58.901820335586955,31.639191241944513,97.02328507405998
524.2795410224987,58.40870700142406,31.601753515879345,97.33362970093145
523.6454205116415,56.3034522845306,31.654737608196115,97.43203996403356
523.5886081610876,55.79031256508756,31.961081604925177,97.84597448228442
523.2938138599998,55.137591041795304,31.989946306305644,98.02196458506705
523.0220442246637,53.34026544980055,32.15211696969537,98.36269211450029
522.9561246890195,53.0367481068329,32.03429690504597,99.11514170419554
522.4152463910574,53.01217111461141,31.732194820245116,99.64981718398077
522.7810927887897,50.18589346223767,31.61084089149105,99.66015103792259
520.9772411907832,50.58933589703476,31.077241025065142,99.37280278274645
521.2689215257648,49.08419972038914,30.960935973864878,98.74986376175485
521.6105395528991,47.966805615095744,30.863883705988506,98.80305092482577
521.7260822757934,46.79307816300505,30.793477779376406,98.55048017516805
521.1982417448403,45.792323826756686,30.73008139720605,98.06227041046995
521.1684193149181,44.462121025447885,30.64489169391439,98.2236463767045
521.959873772504,42.58026751771803,30.574747471049037,97.84181553892324
520.7271202878128,42.63764261213986,30.288230266694843,96.9456030383349
521.1035522956299,41.71257112443536,30.239202274868056,96.6402146073413
521.1911407867008,41.480211762547924,30.054923082323977,96.76973349819991
520.9113348284587,40.21301228508302,29.979514504346938,96.28479384534164
520.316980306602,39.39617086784555,29.760833788043037,96.35557637502227
520.2932134126511,37.620728030172835,29.93168343180563,96.20120296566616
520.1301328830267,37.145936290969075,29.892743362237674,96.52916817319965
519.4824628992181,36.36584278423064,29.7927816302164,96.23569198057606
519.0414003831017,36.086029386841076,29.80554329489181,96.73520095694002
519.507772082968,35.99092263197415,30.116306207529423,97.44951518755629
519.3779038908897,35.325541753900296,30.2229718885373,97.9265468611921
519.633824645854,34.58887196320047,30.404429612522158,97.95336313383778
519.1033709760661,34.69562316550787,30.395381126292236,98.99825127506801
518.1802777394353,32.09526749501519,30.379962193746344,99.67121069344594
518.7110111877339,31.626099314220347,30.432709359839876,99.87956527498345
518.6539975808405,31.306023086724522,30.55512619839374,99.78919009058606
518.3011498854449,30.058213769708757,30.5879855238924,99.5491593773123
517.4669967909405,29.402551575443056,30.297213281772034,99.22708129906971
517.6123189425196,28.122764661173193,30.22772487539673,98.80520290097064
517.0945494762341,27.35737989386969,30.0567235810314,98.90107966194941
517.6430623213246,26.666203117854465,30.157874274822376,98.56116081789222
517.6220568011636,26.55263123165001,29.98161124333174,97.92349889190635
516.9233295528251,23.30207357912935,29.616571295161712,96.96411920183048
517.8314064905143,24.32810900545251,29.60079359661745,96.50714934806264
517.503450460582,22.573006451772876,29.41567869467844,95.56264778656815
517.8688509902086,21.56933200926322,29.386695684379536,94.53345520964288
518.2641277243854,21.38073175430585,29.42210070639741,93.70719359568677
518.6617030123897,20.462257801325933,29.344010040686193,92.79601880953845
518.8552521972507,20.74665706163045,29.311672138970465,92.78104548853345
518.4335877545974,19.576990206556687,29.111266354591713,92.12599490989314
519.2868778525348,18.968822145961113,29.14244479519158,91.44450888943695
519.4788505654428,19.460445374778573,29.084682837478766,91.57282349175381
520.282383690509,19.844431854565705,29.34166363782244,92.1509215370471
520.3896638804699,19.158907939885694,29.524361032969068,93.05477182898494
520.3193603754286,18.538966764375658,29.7057078177556,93.47142015834135
521.1879581481118,17.9161386276944,29.871592378170707,93.69747007985144
520.4631800547554,17.529648410713932,29.749476363727013,93.58121448084958
522.5820124862571,17.74020657091974,29.57497525804763,93.34052402787628
522.9145509768349,15.911015406324914,29.426603968706644,92.69486878611256
522.9196235450461,16.230110778016957,29.359424436649014,92.58712165148931
524.7513485293866,15.216599932412713,29.31984007236867,91.91247651072759
525.3775036949842,15.023028400980522,29.141293111687432,91.81302582049253
526.202392895058,14.020764944458655,28.94620683686026,91.1724642993169
526.1413621400834,13.366399161132904,28.771589446090736,90.48085945735329
526.8250830038247,13.176994851606324,28.578769658267305,90.46169158853147
526.8805215430738,12.596362504034019,28.378887876903114,89.57121921359246
527.8191169279814,12.024565392957484,28.097807212602305,89.23885222740202
528.4922052792514,11.584557330913007,28.24603279945282,89.47396862557697
528.0578728487494,10.386495207693486,28.17044236804128,89.14564276062686
528.5119133023178,9.526551515614806,28.260577553491025,88.93003309926725
529.1644948378732,8.71121764751404,28.333149858738153,88.74494320321323
528.8521707296737,7.85373159055456,28.362502765116744,89.33529011113853
529.165605352659,7.158552461280493,28.47358122155406,89.95406290520913
529.3214681895327,6.513914409940661,28.53891432203955,90.64800817350006
529.843017372651,7.222542218264806,28.717000805541847,91.82177314095821
529.9624739711275,5.566459013486195,28.799605552925065,92.44265370189788
529.718139064657,5.02382991911152,28.91130304817044,92.32301949372035
529.3307791058178,4.107044674308007,29.085198728978906,92.10405754886388
529.8335809782045,2.96474716339187,29.24661721244646,91.86511731907872
529.4495333595534,3.0893925027875397,29.20895397349141,92.02574894205664
529.4689600221452,2.3156617894853824,29.216277253234274,91.87512148430731
529.5133520351062,1.1517392762029601,29.133527039961784,91.3944852944415
530.0428792255924,0.8176954017497948,29.065403991100826,91.15167996072911
530.2861771941035,-0.2766637153303151,28.761667698372367,91.09776485214641
530.2855949946462,-1.1144298237565593,28.669536590153918,90.83578467123279
530.1613488577124,-1.526676928763635,28.591183635349537,90.99335011308898
531.1447226970542,-2.6928196144569796,28.629015262314724,91.05173282982784
