414.5,305.5,33.0,71.0
413.22289148863086,304.55725721065033,32.96517900832637,70.77431540600801
413.0579366540579,305.3764662714002,32.95468905455503,70.49267280674036
413.05063066149535,305.1220224753071,32.971944676806466,70.60723499356723
412.9861921990082,305.4750124745523,33.08061774502953,70.41097961208126
412.6797559827612,306.1477953259134,33.06993475569426,70.2108956150246
412.0715652336957,306.038157589912,33.09427283017263,70.09975884819117
411.5621444677823,306.31760485947893,33.312159126041344,70.0034223699418
411.7194737030337,306.4573020697473,33.27636643994521,70.1027441201928
411.5629214666955,306.9212066963026,33.31806333820637,70.0766981274468
411.19167812337724,307.3669850849265,33.29563944611512,69.68092312948815
411.3223166845341,307.3243171899739,33.3566868381905,69.8044427798742
411.58269710601235,307.8299619748269,33.39296126258701,69.71476213503384
411.6810381972438,306.686859363105,33.5758221163466,69.92493686569517
411.326062641688,307.6884945600277,33.600291917567475,69.71393021811122
410.93543119039384,308.2605799205121,33.63720677099193,69.6970295996434
410.97086274884185,307.4457348470968,33.857551384866085,70.08795367229351
411.49983154632275,309.5334336418247,33.93384595333345,70.82754078590168
411.99586357980934,308.2033730523726,33.84753943278514,71.66177988758861
411.91781528789767,310.1599804946626,33.841867237449975,72.17546634349334
412.6351921713381,310.1314496025457,33.95027104808372,72.39244011789287
413.0585343355686,310.43812028150063,34.04974500953207,72.60321397671498
412.94373342319506,310.9395209846101,33.765248428441154,73.5816877713398
413.3225626247919,311.040646530945,33.82067981320761,73.69005183079057
413.3778480415495,311.5343108263973,33.530341460456675,74.62234887980155
413.60820218090333,312.63551321017013,33.085353858379804,75.41799766297609
413.8174070264428,312.5043527060079,33.13131608693278,75.47456792278534
415.1170675808766,313.41407575201504,32.73077456104254,76.4189570224978
415.3056317287646,313.9655608496872,31.9817564952356,77.20215685679358
416.54770682028754,313.10296015632167,31.289493953142667,77.86153111225337
416.713779550394,314.4918668288205,31.032830265352597,77.88705391074939
416.84034065418746,315.04787288779363,30.76390019630346,77.82599363129643
417.2300661879383,315.43861025608163,30.522575120623003,77.56982291417164
417.8138412401832,314.72525681614263,30.262598656479803,76.99765501053366
418.19072004193004,315.8836440826932,30.093401149249956,76.21093456983971
418.9996273963522,316.0342947169317,30.29994275792585,75.90771398511845
418.9605773851832,317.13552416558997,30.014154576166014,74.98193925280285
419.66188103861595,317.6985835753419,30.062436379865737,74.76870913902943
419.44757487916115,317.48798404028764,30.027049337975548,74.09743637114042
420.01246280706937,318.13353085454094,29.868215562180048,73.24942295928014
420.73595287734054,318.6108743226829,29.715789774397997,72.52822288398667
420.3799524576527,319.55782168714205,29.688865335586936,72.08880403473759
420.677372290622,319.3995230162888,29.665750561310922,72.28334737326502
420.5720692460809,320.3978116216423,29.77200261900902,72.42565876004636
421.4137273364238,321.61652712777897,29.592078181029535,73.25525083432095
422.3813888168952,323.1710618375205,29.53683782735601,73.80573375057708
422.65911343231846,323.83106127469085,29.46226921460498,74.25807875021397
423.1833468674632,324.52240630350127,29.53533633422177,74.81417341110662
423.73540202477943,325.67744146334155,29.764436726300143,75.27238073653714
424.0198346807915,326.0383761278749,29.787450841708914,75.61375217399566
424.1585109763989,327.28222111993364,30.202290745363495,76.05774692231535
423.82869616438677,327.45592009848855,30.447738987923668,76.24396973995144
423.8312058169507,328.219552054744,30.626206174237545,76.47230341884074
423.198963430415,328.83638730151654,31.12857427670046,76.7830642540691
423.83724584393326,328.4383496427357,31.20709363049587,77.36083379014713
422.7286546791074,328.98385034311804,31.458968366801876,77.43117846730146
422.9818364189354,329.2047510689374,31.490310129779665,77.56785952432216
421.88170662263707,329.207009721374,31.539608561716545,77.5341272412308
422.01348306093365,330.1262584598875,31.71899541362191,77.518474269514
422.88917928941135,330.3899538127111,31.839404571427828,77.8282804504062
422.7339268493082,331.05527887119104,31.674071505695984,77.43199888422372
422.09904086875025,331.98373673916575,31.677556139999133,77.68480933884129
422.879162890522,332.5945438388654,31.596171163418862,77.1133467498165
423.0230847475962,332.5619307492646,31.220355471380927,77.06822569530536
422.8672451579205,333.48315251080527,30.926181987215394,76.99980224802206
423.21033223522477,334.4732912098397,30.643252506812537,76.59025207907152
422.963939826304,334.76958325422186,30.308769975887845,76.95782413301886
423.9196768046725,335.8262990743653,30.258034177376736,77.91235418554213
424.1023983365514,335.8967577320716,30.049914950899247,78.88659244778908
424.3036289773798,335.72505936405304,29.798415723971935,79.53874750225046
426.0949804877983,337.78546163390274,29.802748359110296,80.69803234090793
425.92965589824087,338.2505685911786,29.607256967584636,81.5893052570676
426.4644122630879,338.036409420156,29.866761877050624,82.58283632570576
427.1533154593433,339.27999396133623,30.14403842559519,83.19031131301698
427.3725201141933,339.81234044983887,30.126976823405165,83.66939103346039
427.70408320845485,341.18012347522966,29.96225767094817,83.96931072715516
428.14371428994343,340.7086106391536,29.998012159124485,83.96137874340063
428.42526362751977,342.2432750852642,29.924144355172388,84.16734296298056
429.1096440558395,341.5429212883127,29.897135670049323,84.14298825810883
429.3134516661998,342.2982219927535,29.913017232108444,84.40681354791201
430.38068901368024,342.4590942246723,29.974104661399934,83.95216954639184
430.7690559736425,343.31791144051505,29.86683002482734,83.81211616271808
431.18610743163816,343.2996733961273,29.888833986162965,82.98415622110574
431.20020161249386,344.02173624758314,29.601977320961907,81.69621659221248
431.5365362147557,344.75136354380544,29.783381640913273,80.87766865813126
432.1191250676154,346.54193779947286,29.60990178303704,80.62917080826486
432.2878420283497,348.2313530878097,29.61061878005212,81.03803301685429
432.5028969791055,348.57988488074056,29.656102743458245,81.66988156993146
433.05597982766096,349.2115286545544,29.617052830038794,82.60627935746317
433.4955419046885,349.5019699880733,29.64755527911035,83.67410026555952
433.84918546518213,351.2401162719483,29.81536531369393,85.31539001897656
433.29376448374825,351.4483857515876,29.864161463954886,86.22842862489124
434.1874448449691,351.318452236658,29.855548896153394,87.38487939069319
434.05007400494117,352.2350296540759,30.004322835196678,87.87804448879507
433.7506766313604,353.0097071276474,30.116010573662663,88.09679218752602
434.9756232158048,353.52059530184994,30.30935308821511,88.18058997013294
435.1347044593192,354.9046266343313,30.11949418862283,87.93467448382013
436.35268671600915,355.2531632220318,29.992060959575234,87.64520028073966
436.62057764153053,355.574809505075,29.52293519885161,86.97784875427507
438.15875296489185,356.8960243292121,29.26467570622757,86.53171007584955
438.725267959048,357.2806057458779,28.775769868191425,85.84148815559917
439.4379025413992,358.11506046024743,28.558377862607735,84.85863468513108
439.64326550053016,359.31589385810923,28.37964935976912,84.33835858021101
440.2262441300646,360.69809375291464,28.06757214849852,83.69133702546343
441.43758383159667,359.6429112805165,28.10970931571621,83.21253556744293
442.8866101437827,360.4186084328879,27.900452019484376,82.15509541456902
443.6431301651028,361.5885959393821,27.70610191920418,80.79462814589277
444.55881484148824,362.3561544151676,27.597662878589986,79.92853399286005
445.30290422121334,362.1054590522409,27.54009787531956,79.17622553524937
445.81965828262855,363.81844771559383,27.4088325322209,78.6826851515977
446.39370002520224,364.4646007839949,27.113692825111567,78.34214508849931
447.70277667040097,364.25676883977985,26.991190779831314,77.86711835221564
448.7251840403954,365.28359117018914,26.723036124566867,76.90896772330318
449.5813410847248,365.906062846752,26.75203537418779,76.1761861615021
451.00372735781,367.4765967070418,26.927107598448863,75.38644919806356
452.20885554234064,367.8764672060047,26.947281403261478,74.90176839844482
452.500758977432,368.36156685971656,26.966607257840845,74.20930381768842
454.54601928056445,368.45182607558417,27.17013162304189,73.6160117767919
454.4253407225248,369.18244664743764,27.384781628194684,73.56570639262928
456.78452154317733,369.29645491943336,27.685420517132574,73.14211638460188
459.0793817955324,369.1371490127397,27.804364429689286,72.19240859120819
460.2031076846104,368.3842780062669,28.048542967313885,71.31498476781951
461.6974179523841,370.77226218693266,28.156432842075287,71.16528765435177
462.79321509716306,371.4765910924885,28.457670259518164,71.84110345316444
464.32429521294307,372.77625787153937,28.912223647190302,73.26452790211226
466.0791011847589,373.14903796396226,29.28116247145732,73.67508467969937
468.0979793790408,371.8463241507345,29.186469818855336,75.02818879789214
469.93777299881265,372.1938815103117,29.422685296520463,76.95432089346563
471.2076128007003,371.5500753064017,29.811385943675994,77.84820772726908
472.8755487933479,373.6702285545426,30.288691305564043,79.14991535299657
474.13667276941493,373.914061773577,30.560038429037256,80.33285612413337
475.058575995614,373.4953633238874,30.62146810163155,80.41386269033693
476.49616878335587,374.41028657041926,30.347653099191596,80.66437398726643
477.11786999063685,374.8719855844727,30.245196715246415,79.60939608321351
477.4197928054822,375.29229526010965,30.046509396684293,78.61096456870587
479.43250893767726,375.58971656885547,30.40622470385793,78.27115708338394
480.229456725258,377.1545878633075,30.73716659875108,77.38293156143546
480.5842692204916,378.27216007180476,30.443396121929034,77.18521743084837
482.1293707487405,378.3531952306411,30.240322133805904,77.40091720923934
482.1185243784463,375.1819504149764,30.72885943311004,74.67342717290508
482.9956547639311,377.69997079268904,30.762569801094678,73.47613797196907
483.78801957144816,377.87657916229193,31.48136539548741,71.24920249420731
484.89530723411286,378.53616636648195,31.804425158124932,69.88327346858333
489.2380252496916,379.3464216106078,31.702146666335086,69.15245844589626
488.75781859829243,380.9617240535763,31.373114807313968,69.41139699791717
489.9232296938779,380.5897167073098,31.13967992998584,68.99429592487849
494.20849984788106,383.35151094754536,30.478146694428226,69.95374205515569
495.1890723993475,380.05435324466873,30.323965869716552,70.00001897824289
496.107827027026,380.20352944183605,29.829876404627374,70.10023277033628
500.60167563195506,382.2292596662623,29.52137173779905,70.53968857362013
501.27474943419327,382.58316081566284,29.308056183646176,70.9033174347921
502.71490381867255,381.8209481278338,29.038934634307306,70.92586609860484
503.3294643208373,381.6209570485072,28.578376662128058,70.14566591949708
504.4772383722018,385.51242435514746,28.414792766094756,70.24181875433663
504.4985709432749,384.54640663532336,28.009505780133573,70.26141150981124
504.52395924558874,390.0317991407803,27.63813382166414,70.5376291005209
504.406920940319,391.07885136024015,27.545841265829345,70.6409764915116
500.58534867811886,389.8689950652515,27.40601869962296,70.53403817587969
500.92847544530196,389.63786343991154,27.136876383232504,70.2795960446894
499.68116054528303,389.3395894238261,27.07317898524175,70.23770412353305
492.81139118403075,389.31088122294835,27.058447154157363,70.23588193871373
490.40622259638246,387.8420989135524,27.043360611955258,70.23087587116535
488.7511725097736,388.2283098377697,27.041986700318816,70.22927022966277
486.47012264385353,385.9446275914283,27.041963610351093,70.22900633870913
484.68091032303516,386.99326033216573,27.043508035389273,70.22729592429666
482.6277729198442,387.80217255987947,27.043728535740986,70.22696044916245
483.3683644775878,386.1545984682589,27.043848277652767,70.22684081204534
454.52019387109925,398.14292649230117,27.307465491606454,69.24422048478591
452.83462951583743,400.01631868813456,27.308265775768977,69.24258856656888
452.0343933566677,400.0025551371551,27.3084288413695,69.24240313713992
450.47020791036726,400.9547832500608,27.308741300437653,69.24207748936965
449.0001673203137,401.2486124835977,27.309224635467253,69.2415108854512
446.43732322725,402.12470156655917,27.30945839578291,69.24122302123276
445.28979637495496,402.38073633158035,27.310005312119152,69.24055657499159
443.24969831998015,401.67625343923754,27.30970606455539,69.23978179246988
440.66606866008925,401.8435495043317,27.309755282255924,69.23962524444251
439.20596007080115,402.6378165381701,27.30989466008137,69.23933668782072
439.01450446994943,403.09861115651444,27.310387557103017,69.23876581317732
439.3482441620531,402.22763204811133,27.310675816824194,69.23839514776608
439.10643622230134,401.14552368995476,27.311124137419288,69.23779858397376
439.20550982960236,398.14187693600167,27.311873867340037,69.23699110539917
437.90257867153736,396.4996629139646,27.312198053663586,69.23633466346564
437.19508098738373,394.1740649022688,27.313005752216785,69.2349823737163
433.4006288460213,392.98038844674204,27.31668636016756,69.23103412967947
430.85360755775486,390.9918015322207,27.321245198754788,69.22601830341826
428.71207154724743,390.1716956307769,27.326793225323897,69.22034368510216
424.7342786945415,389.7821766519604,27.330275792765757,69.21633724490424
422.3775495518747,388.207124271174,27.33449268787098,69.21151451433535
420.1975914463162,386.80935449836204,27.339007859864473,69.20600101277908
418.03872654254246,386.2148683324042,27.341188770622434,69.20313448418307
415.7765690458456,385.8365767832498,27.345045065743513,69.19809723976027
415.2609896988496,385.13537486783775,27.352068766182356,69.18899394091528
414.63733514682525,385.74528148161073,27.35413432088406,69.18607343263801
414.8172039902456,385.1811383697591,27.35707814210768,69.18193399048592
414.513050379429,386.1305674837087,27.363692389173494,69.17236871798525
414.28451541031416,384.6245684527205,27.366939297408205,69.16788204256548
414.41907500027565,384.5516621501468,27.370920642625908,69.16198720709816
413.91868657033945,383.5178099647118,27.375236170654052,69.15614421468692
413.430821066126,383.1911063259257,27.379484663745895,69.15051986269674
412.6343344342101,381.75509222421937,27.381920856349637,69.14728914353246
412.27692025052954,381.1067365866553,27.38809541607068,69.13937013911955
412.07520607129413,381.4446495308062,27.39459790793767,69.13019669184253
412.07446537445566,380.60884116269114,27.398930229958463,69.12471205440023
412.5733867369778,381.85477255703586,27.40791640906606,69.11190252460663
411.9771874319693,381.32681009307737,27.416286632013374,69.09885856042615
409.5288782653496,380.38251925476015,27.443503510327268,69.06452835466006
409.57272164401434,380.15330307779647,27.4497871933259,69.05559374496251
409.81429828115466,380.15783815665077,27.456440541311945,69.04687011241872
408.8517825799991,377.7304636888935,27.46519966102265,69.03761443596423
408.36071282965366,377.68483625557246,27.476589425881297,69.02271377298806
408.9791497710518,376.9214366688842,27.480481233888565,69.01686652874673
407.28836690609353,377.7596181120839,27.489929682845084,69.0048195812969
406.88641554093056,378.1617279220077,27.493930987332554,69.0007910658614
406.32106225347445,377.2880575874401,27.497872668712972,68.99609671321463
407.20240309198164,381.4362033435312,27.538960341750464,68.94971746299541
407.31554873926166,380.74407211698025,27.56493137128516,68.9174946064965
408.141259288839,427.7658120917923,29.233153292760292,66.72926215443088
408.3724175057076,428.25268540594163,29.238817482268438,66.38145370324101
409.6179216732548,429.27249151946097,29.542006229693573,66.16481365466151
410.29923756738816,420.81498250177964,29.461485490125238,66.44201430721169
411.3248770602385,423.50647390596686,29.481035657485457,66.47901440899352
412.84033960287303,422.0845799969256,29.50442232453581,66.48313395315033
413.7219316402276,424.0810412936334,29.510016812372406,66.48529636072651
414.97609768470863,425.7277989208003,29.534511623892534,66.46409327069935
414.7707856531774,425.76996584786025,29.5354431312889,66.46274756699728
413.06325849176983,427.1619353690769,29.53591138690449,66.46266825433071
412.14762000327494,425.12757093269045,29.53843441568258,66.46105792422287
412.0551938177131,424.67189583789605,29.539984294902943,66.46059604677971
409.4028264727962,424.5155978187004,29.551744512690817,66.44898051753071
408.8545912390039,424.70034063514777,29.555692001492755,66.4454499990006
408.10473328525745,425.93346897058086,29.556835440228053,66.44485843013945
407.21348349899165,425.4796711215579,29.562650132503016,66.44338047734848
405.48368776362065,425.82270694987426,29.588362704624373,66.42132596158106
422.9268691316196,440.3709956644569,29.029472655394116,67.67250396454455
422.62392940005213,437.05168544470797,28.884745581663722,68.3030787306722
422.34103387445305,426.5916824091412,28.721181893672835,68.51921021379306
422.64137969599955,428.6121639460022,28.645462033740902,69.15640113177014
424.1184470382897,423.0033346963929,28.255425468896412,71.26633925592773
424.8219871844725,425.47596542301216,28.56024100000945,71.8531493931129
425.65911049066614,430.72048523899235,28.911606980319384,72.69855476084726
429.74170955064034,431.0811891509924,28.95615712849839,73.32191736836576
430.0076167006483,432.6513763938824,29.51355166980629,74.05812407460232
434.12752405914443,433.7228599983304,29.937781333001983,75.27181055604444
433.2449710353327,433.14855518888584,30.252934897448316,76.32209224019161
433.08462462922813,430.76798074781107,30.424110247999916,77.62655033407219
432.94257667421084,429.91027745271884,30.37201203023639,79.09547921603607
436.84008337903,429.38876194104887,30.791695504753434,81.02296216513054
436.4570536458024,428.1842961139635,31.078960813703645,82.45653050514959
437.3070577570845,425.97098407054136,31.214600174147158,83.66860838838062
439.50513874154626,421.0381966678409,30.863794478874752,83.42459170971162
441.2659951064087,421.85456760491985,31.167086088368023,84.34632252041402
442.94478527561773,421.6853792770937,31.521093894252264,85.51941048931394
444.3758725563375,422.1995274137819,32.32179808456749,86.43929894456
445.34127555833396,421.6837759573241,33.02166906536159,86.365259555344
446.2112634509212,421.4345000428092,33.2888630036979,86.49875537627324
447.00056527057774,420.22886473674225,33.29595951868934,86.5874349220467
448.7730317198378,418.9773269268411,33.778460015555,86.39811723893152
449.1454886014111,419.52845273188495,34.02306125895056,86.43817970526743
450.2194964552342,419.8802117445204,34.72983671570249,85.84242309285551
450.9233585192905,419.20511661616047,35.06929698338006,85.60108374180251
452.59632487219784,417.7435089234275,35.06876008101689,85.05405233542886
453.1912112426125,416.05391433498716,34.97157051966141,84.9966773052325
454.2346094904403,415.47851280885516,34.89557939242939,85.11895238241414
455.5640454370408,415.70842449837903,34.630490591727046,83.84861419566525
457.19968011832367,414.6135413210147,34.102911958302585,84.27880720997803
457.44408845257226,411.84861053385515,33.45616823861884,84.88704221645654
458.5248866945303,409.87096032254254,32.73299491144093,85.62004807006622
460.38607560021916,408.1775947724221,32.54037960654828,86.39411280182262
461.73927047313293,407.1840715823372,32.78688454837336,87.4171508506936
461.77808796724764,404.8758700328147,33.079014782216476,87.63151823654282
461.40237326753044,404.5680064120354,33.269986832827385,87.01302688068924
461.8877923559206,403.0563391204544,33.250922835982465,86.8289802153771
462.1672532953559,403.059511630365,33.16351869879207,86.66659044415022
462.30075415715555,400.1856105207993,33.16970768216101,86.748932553571
462.9051513144477,399.6195571015623,32.92317105085381,86.6979760041742
463.59069699598047,398.69904789710995,33.12400401659238,86.51947198456632
464.7018626828996,397.37926319267166,33.62329987816663,86.51011942689016
465.93955355970957,396.2319864788177,34.534881492008935,86.33423032110497
467.86333719239036,396.6571028157582,35.078324987908324,86.55380493825481
467.70530144965943,393.7365999122837,35.95183675428452,86.95578629680918
468.6626802841465,393.19548358983326,36.05802987953028,87.56634730083708
468.8418263275341,391.1392573217962,36.26798993899925,87.68944570330524
470.6766834274414,390.9519631436878,36.14679988049621,87.38957090663658
471.34216166082064,388.21845827784915,35.368040274051154,86.95874633731896
471.7853504468686,388.37144607047134,34.691499661794055,86.419258648517
473.86526087036276,385.4287475663101,34.319556136049044,86.5461131191503
473.7386498803161,384.88457096778495,34.001483570015175,87.41149219462996
474.2100834970938,384.4305444606175,33.27464362608858,87.84517055705598
474.3412565470181,383.481641777883,33.1286004411576,88.29534194082028
475.3205684212968,381.9123577046818,33.31275222818361,88.84203095781287
476.9467245139181,380.9938179533348,33.4645776543301,89.60932260059022
477.3785007368163,380.3709860756661,33.70709799200396,89.66056780638999
478.4958199133213,379.07470037832906,33.937346065919556,89.62945860948085
479.32967266158306,378.2829882223355,34.27800286263948,90.09833435751067
480.4895427646849,377.2309691181222,34.405019496187904,90.5160181672099
481.45648609627625,375.9751041096101,34.80054267072805,91.13520904067184
482.5415674777106,372.68123814248713,34.99770330644952,91.17531877109076
484.35716753488487,371.06303902735357,34.58997364154856,91.38392049447621
486.9351740525334,369.2118681452143,34.251052548084985,91.43687656806576
489.56764923759107,366.65463825843807,33.654042317740185,91.01149755072457
491.46909192158904,363.9246089708357,33.38486051534172,89.82047647123572
494.0033585644216,361.3424697443802,33.37158121222053,89.58844411787237
495.73742594976807,360.0098875915327,33.233699565764766,89.14336581835799
497.1240359223745,358.08687792576876,32.963858488654814,88.57225277226131
498.18285845406155,357.88395261606,33.047026003482095,87.36251186564729
500.4861071525818,355.3971099563967,33.180396293666924,86.90792350714803
502.3751218187059,355.09561368332714,33.103305663048296,86.20295208596386
504.1024143710789,354.26018913743604,33.43980365576019,85.90549940467471
505.7181826341125,354.1797045124116,34.03507319811344,86.09342131443489
506.6839351906049,352.7911789376543,34.60210705607584,86.25501922069385
508.9149742222484,351.19397881201763,35.1687212382723,86.81466648315188
510.50026545869366,350.1891896005391,35.73223195462127,87.22013228098683
511.28935010188906,349.4492940547949,36.07862822189561,87.49184653779666
512.7526658003086,348.36016220092836,36.48630473406834,87.8803186615148
513.8050176401734,346.88222717588684,36.484598118929156,87.98477975316277
515.1736449613334,345.1130967708629,36.54286640484723,88.04657653008385
517.2227913710082,343.50194714851597,36.29925674627948,88.20714038316088
518.8794504044987,341.8241408042383,35.97080458315291,87.92846452229303
520.5146062447814,341.62619292829504,35.52176360685681,87.6210247505742
521.2893891648635,339.9621708918278,34.95953213730576,87.16197423046064
523.7451156965983,337.87507603623783,34.57986027043026,86.1937469876
525.2771074573158,337.16058239112016,34.13236878200029,85.08182880221884
527.644038064731,336.23341367695883,33.869818182709196,84.40018910537363
527.1023352432112,337.5626588250501,33.559780002888076,83.80001742415082
528.6112652157797,336.3016072416757,33.483458868481186,84.30783764908138
530.2737134574223,334.6355810993547,33.6944017044249,84.8943524142685
530.2287775248673,334.12777999277336,33.567405139159135,85.39290829507179
530.7931083075305,333.9809268444724,33.35545186440948,86.2847190686025
532.2963598424049,332.8528926077002,33.097830849943506,86.62577589778343
533.8813574544051,331.82750750798,32.81542293482649,87.06545186085002
534.0751471474309,331.58449697409594,32.7836693603994,87.47477648059001
535.4328859167748,331.3942294845208,32.67722945942237,87.9338291872941
535.4414983198699,330.5635096273059,32.71690217797642,88.27027111901666
537.3768942747179,328.96847497129664,32.73125044886823,88.43104307919805
537.5542786552481,327.7456487263273,32.72798169233755,88.517339642623
537.9631870637239,326.24136223652613,32.76222352444918,88.63656816841379
539.3901529461682,325.25241804027877,32.78926462180419,88.53896227151033
539.6456401712744,324.34171817011037,32.71188505408007,88.10516210263685
539.1063962717255,323.5137097983474,32.51784992684725,87.62113320330998
540.5982999015705,322.11620994864876,32.36413891196928,86.8549921270268
541.4411134962705,321.5061252017757,32.10564707088937,86.13579957167012
541.4805032192147,320.41233299319845,31.859805536153868,85.2539896387727
541.4682736859872,319.7482604177983,31.779354467339587,84.54498059188023
542.5517761043176,319.62419577908804,31.757892013872777,83.85029611521891
543.5741763853259,319.5247874473524,31.901524622174755,83.72604767658976
543.1766896507593,321.05533642443197,31.843830759612505,84.28660923971896
543.4348142281134,320.6235971357849,31.9415411557618,84.91518699973803
544.5920936178848,320.4172839418254,32.08001367771759,85.9797239310988
545.1360860660615,320.1448362085461,31.85790205855136,86.49500073580671
544.8762893313681,320.075919818422,31.773422599509466,86.8503670448597
545.6714897889248,319.0734823453396,31.7772494752288,87.1956888208203
545.663367533129,318.53657730692635,31.704579428528913,87.83306227431197
546.0979964035827,318.1316532749431,31.623478852671894,87.91073802792604
547.600818490685,317.2965384736095,31.639155021484953,88.34896227285104
548.091891018878,316.69573076425274,31.71348024002427,88.50029032565115
548.5793051593596,316.02218175872224,31.789509503006276,88.45320660834915
547.8978789941663,314.8557003487606,31.9106955164068,88.00900115434666
547.6117746466898,314.0618763630284,32.07531143792214,86.90683145880357
548.7214842660476,312.3359885534498,32.065539854693725,85.73487927949883
548.3982196264949,312.9799526271739,32.010330537836595,84.43851543196197
549.1633056708123,312.20539262557173,32.042009235410845,83.85523659140097
549.0819036149888,312.4370139200089,31.959153116540385,83.00522446936935
548.8842841657811,312.7935733911046,32.00301503441274,82.6756625189935
548.787442171625,313.32611650340715,32.160662080570795,82.96773018690543
549.1756473098874,313.39130000513796,32.47074827640479,84.02844947571072
549.9664907432783,312.8603036110353,32.70254226365734,84.72726460678857
548.9539870558394,312.52923173859193,32.699453201080885,85.44399578292732
549.009805850872,310.9605743135849,32.67460751379629,86.35563910317146
548.9849016769238,310.89189194649106,32.72851216343089,86.93727248121523
548.9025307371966,310.75691392234756,32.77607242884399,87.59866427188042
549.4091268651943,308.8537296927281,32.76715430271601,87.73739848238586
548.9544963857657,308.5358268196825,32.85615652496294,87.59691828210798
549.562167765942,308.37154081455094,32.99955135253884,88.0333381245143
547.9564466356744,307.9746111521764,33.00711068041121,88.3239125180805
549.6720248850856,306.80789731517166,33.08746073905332,88.46158661771871
548.7789526579976,306.0028974847481,33.2076434508284,87.32321491587973
549.2245416830416,305.75352377346684,33.371308230444605,85.81334469890051
548.5820268838867,304.2661158846164,33.112204284786266,84.02741304389274
547.791544010993,304.6230216970339,33.06333418653357,82.34162621172896
547.9845382117685,305.11346217863235,33.1432447160092,81.14309970769855
547.2929818977643,305.25064465059296,32.82257538162266,80.48424904218919
547.4072424847972,305.5103655101749,32.75831200217569,80.5985247407423
547.418437950449,305.4844771084139,32.75110780257566,80.61729030524228
547.1790542185216,305.9248657852861,32.58385962235689,81.29005711520179
547.5154851586407,304.6110221388317,32.46256559461594,82.00195551917929
546.66766915407,305.80573303111186,32.015304289395445,82.80017225581342
547.3278766794008,305.48947944458484,31.716384700197878,83.62215956967272
547.1084702568106,305.23280090166276,31.57834331640487,84.04861792631178
547.9652591501165,304.4944599576729,31.697585468452857,84.61398169095088
547.5902248419318,304.79809545648527,31.70762922014871,85.00004796692386
547.7457816768168,304.546083991325,31.725906761649792,85.45371753781328
547.6755907861422,302.8928413615583,31.794337861491634,85.69037285655091
547.7173438842319,302.60565288460657,31.950222217356092,86.07033595478242
547.4483333196268,302.1570966936656,31.942261343354154,86.44575975615138
546.3803812769544,301.4998379462098,31.921063320697336,86.31970987683343
546.2549855047921,300.6322217399909,31.981692191429346,85.80730167953021
546.714780900063,299.26290725187715,32.18516436914153,84.5756080468099
545.8438249550472,299.3071036056822,32.30443386129255,83.18991809989626
546.0840550102027,299.3269164996301,32.483066654118716,82.1849339354974
546.1737543918184,300.3849489238527,32.3746000482251,81.76998541052333
545.0494494760826,300.6252602105011,32.2232107380037,81.7296078397346
545.4077614257865,300.765621790027,32.264306116931465,82.53496725838815
544.9358762807736,300.2180558138568,32.26576655054231,82.93658170460601
544.5267722937957,301.12521578357723,32.161508306026654,83.91598534838654
545.7090705840719,299.6823147082264,32.52156663842294,85.2611601387443
544.8257563606643,299.54877772694726,32.76191611261251,86.19250313139678
543.9751437263985,299.4166404115732,33.00408261954734,86.80991486784816
543.9176632507188,299.6400067371135,33.174713824839316,87.32632508862437
543.0897021576376,297.9040741423652,33.492384897110114,87.96466748149008
543.4356520809131,297.48987195544277,33.512042200446174,87.83564649942366
542.8355892958893,297.0810345597959,33.50597789965934,87.83951439927598
542.1142582722787,295.1408975105902,33.62580497831367,88.00902242064585
542.816436082654,294.84290962647134,33.66205642848583,87.52396770086932
542.2681763126495,294.3052948964202,33.73139768098875,86.72466934896751
541.9650270950618,294.1592347284959,33.61014566917697,85.52972353510452
541.7156054523483,293.6164992633808,33.722301556647125,83.83805384796415
541.9230777320533,293.11774886774646,33.534756644472964,82.29846362246339
542.1701326208386,293.7404596615564,33.189336479648794,80.96912032667692
542.2670923512834,294.2710918164162,32.979114913719826,80.40587535461142
541.489181393438,295.02421072850444,32.661875053249375,80.25895197211578
542.2760401995242,294.2741169926065,32.48294499104938,80.49864604619903
541.7469389025345,293.75013541044825,32.21860515605856,80.89916418745563
542.5998449015036,293.80533006915545,31.799520705765772,82.07553353131141
543.1658490740458,293.95741968448965,31.67500454532052,82.58607570614919
541.721181503976,293.46793421364265,31.673995304127708,82.89632342224955
542.9516029129524,293.98271397090514,31.295152503341054,83.99082358484863
543.2520745342687,293.03681463157636,31.018947435385368,84.45605745084598
543.5271159299328,291.7168180844162,30.81469278979947,85.18213121552297
542.9851158689578,291.7179820361885,30.80581158984249,85.15616828032294
543.9064463658012,290.90964766461946,31.058373784555855,85.36399171801821
543.7022596423652,290.91729005773936,31.323581523839707,85.29849250704908
543.5768203970456,290.1941519277746,31.423379361407527,85.18629374943103
543.5061067497685,289.65717149334347,31.482017652112745,84.18692969954637
544.6219836632696,287.7955088260656,31.906479015997895,82.85592277778491
543.5093515196799,288.0915936505452,31.949584594605007,81.3690272696606
544.0686016898032,288.2842953232407,32.17322397527512,80.34211486817816
543.6044772277082,288.1883246348493,32.00236360743466,79.8446244584238
543.3961426276259,289.427441741793,31.92350118900443,79.61229683595182
543.5996998768653,289.90319104528106,32.092234077839194,80.04928544878626
543.7163619283144,290.3477758561211,32.13607720578564,80.97892998554588
544.420113716817,290.4637952785107,32.2031889642449,82.16348874551812
544.553436928938,289.9506549158919,32.42000964205354,83.50270264751171
544.5229267783631,289.7840806832696,32.56814701167312,84.72064814940398
544.5399855509656,288.8567470276263,32.90677936132525,85.72971199465674
543.7180859446771,288.40397582859373,33.38265154715382,86.17922700414925
543.0457555275125,287.98069126039525,33.67057221672633,86.2300639404005
542.6797532948063,287.2503938735917,34.030596074628875,86.1961177842132
541.697758943738,288.0717300220979,34.004973627931406,86.15849199789731
540.9421611013637,287.7196929695934,33.878425124371184,86.31133841411689
540.7473564100662,285.87173761304564,33.746050227810365,85.79123712617485
540.2724612562479,285.3645881079576,33.6955731490107,84.30017338725105
539.9552410606095,285.1345879308271,33.62897464324979,82.80136734598152
539.1390629896606,285.1606483240939,33.60218817173679,81.0849696019359
540.4301849894005,285.9908994090675,33.40446851765504,80.09783493229392
540.1948076264435,286.9695575170797,33.12525572810013,79.30007760851957
539.5431365705932,287.0092785939644,32.99442628237444,79.16266804525861
539.1777333887018,288.37851556359834,32.653053686310884,79.68309951675732
539.5604131283109,287.31393206748027,32.4898320707287,80.21256772702638
539.7520497092185,288.64359404784574,32.02349713185821,80.88883222149558
540.0887692166528,288.7920399929636,31.66934038050676,81.54755275229557
540.8484713547068,288.65331007731686,31.175581122022816,82.31886260614357
540.2767931124295,289.57781857975135,30.92115814185587,82.83403212661943
540.9923433836369,289.39652296996866,30.770855319396397,83.51399152574447
541.3308043552504,288.2059929754092,30.863132270670185,83.9151056168074
541.2884490564609,287.2274022200559,30.90721831677407,84.04147097780233
540.9333224078517,287.4355912184241,30.871137240041417,84.04017501851474
542.0511694694254,287.2399536458051,31.116532947292598,84.38318947869641
540.9867284448844,286.2886507232671,31.344573760260005,84.43858789674752
540.8810386406141,286.00833042767067,31.417431861418358,83.854872475596
541.5824347007023,285.6588400767571,31.63155186778307,82.93792345463727
540.8353007333061,284.885845936232,31.802365184121527,81.51673815933249
540.8341855230117,285.8501206596463,32.121334031395634,80.12632412185907
540.9705401227419,287.1411990522855,32.19117075850604,79.45642095482097
540.333840389697,286.9803204580465,32.132733762575086,79.037027942932
539.9702875934715,288.3027780184965,32.28270844129145,79.73325261542794
540.2390736493752,289.11902469105877,32.73531264956016,80.82664728414315
540.0464701913872,287.7739030916396,32.96199064154775,81.5083581972912
539.2751561367108,287.605586829946,33.19491730818197,82.5814490818273
540.6769937133614,288.7057329307592,33.45102585200922,83.93602080994935
540.0883991417668,287.77445971700155,33.986177961163776,84.89710355004476
538.4776063149409,287.71620597283606,34.409920396965894,85.76069756333908
538.1269327085049,287.2034833720239,34.44218627953836,86.13953202811655
538.0029442863992,287.3714805510233,34.51223777546812,86.47300225828302
537.8449003959184,286.7408023208406,34.484068708332735,87.07299648787065
536.9001376401292,286.58324151689226,34.58734648965614,87.24139013148536
536.2614791165526,286.3726039946211,34.44506758000694,86.20046811067421
536.1564842090734,286.33319430391157,34.29822658942531,84.68130770808153
535.8149249571286,286.51564900403065,34.25582305199385,83.04470424370295
535.6352622174512,287.1142172676191,34.067892776877834,81.54885152904899
535.5004700142916,288.76286143619063,33.85684878215602,80.53616726447669
535.4255917792551,288.7379871040168,33.91752523144373,80.385988479598
535.2902965120335,289.00215032293113,33.70896067245546,80.57828237591772
534.7889692330904,289.98420325132133,33.40729930569722,80.73144651196576
534.3337431669468,290.285472491819,33.262472421489655,81.25760459183002
534.3120586389916,290.5796387100182,33.26110250297786,82.1124434181728
533.6866561154359,290.9440873557476,33.35055026649708,82.83974112354765
534.2771663806217,291.22416737655794,33.41199988135089,83.69233216053269
533.96893249782,290.8107555658296,33.499786666748896,84.60876488340412
532.8677945255099,291.7276402244768,33.50024652936824,85.09488320420182
533.3837109593248,291.01262703195385,33.69526035668464,86.06579578276146
532.6854098129199,289.59215333730845,33.869871706539456,86.35359776342193
532.0389562348737,290.06702264432596,34.110200651801364,86.19557828800923
532.989577950703,290.36247745482524,34.32636287314237,86.3233272334855
532.1389427992133,290.18437780650527,34.325102553639596,85.35189708314215
532.5719101254494,289.2988222626219,34.350783291945035,84.30705229360484
532.7490580208749,288.5226289083683,34.47534418387141,82.64473234279504
532.0437190813236,288.82421218988924,34.62749752588742,81.15691006571811
531.7158588761288,289.47040424378616,34.53608724427204,80.55744133792525
532.0826882188749,290.42671195919695,34.52851219506379,80.13766870056836
532.0381321158521,291.66827901931254,34.40008768345582,79.84868574343842
532.939934975969,292.64306306960987,34.099168582980795,80.50874655863053
532.4182042523074,293.83135027482064,33.99269251981349,80.94428519485511
532.429035944428,293.87379500003067,33.944148860114275,81.9294898530165
532.1064785924686,294.30649491870207,34.093816524428874,83.08433580615534
532.5651702631851,293.2628139909144,34.18984482411673,84.14447645888032
531.5634929025996,293.3068818966403,34.32956555499994,85.01080311605271
532.0204136350561,292.45453069474956,34.412571838843355,84.87451140018996
531.3808523471974,291.6114689931146,34.139219677393456,84.74206621615667
530.5635287263417,291.75231868244697,34.05164804798813,85.19140057991977
529.7664348200511,290.8475742550116,33.977428062755926,85.96433032987116
530.05388196242,288.938213653419,33.80621398336353,85.5188050692807
530.8316334822584,287.3615873121609,33.61474118565269,84.59718478121583
530.2832011427552,286.72709010575323,33.79091646064864,83.22265907722509
530.5429664265105,287.0673805927616,33.76725597670839,82.02448311009391
530.4946774851973,287.01092702997084,33.44078083313548,81.55938033224452
530.4067246151195,289.12498712660533,33.25148059990413,81.23788755558618
530.975744329104,288.3119628205341,33.18086689977935,81.46208558655947
530.557817523704,289.9532280816626,32.984888053990844,81.61300290213214
531.1981914193824,289.28193535298203,33.18260629656945,82.12254472460171
530.8654973404572,290.47564438424433,33.22434902957707,82.46334521752763
531.7636185121415,289.36491622963655,33.32681991729514,83.3799434382498
531.7227013386814,289.4146280390071,33.31930342227589,83.87489846969723
532.3417862928445,289.40782006055775,33.23018184234944,84.52717372501579
532.9338055184876,288.2649473238684,33.02576366894486,84.73588353288244
532.308329882571,288.61339252280214,32.94568922113538,84.58131368450302
532.9254935401204,287.1927977716753,32.89089908312225,85.14668078570993
533.1342315971899,287.23852556665514,32.81553252994981,85.30015459881693
532.8873786959113,287.1363675216619,32.96358554362965,85.58372611324334
533.4009682176792,285.77177921699007,33.29831147884592,85.33353475116671
533.0932427264215,284.8918618631828,33.342408072170684,83.96936843262768
533.5258792752873,284.3647945072444,33.43398848338846,82.55503733945066
533.5365475660301,284.70752249776785,33.52399807965968,81.32701780077898
534.3407656333005,284.5091989250104,33.57568410126182,80.76341498587138
535.0415958301113,284.90182206633915,33.645120104086594,80.15816519369235
535.803321191634,286.1279661131095,33.83502170361964,80.42779449097512
535.7832596780379,285.8902872531639,33.82059166908807,81.01207458809509
536.205626604705,286.00023931954354,33.799765012275564,82.13590615022102
536.7967791734773,284.99802784501424,34.041694026571456,83.47284171639076
537.2829036390053,285.49002868202,34.299103222346254,84.4689202893046
537.2490018116736,285.2807700603611,34.440759878008286,85.79783601589884
537.5691457369262,284.30444815372346,34.67247945710279,85.82816447005851
537.8867338204315,283.7257867761418,34.71265604230098,85.38632524268556
537.8660423388399,284.15748973704405,34.56809096142253,85.56563248616416
538.2093039485519,282.8866003176785,34.359608496793456,85.41500276318882
537.6168274508872,283.51633842122465,34.581939326443035,85.98760525139363
538.3196474417526,281.6078930439918,34.23876739662245,85.64191646942143
539.3186031649395,280.8015485923923,34.13488032234953,84.51924427337723
539.8361183264714,279.81398760952777,33.92509514126891,83.27753717759815
540.3999925632822,280.1859689440015,33.31258495271193,82.10805656216898
540.8415306496818,280.3120305237306,32.794928912788194,81.2837769138154
541.2080119402485,281.5929337697664,32.2596002835571,81.03095112509763
542.1550463507813,280.74360504688445,31.957171696485133,81.15429226093264
543.4445141642491,281.77031268871514,31.559855236877386,81.83348839504164
544.6306148221896,281.8031958207734,31.116257808554295,82.31060558667843
545.1227779064118,282.3492004806661,31.063483215770788,83.0477320424591
546.0195308571965,281.9988397887344,31.071261388984553,84.29524480100592
547.1231489435273,281.5758068130623,30.947015624266697,85.29510945172915
547.5882743378924,281.2186287346591,30.893248991191445,85.80964994782036
548.1290652233879,279.9290076998989,30.913173334206416,86.10322602841876
548.6974372354405,280.29437136737965,30.72130276228779,85.99690681933457
549.5729845695247,280.0656729570075,30.536116526126403,86.02888132924964
550.8688330102437,279.08147221766507,30.32273795447204,85.79683119546205
551.3203738458133,278.4342475025696,30.272562808468095,84.11607401211235
552.0639380891256,278.5955798695835,30.006275968037855,83.18384264915152
552.568399135966,278.040337661586,29.74456878772522,82.26967577616026
553.310218714187,277.49552329956805,29.698203848888873,81.62489576396729
553.8104581000014,278.70933479789204,29.63581254063922,80.82186829019983
554.1061903172135,279.0903521804013,29.66354839546431,80.79271864748063
555.0771203066316,279.24179263597296,29.54184665980734,81.14711222097164
555.9224916965212,278.6659249607133,29.496319987396603,81.7148191486584
556.7519136298164,279.1158207363044,29.585206375933275,82.42169189744115
557.2329374446266,278.61875605700993,29.687579923223105,83.23988394616896
557.5085041083382,279.3169575418358,29.741736591470268,83.86832705348255
558.7986711827208,279.3725316862866,29.78781721855343,84.47233734631462
558.2250135533276,279.29899800997237,29.92565092807686,85.34022262248885
559.3093509891662,278.37738978979115,29.956213164630327,86.04835407616459
559.0766509172373,278.38179831348907,30.183628800212066,86.6786354942115
559.0988267176734,277.82722156064006,30.108616555166314,87.04421098315154
559.5741562475524,276.99838435569944,30.10916495438129,87.4638197926375
559.941650523093,276.4527603023746,30.16453143002197,88.1068390632276
560.3602518885466,274.71868974155296,30.23482348251639,87.96525137169955
560.5577938420189,273.0669496963164,30.348740592188598,87.1751164070885
560.3549914761154,273.35263485603207,30.271227326349106,86.83289249371154
561.2146323364991,272.14332324330957,30.336895861929484,85.60197314904246
561.2096906310582,273.83430720295837,30.327527337627412,85.11406107309816
561.6448789492342,273.696229144528,30.511497501125643,84.51379240053015
561.5969102565282,273.7889767421627,30.64952586501123,83.76824653892854
562.956326246023,274.8344318915156,30.3867900583543,83.75189163725645
563.449617818816,274.97388123375896,30.123259652865386,83.88509580106113
563.7730980467325,276.5615767399096,30.157136530234755,85.02298537118784
564.2966727132304,275.6276011294302,30.061188755352077,86.03587434582387
564.8807417236264,275.9288678655856,29.74025345281775,86.2962523959017
565.3416014406208,276.4282769892904,29.624730350806978,86.85247736901204
565.5345510754787,276.82360501440576,29.39332107514008,86.24813870302427
565.6251037307949,276.4277041591906,28.860959781393646,87.31352129242764
564.9911295995951,275.0086253351586,28.659216171196384,86.79239668531888
565.3013329606689,275.6069310390013,28.60823193249307,86.00960402443872
565.9991182512334,275.356858987973,28.417897547881864,86.16248690627856
567.5972244653664,272.9576415636671,28.14438337896967,85.49065064435565
567.6809509500991,270.14872211602074,27.697326421572015,84.91994812729487
567.9410612077326,270.83449367519137,27.604341777858433,84.72400875632152
569.0080574278143,266.49952286093554,27.61795332634249,84.4839600741642
569.6997043435563,268.7004962333403,27.581557096939832,84.40364809879442
570.2219649234046,273.57484317964025,27.55929624550887,84.12210870906308
569.5835863705734,274.6549504790235,27.53015063167371,84.73377545223086
570.4432349425102,274.99719140977214,27.472373253653867,84.70736940021229
571.2453748966632,276.1433138042782,27.499030206386152,84.53950782233609
571.1909879871057,278.6044837699136,27.563586342126296,84.55714553693923
570.600957305448,278.57885183357075,27.524224411374227,84.6250558264828
571.4445138547666,279.4041346822554,27.489713270058296,84.76649125731026
570.844422727335,279.19004030309327,27.496014251651783,84.70935876209633
571.106755253466,279.54052175731135,27.523463745688876,84.68735349478493
570.8642308858974,278.1055410245674,27.593436612457644,84.53857812097841
578.0418123096058,273.01850636790977,28.437805320216746,83.65309619528004
578.2290617004265,273.75434088928915,29.162846652978004,82.89439174688536
578.6808397405812,273.1532658189742,29.848946329619068,82.49324346184088
578.2864596330444,272.81454582063714,30.229530837829266,82.11719568080501
579.731149936508,271.41375455847447,30.450900429266216,81.8462898971775
580.2976025066142,272.0147688810703,30.62993989297394,81.63401634603711
580.6554949350469,271.76339867146714,30.735749393598947,81.5634220117301
580.4396928203223,271.4767774029002,30.857582085267588,81.42970941399537
581.6722587039098,272.8550336026257,31.058385834449865,81.22500680229459
582.245865361552,273.1266616285341,31.15381468339598,81.1181800126391
581.2318232417094,272.81447288061383,31.170786948364867,81.1512422390094
582.1828797786119,273.85774881841996,31.384569861116994,81.09052897690725
582.9760299029015,274.25123456118706,31.613916022526094,80.97220883376514
582.2628785145491,271.94278107204127,31.536103217718328,80.77186317610087
582.0817704932994,273.62448317434774,31.382386283018338,80.9636571640843
585.9657425079068,270.3929601880913,31.747373009418567,80.24635235611017
584.0817730372979,272.69907293272365,32.06223630328236,79.34787079194012
582.683807891118,272.80422520380307,32.11443557376099,78.96980498354965
585.7733467772309,273.4769858627176,32.24583219728717,78.38734775215795
584.4689588109405,273.1966550180763,31.68593413771091,79.34262357169908
586.0638354504401,272.0135104828981,31.109747495750934,79.62525180106725
586.8540198928996,270.98511185342005,30.651015835983095,79.37433245197586
587.9978669765894,270.50748405289227,30.407625562646444,79.43536245564982
588.7834044136201,269.8054062323364,30.304473614534096,80.6561146196889
589.7022366736475,269.542166544691,30.245460212757997,81.44827651346193
589.4663241215198,269.4633525802876,30.288521033356037,82.70138106961855
595.05293169396,268.62674776599874,31.40153025371015,82.9282963904875
593.5881266858491,268.4865641106453,31.463198413547694,84.0088335267483
593.4620793388424,267.6634752084578,31.441144553951318,84.23700562624353
594.0675383162517,265.5971421382575,31.37774618760314,84.16128486860333
594.7438414508568,266.5403063413372,31.566562166279553,83.40650427109105
595.6529153824363,267.73045016967745,31.538287426289553,82.91198860423302
597.084583389176,267.39907635233135,31.548978426588697,83.12699759146429
598.4868281941061,267.56766741375804,31.714754682054455,82.81262538944338
598.4307310613568,269.3394423044986,31.886988996808025,82.84837839574296
599.3530183380502,264.47618418827756,31.852574722695113,82.55313368763339
599.5822150172835,266.8622199066267,31.922388070275588,83.11763918956419
600.0730199501176,262.82250351752225,31.859850117373067,81.74559300964327
600.1565547915288,264.7720942542454,31.795945830108437,82.08956224725651
601.1692132370415,263.84518135646493,31.890131483486208,82.19331234491861
601.8075932562567,264.1007414919912,31.854454113360134,83.16564010243053
603.15768287808,263.4703697134851,32.649470496926114,84.58646439035768
602.9578618443635,262.23272925413875,33.113499848578314,84.71944727819721
603.6324081019214,261.34865957915554,33.16067772778784,85.57645012017561
604.5564300823698,260.5294068339478,33.46352220988409,86.2045005982696
604.7297900415048,260.3507171337092,33.591600881559145,86.57197594244363
605.1827740592717,259.92602610292283,33.8782190295733,86.76875032464935
605.7710509133827,258.81780603808653,34.087346831322655,86.63909226973631
607.2142332532449,257.3462522867351,34.01515132007072,86.34539552553674
607.2928856842576,258.11734001549655,34.079644356457045,86.1988394604088
608.5341485029364,258.6625008349632,34.0325506763443,86.50451916043427
610.3870406517163,257.5533807572511,33.784778244400194,86.45599968184055
611.4381267995641,257.7878119751869,33.83297916914863,86.99409167750278
611.4662835852682,257.4237126679407,33.86665507364625,86.93255688211352
611.8040856014636,256.12707316581526,33.93537059939888,86.27083124197057
612.9467414260663,255.43305489143484,33.81157442451298,85.6867841029491
613.9516748465314,253.6959414786554,33.723221141016985,84.10764569794767
614.1949319356105,254.1210277123184,33.42099623945875,82.71374118354066
615.615112305753,253.5710481156288,33.096448373014056,81.72162288325227
615.5658286837592,254.12970674438196,32.66262001572919,80.82220996994707
616.7892424715697,253.4459766260637,32.233173869780344,79.83123600629672
617.630512796028,254.93975590673904,32.172179608536084,79.97035805751014
619.1204858941418,254.9626645448846,32.12091740850914,79.71787599547625
619.5929920139727,254.67911242742545,32.27056187470362,79.86232914811721
620.1744388461545,255.0966124481509,32.50760190613311,80.42077090296912
620.4989819024848,254.52001887524952,32.84620856681454,80.56233931536583
620.6473430838557,253.95739824632187,33.24265615551166,80.88359760012237
621.3626077045066,253.60743097317277,33.49699048156237,81.61830629711994
621.543228241594,252.64684689738854,33.82884181318352,82.26330312205113
622.9690910640392,251.45889956537766,34.023127616199616,82.64619262955587
623.6370517877523,251.12066333277681,33.93579055846001,82.7743014687543
623.6335181305683,250.5716808018757,33.77594460187777,82.22525155500874
624.3665153209546,249.97824092994495,33.58980034641795,81.76902185806668
624.9776140602203,249.67802103936066,33.36776582698537,81.96988548190384
624.7970795312605,248.78573510795647,33.28711442901991,81.23907910794155
625.1921898826082,249.06832189492994,33.01181634519056,80.31534771367448
625.4792560982949,247.73975113865393,32.59481473635652,79.07128654754608
625.8196387664791,248.0293778207724,32.08309869279085,77.86387032243879
626.0414673574356,248.30791565541514,31.545568889222302,77.26349371901738
626.8914879247548,248.860709031912,31.021041498938406,77.53036792736553
627.3335959355331,248.6960241497448,30.665078734656156,77.62384199839775
627.6588718357882,248.9328179509332,30.55011245679769,78.01995780807694
628.2841189402412,249.73570750722556,30.29167372360351,78.99606212597321
628.8404896741478,249.21537467268823,30.090969270751607,79.61010230485927
629.5626715792864,248.09277266957884,29.945288746187636,80.1165199713182
630.5107163080809,247.76687954095146,29.89656240295552,80.4420320720025
631.290938452359,248.07824649500697,29.950526488232104,80.88773347520898
631.1511583615355,248.06388328575036,30.180705823557354,80.89644691898312
631.9829944765216,247.46976918501255,30.614631431033338,81.5102864972211
633.1549043997163,246.72124061444129,30.995332744769726,81.41044007581789
633.8277524971214,246.6790262985267,31.383497638712136,80.97280569075551
634.4598021743647,245.68174460756865,31.58709125545535,80.43975543284012
635.3433583525821,245.2808809950759,31.719712203997865,79.11529104176722
635.5253711336211,244.8534393719068,31.841954476821645,77.85596702034425
635.9299752201803,245.168697369607,31.94219969573205,76.94908720510628
636.5077820233439,244.99825362026397,31.846929116519817,76.05235852241871
637.5970434016252,245.31072562187705,31.62373053293073,75.85250960052193
638.3263023500024,245.54492221866437,31.41935289401183,76.25755905678857
638.8627715669078,246.20709643147143,31.436410321254424,77.1152486999458
639.4908270778258,246.4465417389358,31.68412579840389,77.81765359912384
639.8527498810754,246.16347957897588,31.915608119970734,78.37286800500459
640.4156916319457,246.20207357062725,32.321181327138326,78.89957628196338
640.4581384349269,246.68833551840544,32.597723819989874,79.73406911671555
641.0542638095416,245.7151645574903,32.83359714092805,80.18277174010677
641.5045012410872,246.30242030923432,32.967224240880114,80.57575796687391
641.9399241605262,244.73694814827118,33.138015226609866,80.74423533361522
641.6707497185411,245.2092116056118,33.14537172185479,81.04431920537192
642.2303139933094,244.8495547674194,33.095705233246505,81.15123717796422
643.1519735929058,244.5965065323927,33.10322469524749,81.54039034079666
642.6481147788239,244.47394995252822,33.05706830760333,81.25908552986827
642.6468205460419,243.41778462113467,32.62502032931398,80.35623632014257
643.297015064216,242.21625148483852,32.112176914360745,78.8267123465343
644.2870391678322,241.64157791020057,31.726958862501014,77.79789906680934
644.5427902823048,242.81155550422574,31.350145979511623,76.47089763699873
644.5265915237684,243.06789458591498,31.23964377472356,75.73482361938555
644.4474337327173,244.42627020508988,31.020920371335016,75.7074384832544
646.8126232411292,243.7728319020254,30.570929709766126,76.61231242696311
646.8215350679117,244.31641756493335,30.525439101877765,77.29505274799014
646.6300869338913,245.22527427386348,30.24474869379767,77.98714643996267
647.1051227543418,245.60302554526461,29.834144804876598,78.59795640097506
647.9697590984816,245.5999606670923,29.82603002503651,79.08992680573245
649.0956298027951,244.95617051298188,29.797130594482624,79.46564575388018
650.0907234720295,245.17200904203827,30.03290970956625,79.73420161879827
649.6100578529973,244.12086902856086,30.300623722937267,79.98336406057086
650.4159998943381,243.42171184856878,30.228600246449187,80.18650313044729
650.5408077930194,242.97269892004482,30.319265428958182,79.99654025324992
651.4989842271214,242.46077148600756,30.74572962885438,79.79569204782285
652.6560856888959,241.3494256592885,30.997139021436883,79.18579169076294
653.2493264979612,240.6137558884224,30.97936918480816,78.49245957302553
654.0952249419911,240.9526834858252,30.923334511408868,77.53538296270023
654.816874155464,241.71361314968357,30.8375771687526,77.03757875831265
654.9668525480421,242.26240416593436,30.82665895233169,76.99244881321343
655.4988179327496,242.92255184581944,30.87807211125378,77.48241827926412
655.991930429048,242.38846354109248,31.056448087017753,78.02510979035611
656.1743618246804,242.94491299255003,31.386550956324903,78.60690755225117
656.6945282140077,242.43802610043065,31.378367015713533,79.28332441147927
657.0199355833666,241.69570607544063,31.466917616274863,79.76420734228051
657.2359557875083,241.72611297666612,31.707056370493973,80.44806858007459
658.1184107495784,241.63128111259763,31.75902464593102,80.84498415500188
659.1402878322853,241.14950383116246,31.783713302019997,81.15110210860404
659.013452536058,241.11964455247468,31.743866483719238,81.24642424883864
658.9867233185644,241.21073390410615,31.74027738024742,81.59922000140917
659.7102331070798,240.13936422144786,31.455112189545996,81.85012427322748
659.1854735464536,239.44397741244,31.459517389632918,82.00243484707661
660.1514727523023,240.05370704129047,31.3799043796614,81.95682564888497
660.55470205599,239.1676574428801,31.107239877339076,81.68604597951004
660.5911237285784,237.79179002862566,30.922457616015485,80.76891798834728
660.7695542707673,237.1931740285372,30.629938285358804,79.5648154643696
661.8103844605033,237.0647649424889,30.414187839930662,78.21295362662426
662.4575251852715,237.32349504400125,30.083247447694923,77.24292492236548
663.0484266342543,237.86388435506694,29.858135993649427,76.72284784928732
663.161993635539,239.33233935958958,29.639869405748257,76.59286337544404
664.1245141151832,239.20525395587637,29.259663775515698,77.54000439914473
663.8178422776314,239.00552991308024,29.375100795546224,78.08499994922695
663.5921372158443,239.28103261933373,29.317676974322634,78.71847091229978
663.2474055089915,239.8237597336059,29.268183817403102,79.31367657393032
662.6603348592851,239.82616026739265,29.450216473760946,80.00078261418687
662.156275099846,238.60964838318802,29.484548386876593,79.9977626432773
660.1969269397985,238.28844794795867,29.799897405488604,79.4959969249527
658.8757712557965,238.44962189698174,29.82857108771669,78.66445393756636
655.7921218295752,237.56098386578907,30.03821212613332,79.01281557219443
653.3889051225401,236.34616107458518,30.246898691143656,78.82777013554396
649.6188172228916,235.50594048632829,30.505606575859183,78.44148152804591
646.3794144321464,234.73714265951992,30.689238989167166,77.89782937511362
641.8386001806218,234.992862248693,31.036813880461068,77.26185458400543
638.2799567825363,234.24426818734904,31.224542399502113,76.7893203165185
633.6464007874791,234.44538681839038,31.37701510738979,76.34161874364077
628.2676013815435,235.06384150424424,31.333456921580286,76.19901596010592
623.6936162254608,235.1904829817828,31.410319369365922,76.06408980659828
618.2214077807092,235.19759131620228,31.407861640338716,76.45317041306411
613.328467039906,236.3118876368386,31.45217646392522,76.91321192897227
607.9892762719982,236.14943905388154,31.388030991684175,77.25078765754989
602.2186622535759,236.64183430080143,31.391024317835416,77.62829863255926
597.3906995984928,237.24407068089772,31.309186223155436,77.51762224478036
592.6463673697384,236.2390257613547,31.031994891479556,77.9197797546885
587.8420730850683,236.06516934603505,31.212809985172967,78.0825483877923
583.9054645740038,236.0919191177291,31.251193385323155,77.85036161465166
577.9109348566279,235.45756973893035,31.119996396124733,78.53457478179128
574.1410777110954,234.87482766480673,31.001615327387462,78.67385136377723
570.5694174205455,234.5242121368738,30.7183850433138,79.61445656550846
566.6608605121733,234.06075895003715,30.74881339329206,79.51069873363068
563.7530813454931,232.591910821389,30.541145465513473,78.86554191208477
560.1487073615159,231.51403770289016,30.307143456356116,77.68497704716903
557.0519946092772,231.2872735653109,30.487276171374088,76.78398464380737
554.2058041957725,230.96407781876133,30.786899105774935,75.95966669381411
551.8310057191034,232.23561699554602,30.685296909027706,75.59961083932924
549.0595639539413,232.1210415961289,30.651531727193838,75.52493876314061
547.6121806994892,232.02959066077977,30.12944814607109,76.11771248027631
545.6126987034918,231.9229015066429,29.884634386143205,77.35025141686884
544.715964973424,232.49394894129205,29.67044598728524,78.45733066561252
544.1760487995613,232.60153715540264,29.430929165279576,78.79452109015163
543.924735412918,233.29111028510653,29.2419049518947,79.00360305645185
543.8852327455695,232.22731563736698,29.060317676947662,79.45982542192301
543.89528696672,232.52596620898004,28.8260925272026,79.6060592012967
544.2298984420556,231.72235530114997,28.526587770539102,80.19118247569708
545.0727106332112,230.44009788245023,28.511367703222934,80.33509952142482
546.1434605815284,230.2911386839125,28.433371310387823,80.59796791005434
546.9920981845144,228.82552216012274,28.803768357070965,80.26486341796094
547.2790657612336,228.34948712782577,28.930520135242745,79.01742719974851
547.4649554768005,227.2743423109764,28.986046283294446,77.81779393801571
548.2580408409984,227.36708024139946,29.080323848584328,76.58795720108624
548.9127669598041,227.347506867991,28.99569365534565,75.77589132716798
549.8167140041932,228.20457688005592,29.25426375228215,75.30570488866282
550.000710628927,228.22394155844054,29.3736240959255,75.66338814290127
550.3526821102286,227.7241488039253,29.548586131624987,75.7663890815239
550.8604971622151,228.6990731647242,29.351598882342294,76.36519467778189
551.319115932916,228.423691925416,29.47964561218074,77.14250702021363
551.9862050090634,228.6662896425812,29.64623743268723,77.81484260890878
551.9297597447993,227.88743414603,29.791607295838084,78.23173262193913
552.7906917871153,228.38611093431038,29.775838668283043,78.66322623909633
553.1085717946509,227.32473872629146,29.861101139898636,78.6591686875133
553.6517505240449,227.48037085743476,29.801457529224535,78.84498042997029
554.0977638401741,226.82577486407837,29.678626095978778,79.40456747626862
554.9832581267214,226.45258888381503,29.482766078182284,79.5795145353099
555.4848309607045,225.86781607906087,29.25099398018139,80.17344968596736
555.6905345153427,225.8937095325147,28.91226046734664,80.25718232831032
556.3724991567303,224.10103235031858,28.757647676652134,79.3018343497155
556.6392294161813,223.52911468390886,29.236899159550852,77.86966183951732
557.2371646698421,224.20897048245328,29.35172132019028,76.36036466756315
557.7736905599565,224.9890102532667,29.375736300024425,75.22408025976537
558.8250649978696,224.46311071697085,29.2255040991938,74.82485015087673
559.1599557527387,225.7179913289076,28.956106240712167,74.83805817291389
559.3424899943626,226.60344957126054,28.886891461678424,75.65332189832151
560.1749729529022,226.371872114602,28.818879175046728,76.52641875313824
560.6040368021719,227.20195073455966,28.820451023798206,77.1214397263425
561.1586183405065,227.05967074236378,28.845833750199013,77.7255634571866
562.063884765779,227.37538044156145,28.712592412143316,78.29472560938939
562.7525528416885,226.62220886228448,28.693530720163213,78.5068408102178
562.7948686564932,227.33466752047008,28.60429936379488,78.88715613792775
563.3287697403855,227.21783286618404,28.503752907565747,79.40903735841655
563.6920122890305,226.7340447470391,28.629647728374273,79.57634822490695
564.4125249287698,226.4241430563016,28.675536368344403,79.28526144439078
565.2254123401707,225.03988164572647,28.856826197985683,78.0049446964493
566.2458260344098,224.19626396012123,28.830143468549707,76.58548131621018
567.2974104223483,224.75787522861103,28.796053138107304,75.32585877996966
568.0008441781569,225.71316678063903,28.693685729487086,74.80056606020626
568.7162715040483,225.69988559992194,28.835506425032328,74.44361175236708
568.6871432305269,227.12668492331363,28.767454590517737,74.87129123897604
569.5911888589358,226.84120436214894,28.677882663724688,75.40238621933048
570.4835999441051,225.9783356972884,28.6637298344733,76.1685385976508
570.9367181754399,227.41817463849773,28.577127034504535,76.9671646722176
571.1380186985577,227.2249395322815,28.71423323171122,77.58496012359318
571.7165600443134,226.41584229900823,28.916603979912537,78.06664386035
572.0345788067291,227.79460933074466,29.126917303755757,78.5848795074179
571.7915079247715,227.18510380971844,29.02854939693655,78.27418645553723
572.4227418812095,226.77732465380416,29.138378175001534,78.51656766813787
572.9522004087656,226.87412168844025,29.18180217575912,78.6297970015089
573.4107209042874,226.98609918748724,29.124089573883673,78.49843331892279
574.2381098919747,226.17029537693406,28.831601980894302,78.6151580178566
574.9497333422075,226.02104913222422,28.60723241502311,78.33052050525455
575.9092873055215,225.95755436854554,28.34515352110239,78.09866232510188
576.0585528227496,224.07883515843804,28.185561524565323,77.14433068763867
577.1061598527433,223.5239207229005,28.237706597344626,76.2289727815989
577.5488567854547,223.93806383049179,28.068754720866735,75.47342294145015
578.3658335482478,223.63638846807942,28.26995608629479,74.71876873863971
578.2842113674434,224.40092579541033,28.166763036595174,74.27792719726676
578.6243506902949,225.1010184343168,28.15464727322012,74.39381133168527
579.9200328036076,225.02382959724196,27.901296695581838,75.5287499046158
580.1835752254826,225.59158850586593,27.89299536156291,76.4422192375601
580.8485840148021,225.63872908698505,27.910883537967024,77.1024978306472
580.8992237121321,226.0817009251382,28.04096346120584,77.88006686109745
581.5139806130336,226.16880178149376,27.932050717409133,78.34353059895935
582.8833329385674,225.72342796786648,27.897620482311368,78.33127232821506
583.2835945712362,225.37867398452292,27.801407812962807,78.46586701250777
583.9575679697102,224.70734413007955,27.981579387978318,78.36014088670059
584.9664193883889,224.49427366383767,28.1314936332168,78.37766164048486
585.6484391497045,224.00192310061738,28.484400116406928,77.88867988652385
587.1618259426209,223.56923191845567,28.64773339931798,77.20424182772102
588.5074382699435,222.85693940739483,28.79762588830379,76.42154788293904
589.2597759673347,221.76120672517513,28.927020532316924,75.7063321865874
590.1339183943945,223.51464783520873,28.860425179006025,75.32712120828046
590.4951028746215,222.6860724701024,28.73712241642428,75.38642721860634
591.354103574775,224.4979227294799,28.400950993152826,75.84715167238548
592.2421308611476,224.69348938041696,28.168694867062634,76.71923581969963
593.7615238949636,225.32826312996826,28.32840752532193,77.34747720285262
594.2041533416767,224.561627417779,28.561170239294576,78.01558279757262
594.3086864030793,225.50379187203086,28.628260333349367,78.40010254667692
594.4466814120667,225.54221358773898,28.873584757532186,79.04407721762043
595.4225164411115,226.28124453723865,28.912965658076086,79.47459872125478
596.7438459336938,225.01518981810293,28.92941268907033,79.60258890636766
596.4381854940021,226.0277202380069,28.929535381579356,79.8725727271279
597.4045389352083,225.0386763559403,28.852496686308434,79.8125836136671
598.2049089435386,225.33375802476928,28.68841493285443,79.60311845024741
599.4681831937052,224.72357141471423,28.597460275981337,79.36968646215135
600.2440782408495,225.3235128116386,28.173686057509002,79.38013355855374
601.5748714728538,223.54362039659375,27.90196976027902,79.22364603451746
602.614974472198,223.89968134680123,27.51368118102423,78.85511537713116
605.0755748321824,222.80013923121112,27.331390182429843,77.85570660446615
605.3291246242677,222.4955792333314,27.103232497797414,77.27341832366767
606.2285779518805,223.82251210241327,26.960870527935313,76.84303877057775
607.5436473650772,223.36815736883972,26.605162930179937,76.44113973152216
608.4006787046094,224.8863455321764,26.524086319841036,76.72225565147664
609.7076292403007,224.03321355574369,26.53241077145347,76.83564805759674
610.1313097175758,226.24722008599542,26.56631641083612,77.18316485854345
612.0479852335311,225.56404056880083,27.04765501515612,77.48697954707696
611.9876348778218,225.89083563467787,27.283166416858336,78.07133747535859
612.5971085594573,225.74828197176328,27.494041736921886,78.31823005805037
614.2266119231743,226.4355082596687,27.489893980129914,78.24878422471699
615.8687161150267,226.27282272956413,27.438381652791044,78.44604982332868
616.4534910600405,226.87379451926995,27.69059351393853,79.1207323778358
617.3329671077515,226.66816218019403,27.84457691389305,79.44815977034978
619.1000992232329,225.77549330103992,27.955740148369152,78.70476022206317
620.5097567188187,225.11377709335525,27.853420634873864,78.00912487315027
622.0197567730153,225.92398777594548,27.525141489005165,77.68502382714556
623.5236909530063,225.96988471888045,27.02936357358797,77.08191453590679
624.6746154283743,226.53412433109457,26.670075295611987,76.67402220742122
626.5782476807988,226.73739784879837,26.578791558966774,76.3217513813382
628.4712957964399,227.84386541833516,26.472354932710594,76.80675444607633
630.2013189690631,227.3254814469338,26.35050033512974,77.13951035255548
631.0585142280805,227.71032905705093,26.320834147996976,77.53191175192721
631.7369679826619,228.82294408652194,26.263178433649166,77.79318910875666
633.2412362637215,228.92546712920864,26.34282742031254,77.89927250398364
634.1751415409759,229.57328490867963,26.544755015446455,78.10556527450946
635.8912244318525,229.47580684964973,27.105215900716082,78.33124445211917
636.4571416555849,230.036860806584,27.22061520168727,78.62172275040885
636.8193388453742,230.06697262611974,27.020125741733,78.74846864490002
638.1531838029628,229.97835700996774,26.99504041601811,78.83714181429295
640.6360954268745,228.99771464837494,26.901651307446325,78.70650020119011
642.3091815189856,228.96361001131754,26.87807018958459,78.23481274869663
643.6255060410194,228.75662333081232,26.6416647177521,78.43370572926732
645.1934992513516,228.68927502380046,26.478305221602668,77.76198505689504
646.3228161361873,227.56043856764717,26.143595182781343,77.2402609583984
648.3459028799575,227.12074634103146,25.774667550572293,76.79645341124068
649.685596126016,227.5842996201751,25.741980248595063,76.52134543245555
650.7359622954825,227.96205199489884,25.595664899942168,76.02171361806471
652.199578400986,228.3987169698212,25.415789580567473,76.06267862633463
653.8253232091407,229.17748160594846,25.50253224308172,76.06797288809199
655.3916374525064,229.34208160255656,25.644391967028465,75.90924480153774
656.1163326154049,229.81987816818798,25.899691739994108,75.95970583325399
657.7016338893442,230.79374362185064,26.17239754553962,76.03234469407144
658.8036318127638,232.04902378854058,26.349502830139457,75.73016625194217
660.2996197178023,232.2201032938521,26.319233896817124,75.91398139579144
661.543755661879,231.44796618862068,26.299771851727087,76.07894821699496
663.2913919260403,230.86003637046878,26.149106676615006,76.77664538581905
665.1042045124296,231.2782025999805,26.036957875601498,77.17164892437714
666.12366949852,230.80325470000298,26.116479260308655,77.56070346199157
668.3589238900586,228.57440376497152,26.24387658990245,76.94890393206059
670.2041920375244,228.73622062829452,26.152122119082662,76.45717215803893
671.6040777682821,229.09155186611702,26.008418505772863,75.82676212117755
672.5601997135861,228.86035017688593,26.07458676650137,75.77239078564666
673.0654667713835,229.46224161427637,26.177280852772732,75.76370643019105
674.1548385533252,229.5223090561608,26.383300768122023,76.23089384113425
674.8907267007232,229.4415496168372,26.657505928175333,76.9649021602226
674.3645638279029,230.00852333353077,26.978037972167385,77.87193125118844
673.6142550167228,230.9076497551721,27.285706895529927,78.29174223923516
671.309492332024,229.9656432719271,27.698525493077145,78.67278498706676
670.5035216764758,230.67624152682566,27.80262021031669,79.50446857370514
668.3289779447432,230.33849079086468,28.067168737166817,80.01470512622686
666.4022689100535,230.51500952295444,28.455511313687335,80.02949463047884
663.840020246735,230.81764778426574,28.64856781009382,80.31167434612603
661.3263422898048,230.87010227667008,28.982713598984738,80.91605097819203
658.6836040931465,230.79366473756255,29.397368993155524,80.60319628336254
656.3278715420236,229.37499361742934,29.541742630405253,80.37041055960917
653.7019555564815,229.66367568033576,29.60316494114992,80.27649961816257
651.8983860672087,229.20732603438964,29.329791205309675,79.41875547057116
648.8504540983137,229.22965322905912,28.989792125063722,79.251760215799
646.1336815110759,229.67269673404675,28.72327025623496,78.77650599834426
642.9153098450106,228.22355771267138,28.505396755632248,78.54050121371765
639.392155592441,229.26454295546586,28.60640468170039,78.14142674615695
635.8697571170325,230.16082997915655,28.468166258829893,77.94705838439113
633.1641706163658,228.84242802001688,28.462686103882497,78.17763042248251
630.0829443198285,229.68631446902296,28.244515356350597,77.96413478238964
627.099123361673,230.79500496711688,28.386631035173636,78.77994260608708
623.9841190920853,230.15252869624015,28.565322836220425,79.1333317704601
621.1345157373531,229.98334017423292,28.675442536254913,79.33992072460322
618.6580203658473,230.08721604356998,28.77824120925929,80.44786462935409
614.9803996545825,230.3502329441279,29.000387367354026,79.90813813259076
612.490690994527,229.95000503399908,29.186180286372448,79.7244186284084
609.5965849893536,229.6197077914669,29.340247036862213,79.7925192813614
606.4996752448411,230.6155027415099,29.071661797951236,80.01030595483799
604.3790305882922,230.39516435843177,28.836454414577073,80.16911137237483
602.4915200578478,229.64740502890143,28.834784992372626,78.81608757957697
600.7053183426661,229.75937647872442,28.863861806448497,78.95221893182118
598.6250679462865,228.9117781798721,29.022066628291046,77.92364419583132
597.3518476832747,228.33246041667664,29.316517312853378,77.18142906857389
596.0171689490095,228.5668562561217,29.5488582942623,77.02890765168672
594.4731062111061,228.21605290875434,29.646307605441926,77.29571029430696
593.9906809817193,227.8566310101871,29.883325746863385,78.15374025021772
592.8736113387957,228.15474012109576,30.045070423259233,79.1444061693687
591.417716636508,227.3118834168053,30.388884783584174,79.60803159863295
590.9062833204557,225.71908866752784,30.59557136531562,79.42400053558808
588.2838881294161,227.3391250842065,30.70908037150975,79.97971074513853
587.2510507534437,226.5612570406655,30.724287155467557,80.69543189768072
585.9605114465076,226.51398503536004,30.960290638877254,80.79037365590699
585.4055517713681,225.38372344729336,31.459999630059563,79.2968940225158
583.5144092661753,224.3730617736799,31.69304095186176,77.58432159108675
583.597081677734,225.48692041324074,32.106714065928,76.03397897293382
581.3302362349077,225.25166492131387,32.183619272716875,75.58121216147273
581.2456795163789,226.70565889418174,32.41287020517309,74.29272175334994
580.3959714707833,226.48253340278583,32.449639645096326,74.17292870356805
580.0811772332421,225.8798707966598,32.2861989310688,74.10992346099381
579.6001972566362,227.1476552154934,32.39381648325286,74.29769513464863
579.542560686866,224.25306128172934,31.730929706392608,73.64388554657975
578.634950070731,225.3905536142854,31.859917656573266,74.04617534702858
577.4836834827976,225.51463382372378,31.68774299056701,74.4889322412507
576.7751847813445,224.6988930752691,31.880853545977175,75.59713830318925
575.4183605135562,224.73188282248677,31.995319952647314,76.35636586336891
574.9262050261007,225.42382263221893,32.017073075290185,77.19687460488177
574.7060394825378,224.2024299324058,31.536764945516197,77.70659184826563
574.9562084946311,225.20448829843096,31.529054720840264,78.44155602212965
574.0604752895914,225.3486661837764,31.233398690581602,77.56795911250367
574.7358947013053,225.78283029121607,31.324642868290702,77.83374158678755
574.8330165963857,225.875481092582,31.383994191884014,78.31626896116373
573.8668218208184,225.20940295919158,31.649795078963898,78.90210045034138
573.8931984445735,225.67741022686047,31.762662784298293,78.68445241871912
573.2284792939187,224.91802401141462,31.898245442335497,79.15596504202415
572.9916938030194,225.72386633240265,31.92290577054286,79.18145297981339
573.4962018721536,224.41981066149285,31.477162406494045,78.71489090740265
574.2160765039436,224.70544105958805,31.44903924345433,79.02635970115134
574.6997690796182,222.38943679428505,31.11865244749359,78.22857964227985
573.7762424553449,222.86170044266848,31.30614024727918,77.08691585397588
574.9903109164251,223.47661507677793,31.082532848968334,75.73639679878639
574.2274608575418,221.89548112037514,30.76149653561314,74.01678585874771
574.9868794157295,224.19042624746533,30.848959534822953,73.29859660668832
574.6296820566671,224.33351042647274,30.509556769503618,72.713638628274
574.7155938502468,224.82931557189636,30.428142155740016,72.59229221195757
574.9885960452764,224.50314346058394,30.320360144173215,72.64412738707416
574.3873898629954,224.63854060494896,30.114972907180412,71.83811521714142
574.6075015825364,224.97660400563163,29.813594092260065,71.56611023193436
574.3697268445043,223.9813848275444,29.85016361479696,70.74496506912695
574.9285205773933,224.2208480369501,29.706597047360802,69.41442876462293
575.7480118199207,224.42259250281288,29.348727471622965,67.93527018663423
576.67874470469,223.85142043274166,28.930585791134853,66.45775272399347
576.7545960706875,222.646127371935,28.354414601440926,65.02359797799205
576.9486529695878,222.79861188193047,27.857867631533843,63.63886423422333
577.0473576084971,224.59186640664902,27.531614763097956,63.63238634132615
577.5678075004236,224.00798903365668,27.154056263043334,63.496565690773046
578.076405408442,222.9570397658169,26.950008230285647,63.04833123656921
578.2395101253708,224.4823866645636,26.52288200844612,63.090342927280744
578.7502616418074,223.56456110810717,26.374679229917902,63.44694817227366
579.148684784816,226.23049559442416,25.948682910903408,64.86288098034035
579.8749267675944,225.55038243276914,25.4222028186951,66.44108737555267
580.9792886228704,225.90850970762293,25.312817401218666,68.28636985320412
580.8026683409413,224.93201197108294,25.35311474493831,69.4180964697587
581.3120398687207,225.7451460222,25.130421343863098,70.74736306410355
581.4969569976774,225.3022303413702,25.402891864048854,71.94351924365898
581.0244905045772,225.01678789534472,25.72661463277333,72.0225631771147
580.4374754773202,226.39027912705106,25.961551633946602,72.67802340741234
580.5135123194791,226.02886946370504,25.96231080044244,73.65212819767595
579.8890885389095,225.48479766255394,26.003673997072244,74.10949074548134
579.0944724283768,225.88324056599873,26.1200884395502,74.65925744637379
578.1486775428925,226.87325168418377,26.252416602395048,75.64762495953066
577.2751376716025,226.14854716462986,26.43762946551189,76.38033976283681
576.3038573853908,226.56684655951588,26.76009645387473,77.31573210675462
574.9380178183555,224.3605002789028,27.003640011696817,77.40770685639629
573.9767882133449,223.038571556593,27.02055720568896,75.88193854189117
573.2307651305488,225.97185523647568,26.822432606357943,74.97109446780084
571.9663612177076,225.16259736516548,26.68229440428478,73.73550855255385
570.2134202684422,226.3080291283896,26.59046164026356,73.16363487519618
568.1987871679456,226.86356446604626,26.540045967935058,72.49310806007992
567.1364987421188,226.7410079162712,26.484782016442562,72.34068205063843
566.1401715399197,227.5792035214801,26.653954622668657,71.96945279319299
564.6322998659963,226.9331925413718,26.941433638697738,70.45072975257042
562.3216172106016,228.34700747849485,27.20827099920039,69.30867822457671
561.1260668335683,228.80074213412394,27.359700522950867,68.86465359329404
560.5785486737382,228.92362764715637,27.309577478864302,68.71921883577339
558.7073583213521,229.36948501559752,27.355445961346533,68.75253170776256
557.4657245849697,229.6158639011524,27.175304916273696,69.43042656459772
556.9421006209649,230.04165474097448,27.00419504284594,70.72456179054743
556.6739878402383,230.2512613236878,26.922149789880468,72.0792297028872
555.3732523891533,229.6587063180748,26.93447860792864,72.76166900879477
554.7876117590795,229.48724695881944,26.727137336185415,73.17903260242662
553.8555500966053,228.7964722358421,26.426379908570535,73.66094768711424
553.1911677554609,229.41722075904937,26.267719859604554,74.20719051363207
552.6873899564325,229.1725187202618,26.266840685169846,74.51530292160007
552.1347684228228,229.5376774072182,26.297345845933275,75.0326523834722
551.8146917096727,229.12984774912786,26.732254537350116,75.15062794806974
551.3935201358166,229.3303510882625,27.346789105259763,75.36072087059247
550.8783939229112,229.85646991575615,28.09028883026503,76.19049284104
550.6381625412371,230.11026236961118,28.55475044360117,77.17814123067794
550.3955373278162,230.50837293335218,28.942813105500313,77.68039822972185
550.0144013618342,231.68042571274964,29.168682633156138,77.98565761919966
550.1858776245408,231.56227077135082,29.270580731350453,77.912617458462
551.0386879648584,231.89655010272898,29.14480643285643,77.93455643250076
551.0864659768062,232.1207186685163,28.92765043671286,77.48068660361733
551.6837274194678,231.379702916454,28.604913072896817,77.05811259989126
552.849748046492,230.648483281781,28.154457774468213,76.7810655325292
552.8003031872809,230.59840676142642,27.86785123415473,76.23391040244289
552.9892491335215,230.12635499592554,27.5615444678946,75.58771766498154
553.9313176825262,229.6649055543369,27.131731853756627,74.90353465805258
554.6217717815535,230.04671389573588,27.08071199951322,74.55532873231945
555.5543647828631,231.071238043718,26.86725391170413,75.04661489947473
555.6154477448257,231.52352859380568,27.255558080075588,76.38949964822211
555.2744989615077,231.75882879081652,27.345282487589266,76.73593552529569
555.6074948873234,230.8102082980056,27.702452047243348,77.76705289422219
555.7169681972291,231.29029444433166,28.146055459570473,78.397309788391
556.1524181716999,231.4005979817581,28.665700044358466,78.97602835850807
556.4892504768237,232.01845126486793,29.11176030383903,79.65408936850606
556.3263926652178,232.04807765897073,29.66932090359517,79.8911724562885
556.2263215591202,231.9819463872701,30.152308642724215,80.1143873364779
556.2927594691189,231.91167468029093,30.344770202897465,80.29026033819382
556.461062324079,232.13968604011166,30.418349919451057,80.43144969473948
557.3935971548774,230.98093107858756,30.23781337705566,79.63032753961691
557.313453438509,231.6921831869878,29.803706364373287,78.51600052575643
557.614161345544,230.54241822022215,29.317434557211282,77.36302415550051
557.9445686257474,231.21489151047024,28.896851823705862,76.7079827416303
558.289846412864,230.91225279196192,28.13572579547118,76.08736286648261
559.1659748164276,230.66780523265518,27.50870013515653,76.15333433077825
559.4091883829657,231.31961929677078,27.14417094539822,75.80674782375526
559.6907411157799,231.22753598184022,26.950242016568215,75.58187576090361
559.6887079353027,231.3954851769452,26.999885143656044,75.51388376827475
559.5587670906482,231.92446633031847,27.121254936831576,75.5487221979555
559.459214253556,232.17060198467914,27.622589896256237,76.29866711867297
559.1505264370919,232.75627847166135,28.055787728171232,76.9789530578631
558.7629964042213,233.209518090231,28.472413623427954,77.25970881847313
558.4790959651441,233.91777365063314,28.634050004445236,77.68837057974892
557.9197720003058,234.46820998264744,28.77131872317286,77.46557303855359
557.3812840274005,234.14890687606183,28.758091026138388,77.6251481657568
558.2107518508544,234.35721232546672,28.71262128442014,77.61086686084391
557.8594212841664,233.81204094967262,28.41927032615945,77.49423892075114
557.8993739642927,233.19147004489508,28.038556387177124,76.91919799772413
558.0590095747282,232.91838450682258,27.559122017068667,76.19648524952075
558.1071468614053,232.41278645079672,27.307504924431022,75.57565981520864
557.8227804707203,232.8865695683424,27.228938475702336,75.03048125874045
558.4272863837518,233.56890355318495,27.16879389912812,74.89066453970382
557.6901737896884,233.84035667464047,26.97181332820661,75.12550640470297
557.4991626445255,234.28253188847577,27.071355706489655,76.04498934247275
556.4410710735266,234.9851909454342,27.392210469810134,76.30701782527369
555.7027636226461,235.54919650847222,27.594798143215677,76.5272480283908
555.4362917746837,236.16096140098855,27.75904905363903,77.2455399377322
555.7077648355674,236.02506669083579,28.107497547044787,78.34198906319978
555.2360199309221,235.90320064735243,28.213778191239363,79.11160500360198
554.4554128552326,236.16888845775588,28.37384831490836,79.35196582583787
553.9760582127578,236.05872224900423,28.460167031601372,79.46543291926119
