662.5,138.5,37.0,85.0
662.7612340387283,140.90534175876326,35.3348973817472,88.56294795982944
662.0437746409457,140.9567884773743,34.0165267161764,90.4391298352218
660.7556519151781,140.41406929616085,32.96645562031779,93.35227286569376
660.7083322781741,141.87602016750816,32.1613486551406,94.56140010706898
660.8573284273601,143.04755656871026,31.861239823073724,95.61322023564922
661.4500601143244,143.81428383168867,31.621095744074736,97.07213655357978
662.4062498697012,145.1715562192522,31.423579056807174,98.60947051685598
663.1184460399223,145.606091812695,31.359518013285822,99.88828965933136
663.7487378969419,146.41704021251553,31.28278077294076,102.71262851642857
663.9588896555131,146.42044911456165,31.252111626602158,104.28120081281547
664.1192687743116,145.07236538887037,31.10679636774471,104.82533326625799
665.4812671629345,145.84751337366043,30.947363580138322,104.47231281604887
666.8077597093865,146.68190391751745,30.752172438268826,103.6250568848328
667.4253048824665,146.99160108340445,30.173430916609654,102.39454495166414
668.4107464938478,147.11584813528796,30.265801811812956,101.78721208108384
668.9680951654259,148.65769026968468,29.96525587494497,101.61138046197917
670.2827163570862,148.51827791477854,30.100120003693945,101.53313731857904
668.8508902763033,148.8346281903272,30.683701383552073,102.16187561406986
668.601121984025,150.81130172379002,31.37939636232622,102.33434870705632
667.5023310185418,151.5396560546167,32.419704762332444,102.31220439743849
666.4445589140779,153.68596538005636,33.210834956443975,103.05687918070228
664.7598261774373,155.23186927500916,34.27788267459832,104.9848553644905
664.527137719798,154.40707552843074,35.17337150474981,104.96158712282221
663.3655822035632,155.8922936825574,35.9359043101762,106.57625146535625
661.5615339352472,155.68663212135877,36.74748585886273,107.60754848568747
660.7122463660781,156.73551025354053,37.36501596565326,108.48318971468639
659.9619356750359,157.97090349054372,37.699365065137584,109.4150934128754
659.8178937748366,158.36883089337135,37.945144621643465,109.81999515705536
659.7045881464752,157.82036788360602,37.75104540411378,108.982482590351
659.8062606471631,156.69118245965495,37.186074880362966,107.77893556105586
660.5335105772929,158.45857112842458,35.76132193811088,107.05523248041357
662.8289840594284,159.4916205079453,34.317875250405415,106.49535537340304
662.7857461878016,160.32319591889132,33.506541190173344,108.47606513004803
662.6378765337929,160.1118068504038,32.80756653611244,109.87122938877292
662.0785450553567,159.75885506065418,32.628227249942924,111.5733098667516
662.44970126348,162.1394892516341,32.61519637838169,112.8263132209368
662.5704600387808,162.7418316601706,33.23083337594831,114.61369907876005
663.2024504389626,163.02417506756655,33.957336694046184,116.3866678082492
661.9668821260221,163.93971319784288,34.6051078700218,117.4284708144354
660.3138873406155,163.66401473143424,35.06395092975735,118.67606954855276
659.6167182889255,164.71280824881694,35.20619929429139,120.29157269513802
657.6002237495229,164.5108774844908,35.21606749296959,121.21044559397234
656.4702551164855,163.68852836627315,35.018448749751684,120.38600306235651
655.6477246102061,161.54643582797175,34.8911650538679,119.34786624717462
655.8213876887759,164.92555423879887,35.300722875572156,116.65653110932777
656.959676861534,168.059164718238,35.66389000391737,113.09821179420254
657.9775949508703,167.93127300780134,35.14543239389415,112.00327016033498
658.9150021126253,168.93947687492513,34.64120530011296,109.07160097865773
659.5873702842393,171.52723371014022,34.661844594892884,106.68656696826174
659.6747498878254,173.96416188615225,35.1703205561778,105.87381109917833
658.9818365023468,176.20801761665658,35.74690150232125,105.04320699138015
658.0854508592247,179.16507826352685,36.3751943673542,105.95431486557783
657.163326404728,178.6456592983975,36.708610489787596,108.40699392418585
656.6070717438924,181.19741352787594,36.93014916412356,108.16319854277414
655.6339084155869,179.52647196863842,37.22567428131354,106.83811474611852
654.8313284566141,183.3980287826716,37.378044058153655,107.41152562366747
654.2194864689191,184.0406052501853,37.56382949304683,107.40280186497054
652.9835650670416,185.16984613987157,37.81618200711354,107.7540105133782
653.0180557595187,184.8532065622158,38.15681843360089,108.46725986457923
653.6883946577399,184.35105516492837,38.19182668661991,108.16180792988314
653.0504947547587,186.00915816646145,37.778383056722426,107.45818103410154
653.1464392134891,183.82846082160216,36.92694621426633,104.44936889093438
650.7005448919915,185.34244328141202,36.45261308831003,103.52488264143487
654.0640465773188,186.89376193392542,35.43122523813288,102.84625156008666
655.7466234200754,189.01965610775528,33.91344289241752,103.11990581267719
656.2461184973433,190.34775040806858,32.71361409754955,103.95203112539592
656.4367501733618,189.51168746428755,32.10063225002436,105.03110206272072
656.8944236208513,190.24579335470787,31.869121338321655,105.36873601933733
656.9600089445346,191.72628129252587,32.37313086625944,106.06913781208206
656.7225795690192,193.97510973437255,32.773688158395004,108.33520144077886
656.5075901262521,192.0879991231592,33.452481149916906,109.55314538812016
655.2951545368381,195.24684354601078,34.239455433336076,110.11804635946407
655.1845660569367,196.14665933089555,34.45574777014802,111.90730105068087
654.8373707243651,194.2165047251017,34.550462422298224,112.71223349415641
654.7818356813344,193.3368493792937,34.62627538867414,112.22361508955044
654.4004746313893,194.46085437010797,34.345496230668005,111.68631110348161
655.5261261430394,192.5161178213834,33.898672448738964,109.37044572284236
656.8420064935942,194.63678510833665,33.346881153757394,107.47633633814486
657.2420393704656,195.42267733634918,32.662356709132844,104.84822215494691
659.2186997915574,198.52061429332628,32.08223771402569,103.2577898112747
660.7515212892035,199.34183197962912,32.10008246783306,102.25076427066979
661.5500336753729,200.37297727476277,32.34242603884766,102.01922903337639
662.5129382210325,201.44720477733438,32.21564069497245,103.69142937414992
663.2610017235025,201.1184815416225,32.7493570204158,104.89685478319961
664.1181011575759,204.4375395532365,33.10941194980031,105.54559398076626
664.5151225350882,201.42008827622055,32.55345915856953,104.99040530631308
665.2215703922294,203.40655753042734,32.47422750392595,103.19289542682102
664.7980256088441,205.08975504427033,32.76472812292354,102.75489638569202
664.1955436510929,207.28953730364265,32.80669169319584,103.32690331241248
664.1959672777455,205.87609062470045,32.76320895063556,105.02624213443104
665.4675734729992,204.10487530770308,32.88365589431079,106.0106624286889
665.8899537069001,204.46066417113192,32.61671399903024,105.00995359688507
666.2752564175047,206.08882927979687,32.612921021554186,104.07953299411815
667.3056667339863,202.1284427851804,32.30442413527223,102.8135040729507
668.4850941843358,204.7227471320155,31.708389716827348,101.60349445078313
669.9800677791582,204.36334433939035,31.147047368414928,102.16097602673422
669.7891235550559,206.36647826918707,31.094650533530753,103.34911229235438
671.3708624108425,205.34391244909605,31.130793784100447,104.30381343441327
671.1162927829541,209.23146904548605,31.385998507473218,106.69856966454583
672.3929473371045,210.4951163790232,32.08357893889122,110.69555173087001
672.1240333681217,210.3659538814174,33.34643771630007,113.55268024628427
673.2133931209053,207.5229527026196,33.85270241788605,116.65062413220016
673.3205475834786,208.84596854412996,34.670439095537844,119.20500233840065
673.9062081538628,209.24920628273935,35.42484448770551,121.03979416083395
673.7417990498479,207.54172674930086,35.68975533321472,122.58923608827608
673.4730021087369,208.3115726928317,35.8344820973167,123.72019396813644
674.3629961660215,208.88908995461702,35.51165982003532,123.97742689108372
673.663326783268,207.74580061870415,35.4508050707184,123.83778490746815
673.1959222742013,208.66346514404034,35.92788188822912,123.34011092423967
674.5032042989519,208.2447679440246,34.87595540624804,123.41827959814349
675.0224549478891,207.843120814057,33.77958667822324,123.53491851549981
675.3531758297484,208.6777425845419,32.74330507218519,124.63726282319335
676.1272646411536,209.91045641316515,31.9322712043339,126.40754864784991
675.4366396752524,209.65748877255163,31.271299828381718,130.6698070282133
672.8433138817551,208.18068048471585,31.549382556275923,134.96427193056792
670.7234494996137,206.2338081913348,31.423908416811273,137.2794496084937
669.3373409141441,204.34372286656816,31.68854435377218,138.12439500969012
666.7850842667615,203.26930997097193,32.742842404244115,138.07319810343387
664.893415427085,203.78031879308602,33.705008323038186,137.24880105966764
662.687038262298,202.50318856147095,34.60622653124361,137.46143297141464
659.9559859700828,204.7259543846933,35.27769123835462,136.31641459248704
657.2010493119741,202.35410822639244,35.6240060714483,136.33407369833438
650.8838440438041,202.58334153787285,35.519570782593064,135.54662621227916
651.3067090737165,204.01289858067676,35.1180531296417,134.50729533742577
648.6705516645962,203.78078162962896,34.60659118778112,133.4558479727367
646.5620893728304,208.72382299274915,34.21083724348059,135.06598392783178
638.8163651582914,208.42625679176544,33.74854364527588,135.30357926882317
638.2391232414457,204.11255774798838,33.203898970399585,136.41873646968907
631.7848337223614,205.46672875014704,32.94560979872925,136.24398311321414
626.2336959121378,206.41023265101666,33.385761739061714,133.95596762938987
624.5200661349152,206.6113330551774,34.49020682893789,132.0252947551428
618.0314318734047,209.98657438106784,36.04110282388269,130.38892877206308
611.525413355331,209.96506393797088,37.28817957102869,129.53303728805207
604.9697833831714,211.07403478509315,37.97651165890259,129.40429346787673
598.9885166414064,209.72685338479528,38.95839328696378,127.02660951172813
590.9355397992542,201.84363480186227,39.874854745621214,121.11021395969865
589.7232284695255,202.12823766060865,39.98559004736693,117.18223095758367
582.3811460337538,203.48212470668742,38.941786702967775,113.94518150770291
576.7406031843759,205.76863581195704,37.779043818959934,110.59129076689024
574.2731248789999,206.49071748911746,36.788781370721615,111.22733380676493
572.0500467378372,204.5611466531629,35.65950487564203,111.34743677284823
566.8339039127003,203.49525028204116,34.6182444977788,110.33314949800189
561.2176224082021,203.91646505668805,33.69043381903097,110.24912652820257
555.1023078543235,207.02188963345898,33.39028213455195,113.85516809121343
552.0171400824973,203.84985581088068,33.75116276029644,115.33291417264931
545.1796878217119,204.67498725598705,34.43980114569791,117.64106726754406
541.6084421477997,203.96055043279227,35.10223191612984,119.52551021100888
534.3833999598164,199.80419146873365,36.39380322294346,119.87796107217054
531.5262234451958,200.49508324747404,37.14292244938932,121.80343397487954
529.1415035349448,198.95925152817583,38.18489878608071,123.19099583190251
519.401854923871,191.31206720734824,38.47183417656325,123.0576243765118
519.1974637500316,194.7715844431017,38.74211268963696,122.56518320868531
517.9982485673637,194.68795418382626,39.60244984570606,120.89647797463451
516.7901611127888,197.43027777177093,39.83650347800033,120.80826033747202
515.3024634074444,188.49496253828534,40.40684551153775,119.88689098754868
512.9515257690981,192.00226284803594,41.92529130863145,117.31991219040462
510.83243821965596,190.94153712614045,41.68271298573224,115.67260295304328
502.85787726649886,188.73889955346243,42.00770464302294,113.36618528834069
504.95129208400914,191.69911672933506,41.412376482382875,111.01145242127564
504.6595885305475,194.53506719831117,40.65782251161601,109.20429543130622
504.74982348280946,194.41476716298516,40.025726127466456,107.70262527071127
503.6144477577512,197.02725225894395,39.506293079749746,106.42973365965004
504.54553973813006,197.6080776963381,39.3313540111124,106.24713574573437
504.25825881634046,196.73878415271884,39.115778206109155,106.26888578444235
506.13305220061477,198.14300654638254,39.1169500854792,105.56767452143741
506.5204410220043,197.8263838279144,38.76049718144095,104.73851248862425
506.65400910558566,195.91790200418623,38.29114990249429,103.04338402258573
507.7381907637192,195.9896062988672,37.95041829818708,99.78165472971732
508.1132674575404,196.1897965191357,37.43060031005315,97.50692445664546
509.14025643181986,195.5284026682917,36.70528368408792,95.59588575948402
511.3317950556294,194.99449108012993,36.00016778595618,94.46203995807011
512.6210629739301,195.67339397853956,35.08719600956594,93.32657881306915
513.5856100972708,195.8902429615502,34.64035602962339,93.21787171561631
514.7848551466459,196.45058047277723,33.93698805363778,94.38017928097659
515.7776700030282,198.39005720457465,33.26301612724245,96.68853412884411
517.4879610412216,196.86077399377228,32.762866141614865,98.3843098466754
517.4418047927965,195.79216498544247,32.27589099026433,98.16942844469486
517.8974365848713,196.9526317851783,32.15187256049529,99.2366150196311
519.23283825767,197.50672013387165,32.13221014316654,100.25975784510211
519.5776616330965,196.82580186749306,32.28600773969505,101.99629629503076
519.317525446216,195.87871845592093,32.556109465358034,103.5669900222812
520.0679844297372,194.76419044130986,32.59806929162781,104.35050848436465
521.4572256836991,193.7437578244044,32.588696748074575,104.40025695601427
522.3008139888861,190.96854415956489,32.57480884066544,102.99014208369746
522.7584346920564,190.23364423893196,32.79236694051213,102.30156737700497
523.894693813784,189.82826257146002,32.83464466797377,101.60303953992127
524.9475599352606,189.358886494538,32.627610158899614,101.19520355899965
525.9613907323364,187.60326518883662,32.39952162859848,100.12414026219932
526.0888064704493,187.26530139651993,32.379907306398856,99.73726541286511
527.7072724697599,187.9367793705087,32.10001371033488,99.54827362676045
528.9621720464672,186.4951495696973,32.24645573543289,98.20134295128359
529.8098751413843,186.0136320989046,32.27788932640628,98.69258847321801
530.9928568281898,187.39626935351671,32.253168027761674,99.26249162398216
530.9441486953104,189.35950547312888,31.976865405952736,99.6512945770186
531.9643200165002,189.61120044142822,31.724411290489908,102.31995750067989
532.9036927779356,188.17253779100457,31.944539382883868,102.81715704049508
533.102704407612,184.71796888242687,31.98064241122989,102.32094512620515
532.6330801059685,184.9063219824233,31.9893376974468,102.02516031537489
532.2918354447243,184.28587072395936,31.946983100658162,100.61338362736197
531.6295036987163,181.58479868623525,31.865069124755546,98.40116260194958
530.0093547309958,181.8744330265228,31.682809944641797,97.43562590169826
528.6195166756784,181.42758526994865,31.545842674157843,96.35078671636025
526.2025503099702,181.0506628189309,31.32897555892519,95.60029502286048
522.6557427754947,180.05055698125915,31.00415076276377,95.06256476552576
517.1362998381924,179.20556505773092,30.890446839394876,96.17865858219814
514.5403504317516,179.65808283896354,30.749051260644425,97.02146366266196
507.48789750264655,178.40460479373223,30.974494876727974,99.404832219293
504.2166314165586,178.92282294861155,31.151930479842555,101.18006835864628
496.85745077355733,178.91577954151688,31.393605288183963,102.41978879405147
492.48025403145783,180.98069567053219,31.63599487376234,104.43994423362217
484.3052504997673,177.85407790672178,32.14637276386463,105.69807783253201
480.2167986483992,178.07801968902334,32.30737680839767,106.9043427273634
472.9140362357697,176.6318090418911,32.706966155446295,107.91128719400643
466.1513933453726,177.09940262924061,32.94385510091328,109.7267666376546
462.1517907803263,175.48815281492952,33.69172317961428,109.21596581881278
454.26168493014285,175.17037957984468,34.528548802100325,109.77291568213181
449.4982461847977,176.34690908917324,34.70749538458744,109.83156001163451
444.25086509975705,173.85117359859856,35.180336396831834,107.73701052311833
439.80031178071994,175.3840515190812,35.21285744835826,107.22977738341648
435.05424086935466,172.88573409195004,35.086517635041396,105.75148147443417
431.1174375102378,175.64034753158882,34.873121599063836,104.7578819793424
426.69369237068526,174.47316519630547,35.24002296520496,103.32783901517399
422.86477686003957,172.82481932206093,35.635127679581004,102.37169310573461
419.2802926943432,175.60534466261413,35.98409917717257,101.9105717573614
416.63382774964396,177.33442214905014,35.602536707409655,103.55604875775593
414.9334141469178,175.9920862668515,35.2867370303088,105.68036485885371
412.38890501391575,176.45608060024745,35.26970289763129,107.1494215659784
409.9583704566335,174.88018944186894,35.16101159425765,108.76252678636854
408.8529292658831,173.58874234940572,35.298063609623725,109.41116835155165
407.43975143154023,171.39616909329175,35.718957490131935,109.18265595875025
406.00594670532627,171.0668652197156,35.879799860345535,107.92391842048694
404.7263463520891,171.59442233446146,35.952886064866775,106.42612627589892
404.1070120950005,169.15591190321672,35.78081718375739,104.31756812456392
403.4435230130632,169.98397944064538,35.73667417949538,102.51640498009121
402.4698302649081,168.81860864709245,36.20898824559926,100.79852014431506
401.6035787012865,168.53631242542912,36.27908993508309,100.39123370141883
401.82260745690024,167.12774581308165,36.06910786855396,100.99716072837515
401.56548759922384,165.77198439537165,36.38031507541426,101.87751932295802
401.450942713323,166.93544156162056,36.11293225009375,103.95218818519285
400.9396664811567,167.0872536685375,36.01730658523026,105.66773902400183
401.2884742560655,166.55534529154662,36.00268850054624,107.10101358910077
401.2999608992357,165.39931208001076,35.671980575753324,109.03573296007518
400.7241196832799,164.32602500221552,35.77764166538742,110.43265765058158
400.3804393711886,163.27387253911303,36.00417753175566,111.78795493451742
400.6277194064353,162.32245634678083,36.23726279884388,112.29097795867764
401.1791259546942,161.19364547669085,36.378466588083484,113.2115750101369
400.6498648689602,158.62285527342414,36.75625090650129,112.95655898493814
399.9863629406566,155.67379531831614,37.424206563454874,112.32536390034217
399.4200284669116,154.9786371953563,37.52542273594332,110.40418031220115
398.5583850481024,154.37989069904538,37.72419418316557,108.01414960601625
397.9793589131852,152.19840117490372,37.67198701543895,106.33200555401878
397.5581085357556,151.4573528680827,37.60020383904278,106.80851816611974
397.75001692060346,150.41141630329216,37.620076394202854,106.75020380333017
397.1547821252515,149.40757160936784,37.86101866166087,108.0024922951064
396.21217622739016,148.84770620571192,38.32945308502331,109.32672254082328
395.93105398024744,149.38274856910095,38.560390495940446,110.41390776872663
396.53688354092014,147.27979881456298,38.82450244412169,111.39974144566455
397.3080204160707,148.96151271037644,39.00535784707218,111.8660572777711
397.7625478394488,147.40307888693542,38.93275649772584,112.87413071231182
397.7601159635461,144.53041183371056,39.010734853289065,113.93181938342835
397.9592165585953,147.6611795718464,38.979723249353235,113.5578123266513
397.7643387540413,142.50386868844646,39.51732511018739,113.4179520148989
396.7394265840196,144.026710605378,40.40263097469819,112.49800656337524
401.9882933616748,141.57867140830479,41.02091571467597,111.66323950616672
399.68789993139274,141.84325959784914,41.813740157637554,109.55197370294475
399.3119011639691,141.76245934643657,42.11813652313714,107.25802973402918
400.35569984980935,142.91088827369936,41.58751725795528,105.96738721344218
405.32738607998533,143.24832047543669,41.83298089532057,104.18198802278951
405.39789065986395,143.77351657012798,40.8910030289555,104.17922137509393
404.5081945112355,146.06267600851982,41.38200933893059,103.13584274107754
404.21541788364533,144.7994715074769,41.52426353901144,102.41864636787346
405.5279867093262,144.89684298761085,40.47720332314318,103.4782885213217
406.0759002336272,146.34945872632073,40.38614440770474,103.3636466149011
407.14611120123914,145.09680370195744,39.4396199582138,105.49841348173145
408.3745236262639,144.2144802430176,38.64342140039303,107.50925869615808
410.01559562616654,143.88146247686268,37.74763041648735,109.08831305113792
411.19255898628626,141.77661771335585,37.33797526073164,110.33901367319858
411.2558523431239,141.92457769042664,36.82760639869515,111.70878843264948
411.24465632214975,140.01904728191454,36.77837241818534,112.51115221674524
411.3150901511587,136.7467005477368,37.0305870510553,111.39140934476868
410.88291298843984,136.32735530382035,36.99364946965937,108.89632621962548
409.33468409328464,135.31586372962153,37.1714866735745,106.39402412403516
407.55284000813344,134.2336239828224,37.15685147961907,104.36804579674104
406.8921813642654,134.18528795765582,36.46155385341464,103.31247578259823
405.4799300689976,133.1736153916525,36.19006364037669,102.23097205291047
402.21574516084775,136.61998265667802,36.4907146265678,101.0288789260577
394.7301632829994,137.8143398659583,36.06716402679565,99.58286095963796
394.19522346533336,136.3301903538354,35.746627397593805,99.15046036840519
386.9010338236208,142.06651298812338,35.20542904430008,97.99532475101337
385.17199334136376,140.39863351670425,35.246164246561364,96.86613408600248
382.14402518621347,140.3617995969683,34.98976315833297,97.29306029682758
374.38713773475047,143.69880162724863,34.2269324551799,97.07948495101908
368.3135422979969,146.20298755072426,33.49683546400199,96.06652616902447
365.235171303618,144.30030332537774,33.52836621389865,95.97002389217849
358.61734648674565,147.9464533596064,33.13458507676934,95.1711811410734
354.6548012093004,149.96248124068788,32.94309466852509,95.46114066440241
348.5227892648065,150.58992740518698,32.477646397173515,96.03401928381423
343.19918802533124,150.8882855025381,31.798694167261683,96.86823644539712
337.4827982079456,152.48718619960547,31.80207621902509,96.78844223433732
332.36685584919394,154.95781910717983,31.84677946375021,95.29710684864722
326.9549325207084,155.04647335256172,31.789528327142207,94.40529661933515
324.12449821556334,154.83673144761914,32.3690451803827,94.34689980230344
318.0911984495831,155.56651582967896,32.43439730633742,94.60180893487416
314.86062598989355,157.39277798450718,32.88383635031973,95.28271348492842
308.9530075999029,163.23611872374477,32.6437953058992,95.17756353111142
306.8630220924209,163.13762609684701,32.8637047707227,95.57629845243224
303.9418299396358,163.23465995930513,32.939241465819315,96.48206052049235
301.2576743098676,162.5255190205569,33.129526526014985,97.47005482822755
299.25555275584765,160.62321422045943,33.36387002735011,98.12166025895843
296.94054946329794,154.7410030084422,33.44104925420372,99.64943507709688
290.67863529848523,158.73749469974973,33.6541075490391,98.6631431503229
292.18319123244487,154.1392572551587,33.74152635700786,98.69169888056939
291.940772310586,152.27194031681944,33.84532946886067,99.0100272152557
291.8601460672757,152.56864437856177,33.770123758245205,99.05457630708017
292.3764846905218,152.9619058047932,33.612035954959794,98.88404564307103
293.01135359877384,152.77049220655167,33.61252449782312,98.67421580992531
293.98244415347193,153.31489625430322,33.53471266161261,98.51247767644692
294.5069855653919,154.35722486177127,33.393260936996775,98.24211146187699
295.48479878795564,155.07813731146973,33.332067036577534,98.17328038934622
296.5863413940872,154.11258409881938,33.267256493961725,98.23762393813632
298.3841313595594,157.0549738471331,33.209468530409225,97.9527098780628
300.5229273094794,158.3007540364112,33.08189866044585,97.6666179157206
302.55290163390254,151.83661625334292,33.069348578799314,97.68167879832446
304.7412624618657,153.36487796270796,33.04193493678906,97.69787876826624
307.2317963472678,153.75766025416107,32.95274910873384,97.72395355389412
309.4520354404012,150.89174764485958,32.921554560467584,97.78916757788654
317.24043709913315,145.18512418591536,32.88868320406323,97.89131544334575
318.0071652302967,141.52883306609962,32.85937339845447,98.03275796587519
320.1945768811638,141.85572136040565,32.84895620557653,98.08335867084985
321.59124455326014,140.2012571154008,32.81684012446065,98.10145964811846
323.8511683283622,139.88046745078557,32.815889153999024,98.10492196198713
325.787763525033,139.9324313741819,32.81495861592779,98.1065042233674
327.70383513843944,140.7809475301816,32.81479204126025,98.10775761025867
329.5028434955674,140.20426317318746,32.81460419205564,98.1095371690498
330.5653767080255,140.84886607765083,32.8141212498817,98.1108678829884
332.0639174806528,141.35404942841245,32.81404206783218,98.11150348363489
332.8326166303647,141.9631473184874,32.81343604669807,98.1133825955291
334.45489260695643,140.693727134813,32.812896687737656,98.11485204269664
335.4846175961373,139.85843054966085,32.8125428073221,98.11560022799267
337.78662938300937,138.8226716387093,32.81231142412965,98.11625694874529
340.0980654462932,136.13448072577995,32.812175274734855,98.11630506107247
343.44512678682537,132.52996987271985,32.81295453687737,98.11528715156155
345.09657539511124,129.56646091412222,32.81348191709213,98.11471279122998
346.91249695826457,125.85397089621986,32.81395728748954,98.11426920490332
346.81935499301574,123.44247064721574,32.814545942322844,98.11366511917133
345.57190189368816,122.33847642641862,32.81761583154504,98.11136169827778
344.9968249025884,121.18679623884826,32.82293207666112,98.10715686116876
343.7927937935566,120.42948234464723,32.82589108809021,98.10498007365074
342.8894085338815,120.58216441238591,32.83019092338888,98.10146908830268
341.93669151153676,119.12463936697904,32.83474820759554,98.09773980594747
340.6557698600763,118.31162177697402,32.83996209118969,98.09364588706529
339.8158507124694,118.47814961007946,32.84358223435727,98.09054392115846
338.74939066440345,119.19197480131217,32.84687343377599,98.08778775236947
337.9227247470392,120.14042443146734,32.85069476568922,98.08467063088361
337.5359798653389,120.97022936762544,32.853579203390964,98.08217633721884
336.1288548917445,122.18380929328188,32.85771595897518,98.07848340675861
335.26920724681287,122.87438074815263,32.86115731931878,98.07567108535787
333.5270038964782,123.94786325989014,32.87065399915979,98.0677276969384
331.1330713779154,125.08357546736812,32.879404789916926,98.05998636265566
329.26667776867646,126.4976495082129,32.89090213527175,98.04949551325065
328.4771069041105,127.16930178077064,32.90288528457739,98.03927424011546
327.8312206854481,128.2919133085698,32.9123021749508,98.03068710790272
328.2230813150786,128.96225540008604,32.92236821627645,98.02135539717558
329.9697547815973,128.90707977830132,32.929622098058424,98.01509081634362
331.07220657122843,129.5445815691606,32.93378371769452,98.01149698460976
332.8234502128167,130.32467925435122,32.94089755069838,98.00544695037966
333.6065731325955,130.4963989280568,32.94767145410652,97.99954617313415
334.45203242046125,125.74132065360925,32.952008038706715,98.00026706834275
333.9998526401508,119.15152959293953,32.956208299954035,98.01936582939166
332.87148591597503,112.88600016238834,32.95638547579876,98.01997863794276
330.7941831542436,106.48694175280679,32.95631217769786,98.02001405909562
330.3418674173848,99.74114498823383,32.956268942572386,98.02003043980403
330.6004855886499,92.8994414137805,32.95625470649878,98.02003361989968
331.3176191905725,86.0188040620803,32.956250732023875,98.02003303185715
332.2819191893057,79.9852959233906,32.95624973453449,98.02002889297684
309.09002545163014,159.12027067532796,33.07888684977815,95.66777348089894
307.55930909450404,163.13915977181975,33.7555138847091,93.32666725065344
305.21978095484315,165.80008200217463,34.30249103958019,92.3955889337425
302.86228421913523,168.3471685914137,34.945394838907376,92.69274218272409
300.01269010932805,168.96179105697965,35.78079159276256,93.1469822827201
298.57240016311584,171.15788805979784,36.414624468280145,93.27950322383053
296.7905571324984,172.39991989028715,37.3999025266617,92.72822686200809
295.51043422885965,174.24833917413036,37.929080962570794,91.9075415249888
294.81318402047987,180.90934711252493,37.900301140225125,91.7859937115542
293.4079424947107,182.71460220616308,38.628829950964416,89.91090935416528
292.2688885220282,186.60098739704569,39.03851801069419,88.7332985030397
292.0844002720524,189.8563320645604,39.190023581619116,87.96001923652223
293.0139265132725,193.2679737144344,39.477807141583014,87.48488380588437
294.61803103614176,195.57056603542918,39.56504091543991,88.2356476120759
295.09684956979794,197.33240853888123,39.63461873288557,88.313539171868
296.2756633469062,199.70981520117357,39.68886332718281,89.26066161541078
297.11538359650916,201.3953388303375,39.81440823199152,90.8836362496305
298.0481542187504,202.46268090773458,39.93520000008977,91.97124904803766
299.2067386310458,202.3529252586479,40.03882756984719,92.24968295366267
301.14666826193604,204.08862873062716,39.99902425060219,91.88379959597734
301.87610325155777,205.0343832681561,40.049330525631184,91.37051298643459
303.84193116473904,205.70462310248485,39.66956435724282,91.31039699670929
305.81569015804575,207.62418331966225,38.90630959999949,91.34272484078161
308.69196793595864,209.26800082480455,38.21892957746838,90.99394380960774
311.7673985683999,210.93117582611148,37.718640612543126,90.27761301399457
314.97960033156176,212.37599831644036,36.883942076606495,89.40765425541325
319.6971597176217,213.29137721641263,36.55522093327079,88.2254395748993
322.7739490291476,213.6004134170983,36.23193024356852,87.69800354609411
326.8506604139528,215.94910626355102,36.0642633943682,88.74439608194851
330.93684612000766,214.7485101576754,36.24313690871127,88.92362655702064
334.56625897331605,215.15390375330088,36.183491328284646,88.5137636609567
337.83606025238316,215.71708475105498,35.968923388528054,88.93852206587727
341.67544727031935,216.43770478488614,35.9972044445136,90.63748952728295
344.9309846541797,216.2927390643958,36.45162860104827,91.64917510196497
347.5790582669039,217.07008024659177,36.54719451799486,93.44361311606723
351.0827628567196,216.72329495410375,36.73887009712201,94.63484716916577
354.64566733755174,218.52302539070945,37.35008210484864,96.4751527029673
358.48014234464887,217.9558827390952,38.0315997725392,95.88144594839554
362.0292838503353,219.81690680836766,38.046134048611385,94.96440097604929
365.3329680988016,221.7958556892474,38.15513947211951,93.2501641411087
368.4698823029303,224.75365262915892,38.043375616169214,93.00891241674222
372.08734907767837,223.9753758749498,37.51565546846743,91.61221599382495
375.72737902508595,226.77483978060687,37.301612724531175,90.7867104237218
379.65505009625514,226.6289532067975,37.12237560462328,90.10527597837637
383.751291062673,226.489068635081,37.027691065586424,87.97864944805751
388.10156396491425,229.96298256219205,36.81650797777867,87.07943037374267
392.7217313204286,231.27534577384122,36.536431750636645,86.8527010913287
397.20640970889923,231.6497490163804,36.45688553582923,87.67360843719818
400.9780398644847,232.0371880460482,36.31029508931289,89.75654731244822
404.25322551116045,231.3444318930516,36.480502466462966,91.8887339772862
408.6749901884746,231.0616884912043,36.10424777766719,94.46631504024282
412.6852482486917,229.9036881910749,35.845148569311796,96.0823725748583
416.1629872719973,229.75434609315613,35.41434922982353,96.23879086972634
419.50288162571826,229.81996507740428,34.658756288830595,97.217566028557
424.21625934297026,230.3955558325237,34.10434105665805,96.99822541492462
427.23378866508517,231.05468425613253,33.60227906693874,97.29285893044653
430.36126045224864,230.7511889373555,32.611354981900156,96.6374551397474
433.9418160889091,234.01324960166303,31.71517204949115,96.70559607919874
437.93693176866884,234.32950341939608,31.330096157958685,97.04734889314219
442.5123152165171,233.47569852861685,31.562603340631277,96.898898050578
446.9322451895576,233.2707070901585,31.48176038521193,96.29755604498732
451.7078016555602,234.85513059052175,31.231899818319008,96.1542713306378
455.57805632055323,234.5373359424528,31.08726289052413,96.26616551550097
459.5098476701826,234.19974939175427,30.79121654533042,96.16517879395721
463.3427790186955,232.96229630908576,30.32163337406137,95.91707632663434
466.87147168525286,233.55694807188848,30.100814489158324,96.60878404866375
470.9594493205617,233.97441042375942,29.87011783594175,98.29904969831549
474.3626913130236,230.09394795723526,29.52106469055646,99.55241437822049
479.5774577047269,226.78390124329567,29.86929145915189,101.77539591339945
481.3336366170843,229.14494253546556,30.795630495704135,103.7706919453927
483.29354455050543,228.01540384141157,31.735001755021578,105.01010826458435
485.4978446753527,226.5174148060988,32.75936010823227,106.10586856367975
487.6853675917471,226.84856368044703,34.0216638810039,107.61974879349889
490.1950114118986,225.1661535460762,35.1186162652675,106.72921322727964
492.4188835398092,224.65204382956003,35.88741329972948,106.87218262836386
494.0126090593178,227.06783141703048,37.01691115139833,105.6888072500996
495.47844417320863,228.8604177610991,38.403485857698655,103.77523371166636
497.58239491947006,227.78298100415657,39.31990391855102,100.81315146841027
500.3053186015715,229.205092319284,39.41606304696292,99.6150175575234
501.57952412683704,229.10956375724996,39.06353574734736,98.38852256805846
503.53832437917714,229.42881397608437,38.240134423270185,97.94341112889812
506.0424383067983,225.5921944713616,37.223122750736636,98.13474706217173
509.62427707287065,223.3092572267759,35.54378874733947,97.5749954641544
513.3258579652471,222.91959604377246,33.83544545929059,98.26652582849673
517.3205461793405,221.63000474837597,32.70445650134944,98.87286024233349
525.3376685407214,221.47439906117853,32.38792227358238,98.49391384561783
527.9678961784552,221.06147808219515,32.25935061933073,97.84872652196837
531.3712680104259,220.6956169684907,32.60960272870491,96.61040759356217
533.9208417225653,220.64379256978117,34.18599146012671,95.94558443472815
535.3962439065814,218.70032216460407,36.20519022014635,95.41671942843199
536.5540389770096,217.68496421746255,38.00505809091706,94.94868606658099
538.230159730586,216.93021410033336,39.33224611486162,94.84783748015303
540.5782346055175,215.48883378477177,40.95911348536,94.07982458603819
543.5277406217743,213.01876356040074,41.64957183935134,93.80460057860347
545.992236769323,211.93156718536,41.094407955356544,93.4707233034317
550.0818398373636,210.73831724391758,39.37081209454378,94.02770462972164
555.1229481881761,207.69884467949825,37.05285187027461,94.36963975642408
558.7537911230726,206.87336590924977,34.85310047161207,94.98080571290613
563.0756941035565,205.2544611936177,32.497569752495956,95.40637311307292
568.1054519987853,202.58589816207342,30.71027838830807,95.35432280744809
575.6427835503488,201.35588240429627,29.712020810388537,94.7458425985303
578.2763382380107,200.71747032181736,29.826305821356385,93.57445485514768
581.2299489300021,201.21958132318832,31.282125361445566,91.83013836950701
584.18007852957,200.95535614590332,33.37225360203769,90.53241196149617
586.2105663505032,201.1436256108563,35.70686588131385,89.63108691689749
590.9249311350119,200.45245149478333,38.336392461588474,89.37833764538135
591.4532005703122,200.81709228511968,39.981160887740856,88.75112047307057
595.4577004354287,199.08496392163488,42.12023721494195,88.72815142908983
593.6462336231215,201.17193478337123,44.35925553441867,87.14863705280037
598.1195488200613,199.13862353210658,45.18201143204307,86.54588127469006
599.9845419709144,200.15980723369563,45.45417709643165,85.83587676175546
603.1919224504486,199.19103101969444,43.921716991092495,85.76164725883439
610.1998496696609,196.94827662337508,41.514270526911034,85.70697298415129
614.8474463297146,196.02151458440534,38.35225782508992,87.09970797765632
619.5749344275795,194.23211555715596,35.458967191494,87.98513664357469
624.832123799681,194.40273633701736,32.854157233912034,88.78700404781827
629.4631305145825,192.1311462621976,32.12854746011484,89.54560253623345
633.4922249091143,189.31734641425066,31.879338182312292,89.26856203437343
637.3953816307587,190.03526299908913,32.89999770044918,88.74931150868224
639.5601797279046,188.86053885410743,34.48141653987925,87.83499041044678
641.0601538257558,188.1876441816709,36.220702314818936,87.56831377765108
642.3200159675702,188.98071160622067,38.2681853676161,86.60287583082663
645.3334429324677,188.9149342344212,40.07790265440414,85.63154580498588
647.4416562841512,187.94827011017946,41.45292998012052,85.46235215710703
649.756462545321,187.2027009864491,42.392608095750724,84.71546736188898
653.6464931834627,186.14131491492765,42.010553258676474,84.99971170627919
658.0173829320767,185.1224807699117,41.009945121464334,85.19136025143801
662.5157941319417,183.95955291128496,39.00301043612033,86.04485142382302
666.1706061867694,183.42855415824278,36.890587578448454,87.82940623619712
669.5872134603258,181.07245248515477,34.764835818964116,89.44256502098698
674.667426246255,180.1363301081155,32.784051017064016,89.67578027219693
678.1370205526729,179.62880455933384,31.317014160514795,90.47099477708596
679.2768341032745,178.11145572727352,30.84671883402327,90.79524465296807
680.0969966356946,179.09119980090824,31.412255814471195,89.9087910306162
680.2987978118305,178.5866029805,32.81671232011719,89.54744846327995
678.8523869800218,178.5958530700459,34.778363102939856,88.71988943914496
677.4823804536906,179.21718278328333,36.18596248220167,88.76653975273659
676.7162149829542,178.2161800960244,36.830941612742095,88.7010607484398
674.8640576129604,177.19583424811225,37.03074189693439,89.22234636401808
672.6843811931635,176.0065324905603,36.92398879857049,89.25400983853366
668.1959784271088,175.41025700282205,37.216176334463974,87.79765148364206
664.3530620735559,176.06629077742394,36.39095977094,86.89357716168175
657.9584085062835,176.54167447445562,35.86796813076551,86.1877812217619
656.7343011327256,175.8138699584772,34.2860238812993,86.67858864420256
655.1416412033544,174.23670871176188,32.077727063711016,87.46381414323318
653.528767190193,172.15478110678134,30.122293659217238,88.03218414277559
650.1480747249361,171.67089725711094,28.946828995614965,89.4744049039355
648.7370540432668,171.69317446652244,28.68534398604407,90.61271062114457
644.3340488368161,169.56420508092714,29.284261160114717,90.3562412807629
638.9626802674734,169.13404075052566,31.150540130770484,89.31136040024508
635.0860302949641,169.66250619898153,33.28845406657277,88.23774003702081
630.059462738767,170.45114435946033,35.67546102039747,87.85002508309807
624.9849624092593,170.128181120303,38.29633305545045,86.86562469430916
621.0065923022927,169.68437768412068,40.0586553158925,86.67166773629815
616.986723351285,169.83433248414724,41.26838185011012,86.82146126339083
615.8169023552729,169.55328249131222,41.606419285096976,86.65633242873692
615.8079499478555,168.18270313151828,41.62200348389139,86.39830344042379
616.1464794005364,168.35345440145633,40.97554865603266,86.25128418072956
618.7729414355924,168.90215494704802,38.75974921970972,86.93206452322384
621.9789728369135,166.57825994471727,36.53136885877903,87.67035655158227
624.7111940679533,166.16275477677385,34.00203887304826,88.22405156888462
627.4931979013297,164.02496362872697,32.24151445405235,87.8635130687748
630.5978765171535,164.57777119082314,31.11654643215215,88.12683197988368
633.322839228048,163.652847029756,30.546911041796143,88.12179353176953
637.227699719607,164.6524399601933,30.081534674614378,88.18568321334489
640.4451937459747,164.97374103480206,31.16803385790189,87.54659751278902
642.6785518239586,165.11131595899647,32.669879828093926,86.75579083551993
644.5617720422088,166.28994265769103,33.81273685787161,87.01752428314728
646.3766310026698,165.98379721150425,34.98304678423952,86.84976340769474
652.351192254984,165.8565644003746,35.73416822950139,86.90927703374685
652.7586142377147,165.65989263096463,36.77004300068848,86.28644339513758
653.9330525862437,167.1030754483521,37.43993675994464,85.5841566921711
656.155269132751,167.24798154104906,37.5058496027515,85.02330329231108
659.4380331522394,167.46303267226742,37.278957962090125,85.01763166842606
662.6927788897123,165.76534548727724,36.397987452720706,85.1207778165131
667.4500233835747,165.00935425489877,34.17870739596498,86.23811688513094
673.0196582467718,163.34795568463858,32.22001971607972,87.56842587982304
678.5683197687671,163.0056230000107,30.645730767853205,88.77087280473143
684.4051625735177,162.0027132384816,29.473435615505302,89.48346477442203
687.9218248148089,162.89408942575807,29.38957879191931,89.890974479108
690.4117948844461,162.17380116774353,30.052105674587168,89.33133379581146
692.6475172987053,163.26748116378377,31.713907267882554,89.02764079591847
694.0519954907923,162.72360926391877,33.965894487224446,88.12881900574372
696.3636730523848,164.0950567664844,36.32059865587897,87.39081754194851
698.3049422531467,163.34765001475236,38.559380502005325,86.69416280658203
699.4422001484454,164.82442299401526,40.08808546030919,86.80328755575886
702.7058197513237,163.09984178752228,41.82590572568293,86.43752477495822
705.5743330890518,163.8638071105817,42.26965278527321,86.16919870208919
709.7910291193552,163.34193459578592,42.73928921282561,86.44459998501864
713.0681023057348,162.35971807761695,41.60037597528986,87.71373804512211
720.2191509675536,160.06067361583018,39.840712390360764,88.52741029312803
725.0299245195397,161.01753577253942,37.078668555584045,89.39926208482731
729.3668264325875,157.4088594216565,34.79203266009149,90.30817171713518
734.1005796725726,158.07761656679244,33.09227215180101,90.92625840380725
737.6144200343095,157.67645217144627,32.06780674128485,90.86712287288628
741.6044120653102,157.05872636280623,31.679088834526546,90.74616601333682
745.0756170782325,158.36876802801558,31.704713552944426,90.85116770298345
747.9748856769038,158.99753527931676,32.5551502974048,90.65465619728357
750.3653141711387,160.89298421352404,33.37101162024486,91.70464730591975
753.2412680291119,159.203214478971,34.474391456178324,92.05661509686419
755.4670986300116,159.58626115672055,35.448968791213694,92.09414917275781
758.2223505871261,159.2222922851118,36.21810745892445,92.34038241267754
763.8908042223896,157.53022066365725,36.676080101727436,91.79600330718269
764.7267387694716,158.55033595871873,36.9039821018858,90.91782129532203
766.3995893620365,158.24138038238465,37.45245167786423,90.7331598399961
770.5995281120624,157.7310228770545,37.533924122880684,90.6312443737048
775.6797249095048,157.43675190824288,36.61743559544001,90.95422139280997
780.7967431044399,155.60963136747245,35.43120594537682,91.3354660487222
786.2399229034553,155.4240857205018,34.055603793635036,91.41060281719274
790.9934155043686,154.2380325549182,32.83660343983083,91.48680165095395
796.8170210587605,154.68938740516205,32.19613194744119,92.71769170861444
800.6860406525251,155.35656515238674,31.976984094445662,92.8103472271961
802.6012955893997,154.30934915750822,33.04105601543526,92.28385140628413
804.0886830003762,156.65836152423375,34.87140309213335,91.96930245332017
805.5294348780216,155.23190935438618,36.926121890095914,90.84725862521444
807.8953572831898,156.34607814904183,38.829520972428966,90.93370866216961
809.9962599583212,155.63271830434417,40.41487697241646,90.11080958287292
811.9329873233119,155.64501738557786,42.251986855777375,89.74845484625159
814.9750665340695,153.06931648152596,42.86194168880934,89.90255698318232
819.2564045522457,154.31351950201307,43.4390056426912,89.76181482160264
822.6669196210419,153.3755148621156,43.154150279268876,89.26313809866622
827.308841940688,152.39659073454783,41.8472200457992,89.09410546963124
832.195621538083,152.57080587430755,39.77828931856933,90.10286782564796
836.0448252573005,151.34524395679134,37.63990709528295,90.22427950819936
841.0283207471512,151.92693282025476,35.586919964611205,91.35257806415518
843.933532938114,149.6132183982602,34.68703616343507,91.67804977771223
846.8913190276586,148.678355678977,33.63503896603531,92.3579543306203
849.5910338887602,148.9589648811367,33.26416416021394,92.00882342341603
852.2602464094343,148.89697459956412,33.44106371145604,91.81710080314866
854.552789297727,148.33773654149473,34.24005882171154,91.46376467105742
856.9662701896527,150.81171404164917,34.99222864110096,92.65229429370392
858.8290349660907,150.33537830860664,36.1801092749926,92.12401826528213
860.4538651216494,149.88431766731628,37.06886668466998,91.6508572602652
866.7720895305121,147.8058313062532,37.54008102154669,90.72029889260867
867.3091164295919,147.36165302799145,38.52606173686054,89.6750243866245
868.4625355983063,148.24010874264542,39.519153733522835,88.63620426638714
870.8676421164525,149.32177477597497,39.85274047902974,88.24281078787047
872.9247119362924,150.6350447895251,40.30440818187943,88.1321089069799
876.1188595480563,150.73576085056942,40.05529171125062,87.0082317856733
880.1395200285658,151.1392259323902,39.56789483394151,86.28883317375045
884.9582699319657,151.57914625038865,38.04232396696104,85.9533806531596
889.8430998502442,151.53360622954864,36.16801172561868,85.53216407780846
894.8303765787431,154.47618379630148,34.62068814990762,83.76882128790024
897.999159644296,153.7008224782428,34.28496499441815,82.39519962279385
898.7800667879314,156.33553543207265,34.893356300256535,80.33596615707442
899.6299448693671,158.1355052877475,35.7615050865733,78.51459948191861
900.5526974643097,161.68079545710202,36.33725167052248,76.67950849257477
901.0298160684171,162.79301750593268,36.32289119751821,75.85095224662854
902.6275817254577,164.32467040826054,36.420919434675895,74.81312528184708
905.9122108562236,167.3599649667119,37.190422025957744,72.70831546944875
906.5745366437561,168.48240546347625,37.51201795703456,71.0778867187713
909.2275554704585,170.0172841984171,37.318845274790704,69.76819277790426
912.7125062925068,172.11554563013956,36.56010047578677,68.2559686681977
916.6066452496578,174.62290323459203,35.58429156706936,66.98597463353286
920.1742341310494,174.10582055339597,34.49764438289947,66.00974470745754
922.5711552193603,174.37724428001766,33.24199209427823,66.01499665282715
923.9546514166849,183.02336164156947,33.09823397163212,65.70406991312198
927.3924324271453,184.99421341043146,33.10521456087988,65.6874209255689
946.8364871652154,190.86829064513893,34.21012418874359,64.66361261704266
950.0534864980069,190.54278828365784,34.83689317376483,64.11167222682273
951.8350685028312,190.99539381922133,35.10476310919985,63.89036878375514
952.2018407040379,191.9959314756071,35.41581537884455,63.64553646147737
951.7012774794016,193.20792652802666,36.005561984167,63.186270539720844
951.5910165824683,194.65223516565453,36.496890478024696,62.81380302375772
952.2110791743826,196.16179931461093,37.77446310532285,61.83941635639909
952.4097218282175,198.1616908051021,39.410428367950324,60.62309089304067
952.1858940692559,199.9835793590225,41.12301008101812,59.389371806745245
951.3726009243717,201.48115071754393,43.53816373500246,57.823344623531156
949.6954283329386,203.16037087165117,46.58648907524386,55.432498581254514
951.7670486897662,205.15603486957738,50.03521499061709,53.02218843723161
950.0512966356471,205.81259804896254,52.022606917191645,51.41531364010297
951.8059772956024,206.88859778970362,53.14667607823815,50.782642275991385
954.3840009736588,207.10806478446884,53.6725454358401,50.50549826997193
951.5580843091532,208.75914233536116,54.19294813893555,50.202382341313545
953.7634650178783,209.22198720149584,54.69795963637196,49.92678437635529
951.2459126225926,209.54180837745918,55.26761700110101,49.60659994283413
954.5400202967603,210.104570551587,55.84064747567203,49.291233608875984
951.4362456173351,211.0525379154286,56.776900810200104,48.79189936604083
955.2082535235137,211.35706489300952,57.20297872495461,48.5601556273058
952.787189234926,212.27026700485865,57.63136762088603,48.34201644591252
950.2047204344216,213.0981010875928,58.22913889346483,48.03354295207507
953.1333001168638,213.24253734692843,58.49924355140761,47.899022397996774
950.3288207446702,214.01405833891067,58.828515367999294,47.745691794037135
947.6342278335907,215.15785639104064,59.11029886548188,47.581200023654795
951.9596883968376,215.9087267469669,59.74800345615111,47.30045211537589
950.5157742031067,217.11567464958503,60.22049404263321,47.037203711949324
948.623781573709,218.678531371188,60.90962852284873,46.65112263683115
950.9596193912598,218.58882198741864,61.49048298570869,46.34870723116732
948.1208126180052,219.78843295639967,62.37116764961908,45.92043243962097
945.9586028208823,220.86922288988927,62.83310994131344,45.717628927431534
950.1843409502638,221.02354303495315,63.328223152460225,45.511576560711305
948.4485216477791,222.9734888393686,64.07975038734305,45.076667938330594
950.9184938456593,224.41274344077257,64.85567208044964,44.63819693971577
949.2092152535344,226.49252436851512,65.70686719461614,44.09403659065462
946.6737539776946,227.74591095284023,66.4158050165289,43.55056853770416
943.8734979928155,229.63154717861863,67.20391616841593,42.884817765071936
946.2661129560488,230.9573721481393,68.18228039249233,42.3054181922415
944.5952605437923,231.33832896633874,68.54168159762078,42.01147009911281
947.7868242230152,232.78749310115438,69.32301489820212,41.588600451460266
948.4572893665309,233.47651939967875,69.95506785225194,41.311556746470835
945.3075463688066,235.08676985916838,70.47789531269676,40.95874209915908
947.4200226908956,236.27388642998903,70.83736525686697,40.787250818861146
948.547363151071,237.28617790336892,71.79707985958767,40.4098957554403
946.2541973314266,238.33052977749094,72.44966396889293,40.067822914255004
945.2319352482592,238.6348897900204,72.71930033501096,39.91585265626113
949.058154231423,240.01265314165104,73.32314231405691,39.70840758942863
946.6641204895324,240.41180885238163,74.19776408670235,39.303980051920576
947.933515959099,241.65468395081467,74.94282810896418,38.99660128449784
947.1137801624612,241.67956436190047,75.18053948171215,38.85744095319433
948.9690540280998,241.74802296849893,75.61844117136418,38.79218886310248
949.473806219318,242.8703282263707,75.99648058642055,38.77438951793693
945.8977538059772,243.5519353467171,76.49741420567413,38.760164406310594
942.0575852476343,244.15876857732619,76.71633889255047,38.767035488389254
936.0431826080783,244.3877820722402,76.86258725637941,38.767435808551106
912.7295010589747,228.26699148097498,71.13796823788711,43.836058617058136
917.068199712479,222.82127440061993,64.95881140176503,50.02633139318573
919.0891916378628,219.5198993768486,58.665368667711746,56.4045446641857
921.7987940357307,220.9524600432216,53.401355233880075,60.94703803938647
923.1926388325994,221.4057339398547,49.5620204804213,63.549366569820194
924.9084384705377,219.17195957139876,46.23799523530169,65.59698174922178
924.2708920124309,220.66379749195028,43.956389113963496,67.24429927436017
926.1187601115231,216.72702853046516,41.99172319585403,69.07730317786019
926.0319501769666,218.19791776825508,39.99800612420173,71.18659253141243
926.7800402183026,218.06008310855162,37.73522191602998,72.65330439327695
926.6835136237742,216.8149216705844,35.801015612212794,73.7992232870489
926.2271330510229,215.7193245719282,34.43383734464473,75.50227424891622
924.7395579681807,214.46164848955758,33.56053589594899,76.75269890721069
923.116718471645,214.45741527902348,33.21248372408827,77.56652385736977
921.9457760130584,212.83844967540193,32.87699022520004,78.88828267939707
921.9231211167516,212.46232199438782,32.69642662201298,80.58671081526336
921.0344577528602,211.54879021021517,32.15790356875947,82.09977380687411
920.4320828647717,210.5895607096753,31.30592688924788,83.66001717789939
919.5156204937776,210.96239931045884,30.655000436854465,85.08476109983695
918.6665588910843,210.2539345798052,29.853634096418983,85.75709652361145
916.5561672843795,210.97632154348344,29.432441906996512,86.31273148411807
914.1789241811875,211.0450747041769,29.52423461286172,86.94240489028547
910.9666301347828,211.61962537732637,29.884383408948683,87.47606521314546
908.4652118773791,211.32000431609146,30.475984114429906,87.09129091715826
905.3877385359076,212.07044651356364,30.754245178018564,86.88734672969531
902.2009219765612,210.38202270103946,30.457869160511624,86.71626077625245
899.7353415638386,212.34014612088546,30.516543871454722,87.28323451380044
897.2737939429927,213.02020908957587,30.46686079283408,88.73318481314449
894.2604833215973,212.60757687680294,30.343998354899682,89.50124220192693
892.8751823419243,213.20343241915361,30.11594118033464,90.64819707944477
892.5617557929947,212.8543388812166,29.221411946345672,91.31126748652828
890.7650988872897,212.5459887399421,28.841257692493883,91.64918179528998
887.8525485663521,214.81728167040347,29.04094300920434,92.9119738945723
883.5199637140911,213.80975758744654,29.78528961649727,93.54312034520754
880.0646087165666,214.1674063194273,31.047682751347253,93.81241502096694
876.684410080836,215.3650638829112,32.16428167152071,93.50472301335338
873.4313530973778,216.8256272665552,33.394019391030895,93.24278165561127
870.2717885110408,217.21337407654576,34.57256790956073,92.53457309651269
868.740044433365,219.0127050812711,35.22996008331437,92.57791581537931
865.7304473930614,219.24526310210013,36.26398427637911,91.5811740260406
862.8881139726016,219.5600595428849,36.751894277546285,91.75444986834037
859.3195903706161,221.8297921175656,37.744513228343486,91.38277179402164
858.121793372136,221.74530978639126,37.937735628013485,90.71013782641887
856.4558259791064,224.47025068217238,36.93566076670352,91.61492512894236
855.5665152781736,222.15305661680492,35.668544663610064,91.81746473367626
854.5138543857146,224.20597275823903,34.243455920345056,92.82886572717523
852.3407313501522,221.74117847399236,32.82322822132829,93.17829939988609
851.5105995409459,223.05433542541923,32.1401800530892,93.19332718328114
847.8172488168473,222.19944816575807,31.76259116849235,92.59182240572846
846.9185545774767,223.6596552580635,31.1636240182661,92.71831969916019
844.4973810979001,223.1372772411787,30.91041471826398,92.19593098138105
841.4217674841003,224.8020277585406,31.648530259157134,91.79289283537491
839.6708091443364,224.77742701434684,32.24459700506057,92.12337764275885
837.6490946853681,224.98906829180908,32.78264433882971,92.25748983080004
834.9630033484145,225.53755985519615,33.470762624461784,92.8203742291266
832.2211160924891,225.65818135103711,34.04032347893339,93.08768992799266
829.8400484092593,226.2275669292335,34.17277010561644,93.14292247280991
827.0286729929866,227.30822247344062,34.34614864659682,93.37948621654898
826.0136204734623,226.12964911433664,33.95298584430636,92.46105252856798
825.2809569890077,226.7971734479642,33.106220747404485,92.40014302719113
823.9278830935596,226.97974484294107,32.21444597474773,91.52155009151598
821.9361811417397,225.99603597863035,31.328275331573735,90.83003871056405
820.6208329945933,226.6695253723523,30.06099665790978,89.82787872380796
818.9356073977691,227.22514599552755,29.551739084620877,90.17311917263257
817.0792273799851,229.18781779870505,29.419279746485827,91.77058268755445
814.3753182388944,228.43893333227732,29.480586664684434,92.4647665679197
812.0856762785451,229.21493507544,29.86157499212111,93.29346796135508
809.7096853828816,229.45939499516282,31.17730132843108,93.4157826080125
807.5273252434503,230.25262614031863,32.68681249512634,92.45773172993994
805.070727688738,231.19597175746878,34.38047487635568,91.88248835445003
801.9463991086727,232.35897981183624,35.951382879534336,92.12902444984724
798.4689783205661,233.20952586565934,37.743619646940374,91.8305008017118
795.5846031797101,234.30582775190985,38.874999342256785,92.48955155878237
792.7105174448532,232.908177824327,39.033981759389036,91.59538303015897
790.7695435379759,235.10399361873138,38.162892120445825,90.97756969582106
788.553839630528,235.7930646993784,37.48155751133022,89.79862780708713
788.1168059523607,236.7601360441531,35.81639547465973,89.48357317124103
786.8932385488009,236.2617367838792,34.299935368296545,89.74079404076497
785.6602030570372,237.5499072337617,33.47731983792328,89.08539067914691
783.1522545349569,237.65043486759032,32.68591106924801,88.87639574777404
782.1736191414524,239.31131536284443,32.39107423601788,88.30936641238668
780.2591843309353,240.48037071322693,32.12735924706663,88.01866453082025
777.6638862750709,241.22473351874046,31.86507259207181,87.39132498050795
776.8133683692615,242.37813864817875,31.556264100559545,86.66477380633292
774.5799962108557,242.8702405445353,31.342186521771843,85.91684519479406
772.1368795959796,244.42049483769736,31.434830636381008,85.14152977520274
769.7323484840304,245.1401127640973,31.875338744984308,84.73842899987937
766.1551418291353,244.00072974369635,32.09944418963135,84.61638551423775
763.0291109177376,245.7144385996632,32.20951773499144,84.41279897906192
759.5589970685035,244.93455646667658,31.968272655139504,84.20993969652744
757.197682082009,245.70240713005768,31.467015184586007,84.1558671453619
756.1959395312224,247.69476548287548,30.893580253658,84.67454552029268
754.0215843228467,245.26587237000655,30.362824136748486,84.8843934945352
751.9606419925343,246.4008903062421,29.53754712287381,85.13631835738508
749.6264129272834,245.66864533906335,28.676077999652584,84.13744607479317
747.8714686611285,249.15909927436815,28.16701082441219,85.48401947402002
745.2176926134333,249.18866958856043,27.9886558420132,87.53476096195315
741.6993217205595,250.25550328751336,28.734136431624435,88.7641189909119
738.9916635358885,250.04753378795186,30.30624973318685,89.16705783051053
735.8835446678316,251.22281422002257,32.494067497834415,88.38330972004648
732.9404069203298,252.3836173067091,35.074552091654205,86.93577270093594
730.339458865156,253.99992375864048,37.19310994135125,85.47733341443617
726.3465700257506,255.70738047764894,38.99257208366286,84.57208665770898
723.6497173919073,257.6985917432218,40.309072647064795,83.68720045201796
721.202121378113,259.3694077287478,41.03729966687135,83.42958551931135
717.6228848125985,260.43159003156165,41.58737722142337,83.98004467466995
715.4924505653692,261.8053019228956,41.209325885559736,84.6253096432227
713.3675610055534,261.89669453156483,39.499886503146584,85.37571137418365
712.3507397384618,262.0178258718587,37.02464937576981,85.98683771833042
711.8664111530898,262.4458919773414,34.83215299159743,86.1048652845295
709.5440317187022,264.2167756511025,33.101371603872295,86.43065427054906
706.8130428213291,264.3768783170731,32.158936175351975,86.0466100618241
706.0656148304104,263.77833765210124,31.453865780846662,85.62906009656365
702.7722296695804,265.75795258889536,30.708243886777723,85.48091163242981
700.5429356028783,267.0897384427713,30.703765442270686,85.4584889687147
697.1723544294342,268.15951802407835,31.092435456700287,85.07890750442672
695.2201810973339,269.1979206299984,31.401367005544486,84.59720674853449
693.4010939751178,271.14511487339803,31.649942403541317,84.03208266412483
691.2080272372558,271.3135858903134,31.9779975902331,83.52602735190513
687.6960715506193,271.8751852223396,32.502718156163574,83.22541671437622
683.8915780332761,273.0582376651526,32.79007995815348,83.22606707586633
677.412177672587,274.8125619466119,32.67898016683653,83.22835191214824
676.4643342560965,274.72231755772714,32.087739490509314,83.20699517812363
674.8432399233533,276.1355900598041,31.213693853475128,84.09300582086605
672.9177638254511,274.9152725741886,30.328208251733322,84.4888471862927
671.4110908108444,277.1361582356209,29.77429163141062,85.4988127904605
670.1933679036039,275.7888021205252,29.23620143133462,85.74927539067751
667.7086905897462,277.39154625455325,28.923936987089604,85.35766351307855
663.8366985636482,276.8372842627872,29.420031997384985,85.20130672020542
661.9438129544819,283.26753273457683,30.265619576191092,87.9432019732814
659.4302772182025,281.41707798539574,31.864693698057188,89.08249290513052
657.544555727695,283.26477002415396,33.95233765067562,89.95017817118094
654.7562302364729,283.9248495772903,36.20373514648655,89.97890400505568
651.6748495039542,286.14848198665777,38.26416640369914,89.56729039329088
649.6237587735416,288.69033038500214,40.25314076270255,89.49898351588322
647.0738584495865,291.25089278144503,42.1170584130999,89.80178650696345
645.0168817170002,293.1748076626237,43.69542552115576,89.92590846770483
643.1538150800328,295.06973665160876,44.5507344580849,90.46637847740564
640.6105736355111,296.93375825482815,44.86926871965639,90.5858112765211
637.1107077423138,296.849910443623,44.380611967690385,90.6723281592644
639.3597135157784,297.0098071886801,43.816379183578555,90.35691184287576
636.7310369486443,297.9407195116811,41.54754632846695,89.96096985583225
636.1917462388498,300.62545901371533,39.435352830453525,89.11832057130718
636.0227504478106,301.44352636599456,37.41200579711421,88.66641202202979
635.253571319695,302.0255120062672,35.59469193229746,88.52896313947949
634.7602796116356,303.26407425383115,33.99409330343328,87.78433979352917
634.4545342731727,305.01404910689416,32.829398348607214,86.94751965550307
633.0830434329259,306.29011026632577,32.10649462832866,86.05073085562188
630.9460809555117,307.215557264508,31.722829193905405,84.95067549660936
630.0495376374132,309.63506296847646,31.71500344988379,84.16775396675473
628.4195465444509,310.9076416365624,31.8741412525687,82.94299758387567
627.4893381028398,314.21076399602833,32.158018261713956,82.45018765650879
624.5437218641626,314.95512157130946,32.10290064141205,82.0121210760072
623.0792043496101,317.00998822772806,32.28764245762669,82.23696293940907
620.917750912967,317.54757615783217,31.86113250275737,82.65260379158036
619.0085907519201,319.3613503684295,31.053199696799375,83.48536439901113
616.4350611672719,319.36688375240175,30.78145231320883,85.00471650389991
614.5871105674934,320.4584373568457,30.789486586572636,86.26838020146035
612.7118526191738,319.19367514164065,30.6396225870479,86.32721366621793
612.4652080980085,321.6097680529428,30.625105745493922,86.28713780989172
611.191785276544,319.8202228562339,30.87017140299514,85.78968058062888
610.344704079863,323.57350840452045,31.06096053109053,86.51703434977848
608.0088994228888,322.936896926946,32.06988421233339,86.18547996880675
605.5704305020662,325.39339689648756,33.2652689285972,88.09632827725167
603.8637534515079,328.38795674046884,34.53913743210329,90.77252421734087
601.4406694338066,327.50310767745356,36.17535287465604,92.20505171267806
599.7159108972443,329.05519863011546,37.630951767315054,93.46327081596014
598.2598324462508,330.5974479537679,39.00064977743331,94.51636114646897
595.9589817277699,332.1158872937084,40.54284575174863,94.86941939056871
593.7059635813727,334.35249132696435,42.1130309474363,94.9772879460661
592.38770389934,336.3039700128158,43.26699456446946,95.05327726015422
591.7014623522609,337.89797139997256,43.91220967805197,94.7623904316567
589.8325930806343,338.68747182704413,44.45815978632307,94.7766285272893
589.2909621620535,339.7893930257421,44.41789981867503,93.9556256904021
588.7163055387757,340.3237321127814,43.33418179234243,93.15131238472603
589.9949325568476,340.17913858399584,43.426693247684184,92.99143411465269
586.7106370467818,340.5492121705159,41.61319179192474,92.53192572578284
585.7749516957903,341.9302736692853,40.182023145305436,91.78406111294848
585.5850065601834,343.75414879075083,38.76881150974292,91.26211553272191
584.6297109288494,343.4039919737188,37.30195421360346,90.08167541121655
584.1481980382681,344.44905381754506,36.23120275782764,88.93391051539217
583.7219670616977,346.58177118277035,35.409061487167776,88.70768038241476
582.6991848006522,347.6264039507873,34.84466759899562,88.14111014934421
580.942796529722,347.9419014045283,34.77276596779075,88.1155169366367
578.822335763214,350.5091979696784,34.84688747868158,88.05300871005367
577.0127593265076,350.63889208478577,34.826162794339865,87.79603258318825
575.6207767032718,352.7845318545581,34.83083283474158,87.85642283200416
573.51869592563,353.7272557902693,34.88773706199163,87.73424724604321
572.6388814824888,354.36869714720376,34.84775330693943,88.10565079754741
571.3765061932489,356.8850078915474,35.05024827399971,89.02868822151885
570.2296103732175,355.644702913184,35.29995727246088,89.34661659865579
569.1866220918366,356.1108273904783,35.734510619356556,89.1573885958152
568.3631004030076,356.73391913680206,36.12109290501936,89.41410975671684
568.1011365436482,357.12126996456817,36.73824239247497,89.92306887064714
567.0345714320375,356.52836526589823,37.601758992077386,89.97741330979616
565.9818476813386,357.82368852327477,38.76454038009841,89.58248699081336
564.761584280171,358.9140690509549,39.52248587693005,90.00517981004113
563.0993756766285,359.2375275311857,40.10562801191706,90.04491199327528
562.2968200870541,362.2067091099816,40.800533946047835,91.14013962929309
561.2775529472225,363.79568979671046,41.66717379459698,93.44919207266892
560.4491675423609,364.75495386728056,42.457262134475314,95.9008712412516
559.5749993141128,364.83432105809834,42.72254085362105,97.23252596827385
559.1695130854122,366.80044303249025,43.29842950748777,98.00184871565703
558.199959787689,367.2349297749197,43.826430827780186,98.24474051285691
558.0316808111802,369.22329023557523,44.485735206664614,97.69003215906598
557.5593057058053,369.48003496047284,44.98505469160162,97.96481908361079
557.3472645048487,371.1001673088592,45.300753929705046,97.61390241692828
558.4586745528002,372.62296668926064,45.65079121371545,97.11488802387763
557.9019977862027,372.3751493820039,45.208985416542255,96.48631073100431
557.1110198622061,372.11971515703164,44.984367515946765,95.70799890217074
556.4753635187175,372.9833967442023,44.60784828611513,94.82072308201255
556.6851356844636,373.6024075764842,44.053726054451516,93.8593258585957
556.5751608295697,372.99462480082866,43.26259120765994,92.48544724944531
555.9634802146214,373.23193527677296,42.30310970608048,91.1356334765309
555.6226023837253,376.097448915934,41.47248643682719,90.35765442742624
555.9150180207739,376.9428545902125,40.954482608952375,89.25990553929182
556.2454051567016,378.95828937744056,40.04694084599462,89.55655633531916
556.333886258594,378.6693263577074,39.53843895171529,89.16914772093101
555.8224209589603,381.6848205456557,39.34489084557673,88.92901236856352
555.3073850740171,383.48126072951936,39.19001834342147,89.46769900217902
554.9034500239745,386.6379477012544,38.84900808099611,91.07606988216467
553.4690695520769,386.2964237027531,39.21252310079536,91.57699396480636
553.1019553077197,389.13725806795185,39.14438360426126,92.50176291751421
552.7183752247847,390.67710638069286,39.21997473984622,94.909159263834
552.143551968328,390.94175132239945,39.1724885461176,96.36327842754753
551.2128225702545,390.8246046203624,39.47324823700173,96.65483109695519
551.1637703737684,393.35527895814454,39.65815869630827,97.12169830655321
550.9780086409028,393.464575100979,40.06917336099646,96.87688931089787
549.6184633755423,392.65431102902994,40.51146349765926,95.99475598819753
549.6595160458622,394.0788663271332,41.23242733130904,93.99947048430673
548.8316845835524,394.6040772586342,42.00041133470618,92.474299503215
548.0214273475839,398.0972802980465,42.616879128099875,91.79156240022058
547.4044218121984,399.6811781902897,42.770653525515954,91.47420354162219
546.7301017324187,401.9489491025013,42.857415909883024,91.89597525479662
545.4289270551203,405.48466146338524,42.98144418904031,93.73573961231347
545.94441704027,408.90505828687265,42.57540073979428,96.25139318518717
545.6819446649637,408.2793373070486,42.24855530066375,97.81666283829772
546.195267389994,411.42369520555576,42.012575894361696,99.47639045406413
546.0881265276472,413.4723070434931,41.73353921032747,100.96068828926728
546.3036216780527,414.2362944110115,41.72430726322683,102.00876574310377
545.8418388699008,415.24644713624764,42.107756092573695,102.5238191984238
546.6113943813799,417.8433019825974,42.49360091449476,103.07552805430832
546.1376992298581,417.4518267782026,43.084571982070344,103.12494615356574
544.7407477051133,418.3849015106664,43.475075564091576,102.33764338167698
543.6319125653386,417.2762028910411,43.73077777933294,100.32631614125228
544.4054546295808,421.36709815175885,43.76704621661379,100.08786830551632
544.205619118949,421.6610715371655,43.212104744362485,99.16143736665032
543.1926676140853,422.74452030507007,42.6365542113806,97.6939954496995
541.804163814477,425.16792937167537,41.902866353138705,96.91816740209069
541.1784722861453,425.51937712120707,41.13267586625352,95.2605300674331
541.341514215121,428.60865325291985,40.512833466956366,94.3657927110816
539.9526616767854,430.49910298346396,39.87858414070418,93.12574555826663
539.758140800253,433.1553402596294,39.55236932199903,92.62829728919993
537.2458282638528,436.32843726198564,39.70926377727645,91.90894626010389
536.0190024867136,438.63094612383696,39.91397605581312,91.72149388216538
535.2620178193196,441.1391705407426,39.96677114095213,92.22672969496057
533.2913434015646,443.5071262784714,40.754207193792986,93.52974052937853
531.671148664843,445.058718648517,41.46080584043868,95.36767546015521
530.2843009226709,446.49315486111567,41.37359543908662,98.65288437956238
528.8386891271361,447.74049711619057,41.53358972488867,101.53214701296727
527.5264303247802,447.4672263653225,42.12394600033119,103.08112491416315
526.0198193744013,447.7062795108128,42.4076201620601,103.41588119823672
524.9495682748949,448.1377858558719,42.809734299549476,102.88196211339844
523.3364576352562,448.0505495654343,43.485001713775475,101.3890778455569
521.4207473735639,448.59871742707503,43.79709149718515,99.92810182677002
520.5379340873529,451.85956799012945,44.05722299819602,100.3894081316914
518.8611380537203,453.03368858600425,44.38790876205554,99.84098032972
517.337907101624,457.5610898412448,44.27849641392886,100.55831546114568
515.9993877872616,457.4271649744435,44.47962843216458,99.46637856507135
514.3036874792383,459.2039543129928,44.48558989072535,99.3891580632505
511.5455675260354,461.2510401641066,44.38109033713967,99.67619621133414
510.0124405636902,461.3582512749648,44.22354956311496,100.53957712453604
508.7227579478945,461.5856597369864,44.88375180604363,100.71739335011675
507.43437021764055,463.53943840469606,45.406564797450486,100.85609064955452
504.9288080762163,464.1244934071464,46.66939329630244,101.4872504143224
503.57068091424,462.8430448133758,47.098887290054925,103.65687690069367
500.2571486282535,464.3942588138113,47.745666694333714,104.85714846571014
498.65829158741144,461.91784520700776,48.277168694108724,105.51133876601764
496.0997862730402,460.7529557011773,48.7777442718868,106.68140439018917
492.800398548814,459.3472455885959,49.20701746203848,107.35707384478312
488.7129141635055,459.14931604028646,50.0053077658586,106.06327310749391
485.89119281982397,460.38843539475556,49.02992978595473,104.85233703088758
483.66413873704033,464.7803782536501,48.29837997346418,103.12876739891392
481.5521210162282,467.4202873967217,47.2411396658819,102.48895327079083
479.4600087043752,470.7292053316612,46.49885157138721,100.93417720773549
477.26237353587265,472.99469758384544,45.952986501898195,99.22919387066442
475.70350443958375,475.7804102032129,45.247292964205656,97.92767467593575
474.5178373046767,477.7017658039936,44.269145174540995,96.87797394762568
471.32780352000157,479.7499248939277,43.537361051691505,96.32271287759033
470.0932948718638,481.76321087549275,42.5457205129603,95.98858023216351
469.3625532393593,480.3573100033509,42.00173540943911,96.13254483350278
467.2545061959041,480.7465129109746,41.52326276966488,96.63582592030164
465.58878063260727,481.54387901546585,41.5428755078155,97.27752864784256
465.03319046974775,482.26224822177255,41.10995137663298,98.14325853509493
464.20606666837494,480.67916888923213,40.79798527622312,98.19182176598692
462.50040579684656,478.38247322309417,40.74407893853038,97.52546368572621
462.1458016780844,479.97919231644613,40.74556761161685,97.4183098980549
460.3055212718122,476.9990728319572,40.73546079491928,96.95871234588404
459.81526993831824,477.4492514181627,41.03871897748266,96.83599509895299
459.85235212727093,473.262186205723,40.66482966309198,98.67527206542773
458.2950792675799,475.4929274404606,40.42362339120206,99.93551649033122
457.7113740530598,470.8559202961318,40.97009289655142,99.34683889971645
457.26112054432815,477.06408534175887,40.71729164165297,100.61850471910685
457.1128609900265,479.29414745076417,40.67183676005435,102.65810012084721
455.6012266373733,479.8619766039005,40.82869211048703,106.36768002334527
453.94223323838264,477.03405596625896,41.01237486183749,110.45911418841415
454.19915032415673,476.16558877725845,41.29836576257787,113.38080591829043
452.6370268405485,475.1410133475838,41.715597215420516,115.59991565222293
451.2312458708624,472.3455551468784,42.372616231819116,115.90783015391463
449.90526134804406,471.945686711444,42.95780113400792,114.82699017579951
449.88001492383296,472.5917936859568,42.97154049558819,113.639507704571
448.730548469451,472.349549126875,43.43252543968393,111.58792766799522
447.15359626662115,471.561363682799,43.76542211676694,109.25116922646578
446.05833787603973,470.60776362415373,43.84782870849191,106.83625344562401
446.6751406153109,472.02818691712656,44.20899878746748,104.02340290428432
444.87263661098353,470.0838738708194,44.41034935975145,100.78131171937187
443.85785394840053,470.7621913460809,43.846635323192615,98.40845822579617
443.6294621590902,473.78433774677893,42.93271210516704,97.72684538274355
442.72293981145646,474.9515665532787,41.94809048917055,98.86468496136392
443.45756346070124,477.23539799140065,41.018024780761216,101.49795792572678
443.68757333940647,475.09007059004915,40.482546101858695,104.01786196739764
443.3519440196726,474.46371125740785,40.228531144086034,104.95861021994902
443.1236743085257,473.67606068893895,40.12458007737367,105.81514752860932
443.18529154919827,472.5671736859665,40.38649546237119,106.54373524762781
442.44246412469533,471.87295877641105,40.44116354933019,106.96093455984183
441.7972310982102,469.66964441489546,40.72412382780247,107.76784518900097
441.8699667436836,465.29817365065855,40.89502862690544,108.23606557184488
441.2387287773431,463.5431969727469,41.02464377982412,107.26031307515959
441.23157477650625,462.2244262128274,41.607597735629994,106.58620264988456
441.21441989178464,462.3140500544039,42.042775712289476,106.76705082530538
440.2830588333862,460.5317631166838,43.048625687725135,105.31095237942597
