455.5,321.5,23.0,63.0
452.55520076013056,320.97210771072866,23.317794909945174,63.44250866315842
451.96350440007075,322.2292233841469,23.308443494208127,63.59212166332202
451.0162790000595,323.1985305191681,23.34242089983678,63.906101625838744
451.1425498331115,323.3012847534464,23.478581894531814,64.01362563537639
450.4743662192482,323.8689321245664,23.359749999829422,63.277029312468855
449.5933016873753,323.26067880129983,23.221454344718545,62.47889610457088
449.378007210434,323.9930908298644,23.31859611046207,62.75624738809415
448.5444555327377,323.89638795227137,23.402401378734645,63.60327434002709
447.9974302413234,322.17753740865425,23.222426998184382,63.7969139572296
447.0977741280768,322.10703593834586,23.156466225867714,63.93000503038424
446.39778154629664,322.4841698822573,23.342776605721422,64.37599289417115
446.56511873454326,322.7119259638498,23.45711844264522,64.48882437035995
446.2133042510419,323.35614037508816,23.492437303847275,64.48503085328787
445.8069693104832,324.0252022886932,23.31827212246087,64.4728236739889
446.2768937297079,326.22121224525864,23.24017579408229,64.27102316317118
446.25750143563215,325.9332148130842,23.096488779078683,64.42773207447517
445.7785029805683,326.7214407977516,22.978478203816657,63.74204845431113
444.93211465373906,326.6721500336982,22.893020137245006,63.98593312746896
445.4256058752248,326.0264791572098,23.01394010191972,64.247758302725
445.22261310499675,326.10933500009344,23.036593509082643,63.811612267182475
444.1125405871285,326.5921202994511,23.05231797826042,63.694154132418234
443.32313512325914,326.95650987870164,23.27952051042255,63.53114035477657
442.9425136411613,327.0734793404531,23.63554666153073,63.4476054822198
442.5487050608946,329.15711661058776,23.8067943958138,63.448151872431424
441.2668952060489,329.4452708549385,24.257042018026432,63.78358893197834
440.9491703144523,328.3275029676341,24.730162738400143,63.42233749230799
440.58821117689456,328.0080539419553,24.826782334640725,62.10111820357757
439.8783502546547,328.68953143527654,24.649068823933945,61.52074502311807
439.5387090649079,329.5685462143153,24.560733918175938,62.01159036776576
439.1256316459428,328.1074640167067,24.382745875666373,62.3079105227944
438.29694486678073,328.4075078221762,24.869737530342174,62.22733568441535
438.0563231240889,327.0225222511826,24.679744202657393,62.28333306579782
437.363586724237,327.0397016690446,24.345705851047498,62.769656684182976
437.4988087552407,327.9995660097833,24.410994487480618,63.197447162022655
437.0958029390378,327.5494563564433,24.318190189996663,63.371136274420124
437.10852694888,330.0058818811739,24.54991043350923,63.033151519819704
437.1159906246817,329.7198030694924,24.384294850914507,62.971551015493276
437.1759877069264,332.53479774768766,24.518055212801883,63.13670955491583
436.8548234829741,332.61963823152905,24.2692889761056,62.23317459143297
435.97963125752676,333.87033051378546,24.07767363394758,61.60614272047787
435.5955657969416,333.32374625894005,23.89980290621503,61.49971077202362
436.0195169876387,333.1929285321169,23.728209693159542,61.77201641727818
436.23542863536636,333.1771893675248,23.51910635016844,62.274477298037155
434.52717971956906,332.93813359694644,23.298251476761124,62.244999260565365
433.18234128669036,331.58426488601685,23.29466648071744,61.97707135153769
433.0944480358953,332.142198761766,23.506940807522422,61.662295688261864
431.9550735752403,332.532484822508,23.78023900327695,61.274933262593876
430.58431496992154,332.58893405810267,24.335157436143554,61.052121770078585
428.9943536974314,333.358835796313,24.64379335049327,61.76918522557316
428.2028862537962,335.0147382444976,24.819942630425754,62.36280134780442
426.91974290945615,335.0951801008369,25.022993130217298,62.33754387669053
425.8611020797315,336.1437001139434,25.04771545205062,61.73593634654843
423.99123279159255,335.3255313521436,24.99787201424465,60.66114492002899
423.9889402882695,337.27820108489374,24.87218786598453,59.947542152679354
422.72502467213724,337.57005190037285,24.62052815052564,59.570656956581416
421.86186309788053,338.21831180669636,24.633763382664775,59.47640169128234
420.90099735836344,338.89379852223374,24.661295371151844,59.58257728898567
420.3061138308188,337.70597538997805,25.116711864145504,59.55068585475133
418.8296314300229,338.3745290353638,25.419344214870556,59.4812536061322
417.7715617665909,337.8796118438175,25.530803623445433,59.35218053759523
416.9312238284738,339.21194599411183,25.634534552436836,59.288620788032006
416.0083226596543,340.7719780086274,25.97336123928843,59.1022685261975
415.33482069736476,342.0621535639284,25.958729359691183,58.91018684003388
414.1236761737507,343.52362668688744,25.81392336564427,59.387228053298585
413.7386216597648,344.2162966906168,25.454034424942407,59.431356439165754
412.6148746866312,344.7789061855959,25.108322442407186,59.662281042995716
411.67510206782686,344.06354275783076,24.96548613590267,60.42809484024495
411.334713682042,343.58842587945014,24.856204890695345,61.12850402837698
410.5106001526722,342.81400362080313,24.688309417544037,61.50845926153701
410.09456230518543,343.1781172295938,24.81464555477456,61.909746976588224
407.5014919525046,343.30488485541036,25.048715070255884,62.33237134524012
407.65387790214595,344.21555617716325,25.208545849987356,62.28884535498597
407.02028893077653,344.70162065911205,25.426113773996036,61.97889955663857
404.80641226527007,345.3606941332848,25.680366567136645,61.40128977488846
403.7531086440566,346.447911320691,25.887821173035466,60.36533451365492
402.6963539631836,346.6228273473066,25.589245716895224,60.27261496347546
401.8574150651201,348.7324443942056,25.35021977881501,60.527352236559864
401.24940452964734,348.9584666980844,25.29736072090005,60.642353675059255
400.40188633098126,347.07375705846243,25.52483134331461,61.20558475239888
398.17632863138,347.4747262652992,25.702684241754206,61.48706733062298
397.58184977737443,347.15897353109847,25.781646107785352,61.56276228791218
396.80566706410343,346.9201685526228,25.7765930687131,61.82900354996212
395.5057726664264,346.9991898202485,25.768499125953653,61.66460924993113
394.8068309436172,347.287458420079,25.75848474156271,61.69261001413722
393.60158064010113,347.83991959253274,25.553495388877963,62.02796846432716
393.37081602209736,347.92312091360077,25.32585342985533,61.826509383894084
392.5573516209136,346.9523911106395,25.048867065367972,62.16493103643988
391.9143409246057,346.9605960344509,24.624487280577476,62.554927621207355
391.08799189554236,344.46464806153443,24.422237533299512,62.78095919478678
391.045667413209,344.8371066310122,24.31009706937445,63.14542861913226
390.6524016834228,343.6649511825829,24.357495170945207,63.26757726928675
389.9318245553537,343.4629138974312,24.38222086110436,63.324901937818694
389.33281901919645,343.09611967189034,24.380170612160324,63.076432340652076
387.48442749867075,342.6124980947676,24.222741607542154,62.69213159154676
386.3980017172269,343.1868614390711,24.549164537693617,62.15228786659708
385.1431853460725,342.9138995764101,24.75945822398745,61.62376729794333
383.7288238271489,342.09899309945416,24.660401825723117,60.902003685158974
382.64464021496747,341.9617128979151,24.89688988729773,60.63011073149429
380.7159846475604,342.24286001715706,25.178981629335325,60.60839944789394
378.36231548427213,341.45127816292666,25.866349538889118,60.83247819255621
376.93342467642753,341.2615243370093,26.074412393134292,61.157763733732054
376.5583286386662,339.4697815821867,25.833258288217984,61.54728380834909
376.9306659183829,339.23802493031224,25.490573337787623,61.3976409126428
375.75812973386917,339.3055031093728,25.141217739743553,60.76491966909613
374.98452956844216,339.14787625329217,24.939146200938076,59.733257897782714
375.9508768541552,338.9878662376974,24.793556951396234,58.99558444752694
375.7706968645106,339.7102325782279,24.661092733869882,58.5418723267305
374.98105839707966,339.6241546914034,24.56605922294623,58.25135834039066
375.9423288970364,337.92058674424203,24.71405364440425,58.86600446763886
376.3138661425207,337.9986774503194,24.827326237481103,59.07265294931149
375.83948643547996,336.9006099765309,25.01494327847749,59.1071086290052
375.4085008509334,336.20938132431314,25.187840586925315,59.25205441782341
376.00454269272865,335.43234795025745,25.50361494128341,59.44068425435184
376.34327016800927,334.8986088517709,25.489283538753007,59.60488129907654
375.1868908372849,334.9117819268462,25.568731977576014,59.626522863335765
375.7487260056275,334.7329735964117,25.53144033447154,59.38498272727262
375.527289625979,334.55688945587724,25.09257693444385,59.742331695985
374.8786262865168,334.29240741687465,24.752976604739384,59.8699695646835
375.51667829639905,334.6782639445256,24.61915030256521,60.43245915659077
376.15256541177877,333.4295917115009,24.720825993413797,61.27927721825941
376.5862010500184,331.82746680812477,24.725204518665603,62.23033960702767
377.4282910396427,332.3314359266522,24.792965624278786,62.59760080711418
377.1571654777074,331.34098357206454,24.55111728850129,62.861895323036975
378.6460063546119,331.2009881011349,24.42521475718053,62.52789744815809
379.1544224538542,331.5523867678431,24.465377712123257,61.93778035620737
381.14413059042903,330.67666334706973,24.622158052285265,61.02008662043768
384.31407790965864,331.3551093068389,24.327466622749434,60.38141588849092
387.3314898014389,328.84794025870616,24.300311334367038,59.72525513679497
391.5650720549533,328.00124050791334,24.571148650763625,59.83148022279224
396.19325279060894,326.47444989595283,24.841034203988457,60.12975758700253
401.8336644657987,325.02627436158525,24.952390342744692,60.239696893500195
407.0603016263119,322.693325184349,25.20681865843701,59.91171163820091
414.4851718361776,322.16326280491216,25.25684802172568,60.51911399664782
421.3739194084113,320.2377216802993,25.342521593688836,60.7011820304042
426.06061533119555,319.52215053322993,25.152127451672683,60.695694790775214
433.6151692725569,319.2635365333847,24.806634223490974,60.10648200791867
437.5641666012922,317.63321963319567,24.837136403636364,59.37053496913961
445.52752420484893,316.9377943151604,24.204447571339703,58.09520570980918
453.24571529745344,317.229660098549,23.625716142966688,57.56323214179641
457.3842720729087,315.5104282845051,23.935199081008857,57.657011407472794
464.1946188080839,314.3042652597506,24.169037852479686,58.09022960023133
468.9228745183899,313.5101104488853,24.39540397245602,58.15484887905875
476.257465659072,311.6552021386985,24.293319354971217,57.90384124825741
483.7964900948994,311.09741473409,24.10440107566262,57.45649274528712
488.04402361492583,310.67301974811767,24.28524403164244,57.2366892151872
492.7823738253579,310.1415633076531,24.39184038659618,57.224460666215236
497.20796933865165,310.060363107231,24.3809422906117,57.250404502990584
501.30751485028696,308.8515972315808,24.424939989570174,56.97849910333581
508.41125391679043,308.43216628354486,23.80797031756179,56.278738977732544
512.3319449568272,307.60264891100417,23.331845500671655,56.00608362595885
515.589898413945,307.2234901193915,22.830880278788424,56.06550217849866
518.3767227956458,306.1166142612742,22.693108838537427,56.631459290431806
521.3616771491301,305.9915860349296,22.674217511329818,56.89222394666041
524.436009120387,304.4314779319621,22.81370721719243,56.82212347550182
526.2000226399227,304.29934848765936,22.92398584218338,56.98782007135268
527.0877595516481,303.96253432756794,22.786667240671747,56.6776042305018
527.8607410534612,304.05547834441944,22.67226797205378,56.396800672673734
527.9894216420181,303.74077601976666,22.48419672510478,55.89111795110682
528.7597771216602,302.82414374152887,22.199986486798295,55.750533568640435
529.5634437751884,303.85239627013,21.797196770287723,56.19774974862084
529.2559458185624,303.8103737020958,21.745994072280176,56.779145368822014
529.8442904985457,301.935006534769,21.925019271868635,57.24930633540306
530.2480684296172,301.540592750626,22.709694325748877,58.0752958425352
530.2565176860608,299.7761377917294,23.45802718378764,58.07422009405335
530.436533581009,299.9424291279687,23.936916762013237,57.896617261495706
530.3648216221535,299.34266456173145,24.09100858027916,57.622232605174766
530.7879128895214,299.32956236565514,23.92541762879526,57.202880058679185
530.0647127891389,299.05370531187367,23.5456445240488,56.8477802466979
530.8928031897174,299.33167845537105,23.061203897185376,55.76772471535649
530.8342561764289,298.8463208663228,22.38793723459903,55.16837916347259
531.7737359106845,299.6965880526425,21.69216310506186,55.09649521769785
531.6185262657549,299.0467743632871,21.254602396332473,55.104951522494986
532.3561329113613,298.21955585755336,21.11299427536955,55.410656300914994
532.736042869354,296.4463481124793,21.251251847329833,55.927506456743046
532.0626837740512,296.14937358567846,21.511879950044786,56.239234282460416
532.3910388785755,295.4423965086265,21.732314912161634,56.61800953679935
532.2374527520651,294.13393856534327,21.895026874512105,56.36297598908534
532.2706647695423,294.5833294913434,22.08776860341245,55.99612005375681
531.2739975994523,294.0773397150059,22.257980442219267,55.8599850443973
530.8123065731099,292.9178702855855,22.21358697124149,55.113800345193674
530.6927859940929,294.02885059768533,21.75325631454791,54.54575250366306
530.9104614392661,293.08052268736,21.46010286923644,54.310766221118534
530.6384629233393,293.9070454318181,21.399818773637232,54.66224591683357
529.9809865469541,292.2926427848243,21.83513619239252,55.4939614910489
530.4947888368226,291.3968083236301,22.189768927833576,55.79208058967623
530.0755864173825,289.9160479283387,22.73890199480594,56.040330716044025
529.9336487104295,289.9806091236863,23.40717518364691,56.04701120527844
529.3463081561782,288.0867778061094,23.845448535343756,55.89727111521245
529.1575882025838,287.71854798552806,24.154978948490168,55.67196391734777
528.3399286728442,287.22099043914784,24.06511750126333,55.34756604681321
527.2000626092132,287.8666193089069,23.74726681144766,54.92470673525835
526.4125102535949,286.80509092867004,23.34357647110954,54.56822577028343
525.1835132636666,286.24587752337237,22.56930664748407,54.20498673119316
525.947297128844,285.7249099437852,21.964330841796603,53.461401098360106
525.6851478694072,285.6651055473959,21.420129676336536,52.75699922095345
525.618134098054,284.4191939048203,21.433306551685202,52.63136416259887
524.1650030182357,284.21559332998385,21.812624789279205,52.42788067901673
523.1946705740063,282.7156497344018,22.340570070384647,52.54214536880761
521.8926675262634,282.51244164983825,22.73955597658531,52.58564286298885
521.0790258211943,281.3937388997317,23.173013426564207,52.620504389279176
519.3900116175033,280.9804906626851,23.407300703117144,52.13368070346034
517.8863093928064,280.369531143519,23.536679859160806,51.55634353623374
516.7006203302412,281.04774171831303,23.57931953328706,50.831823948859515
516.019504327341,280.83423252248963,23.233542415285555,50.25270651916385
513.6774949277892,280.46640017169636,22.82448784631648,49.92161699883419
513.0889180659788,280.6428476002796,22.147625504339885,50.27732671587123
512.1019400236829,279.5802292038037,21.790642057605233,50.34988349325913
512.2397705374887,280.041961702913,21.79237815595326,50.45995290265609
509.67424141064043,278.3105568112057,22.51461244266967,50.542486959752395
509.11032248681903,277.9499063482561,23.10989208756898,50.26915981386659
506.00032371992654,277.4441375558016,23.578844871140312,50.2922269040284
505.26283152558,277.01354223088805,23.611001081427638,49.95644875998658
502.6845246844867,277.39775109614595,23.529079836246055,49.538042586811365
500.4763879003126,277.03871000630625,23.118306056571818,49.25047448458465
498.46592725274166,277.1554582817666,22.47485681490944,49.378848669547686
497.5796129556684,277.50116560988846,21.61595870045307,48.96361976426519
496.1134076212551,277.85472966258334,20.8811828706377,48.69899305481626
495.0193500956155,277.0010201854607,20.82185233857345,48.257265213788735
494.012669573641,276.8555923961983,21.337247569839334,48.15489908616153
492.29057239192304,276.9676432382797,22.18344569838146,48.057742450569364
489.4924973026224,276.8842835661553,22.359632993987095,47.94447639676403
488.74072565729955,276.8560856237919,22.887408076129052,47.63232287496235
487.54967579537214,276.1107630325111,23.226792965770674,47.62734089268331
485.2921594430956,276.9194388015356,23.389567464909902,47.19421419861319
483.0902148987663,276.6417660541425,23.10478210364782,46.861055307451146
481.56268029559425,276.99346424282476,22.733857629038006,46.37021074738464
480.5874206542436,278.57640035588696,22.093059258083237,46.21108266760725
478.827315252448,279.26303220968106,21.270805137815863,46.00676761037919
478.12468455936784,280.7988441111147,20.501954680867037,45.86881003675986
477.4407152716604,280.4798204514029,20.249804798220705,45.41365631496191
476.28218783104506,280.7903523639306,20.728246765366002,45.322895312496385
474.2716478286634,281.5321909306854,21.336343114199757,45.3713120615476
473.6709038644307,280.8378540565114,22.046294753211555,45.4666358285875
470.84625483779377,281.34327551888015,22.68766586556748,45.695080995509514
468.22174421288133,280.99059347925504,23.29476321097344,45.89459320994503
466.97672209811714,282.22829953347997,23.059318539363492,46.04585432308324
464.5781234231264,282.2429874562914,22.640086178956885,46.606782494527344
465.536732326493,283.8755157308877,22.489417840264082,46.69187033162628
462.8573632665087,284.7744811195294,21.866199478299162,46.33433443273032
460.89539846831656,286.6297030585236,21.31803835355294,45.914957439736426
459.19628961354874,286.9174636799089,20.794436137780345,45.52346051601853
458.5271966287873,288.8912002542091,20.724998339450533,45.465693502214314
457.6177187298672,289.5183404854095,21.36472595068335,45.74234570468472
457.09326712303226,290.46823889569475,22.45716159175356,45.89124802466294
455.9577515157209,290.65857337667103,23.37579405321019,45.825866831551124
454.8407341729069,290.8410295942191,24.096864609390146,45.92607402655338
453.7878302272511,291.4202242875429,24.631088872047215,45.81506425282835
452.8759423973529,292.6812716729268,24.71349826463933,45.838326232548916
450.73122107725754,294.0727893601113,24.581181299422376,46.2166132134503
448.8701907943892,295.3366902255473,24.036950723649042,47.05597466388322
450.0857363458049,296.3482877726095,23.81405435348375,47.352687950267196
447.42616618534583,298.1975943918533,22.707666148095704,47.09546522615341
446.23032760721213,299.35388232979284,21.490103964534587,46.58536897502255
446.03583010876116,299.997475125532,20.56787426241616,45.913389088710076
446.8281657221246,301.845623915595,20.05648730406846,45.89983100481517
447.1346313118586,302.9264880429747,19.867348397406666,45.54049415992971
446.90373675764613,302.9136862730097,19.646250845732578,46.07620092556766
446.5567281594236,304.14276180224306,19.497574951738805,46.46069980377702
446.05269226692735,305.8962807765596,19.197181613554726,47.21328299848501
445.7335623376274,306.2916338084241,18.729465844255365,48.3845123357189
446.9536796429047,307.7996370722141,18.815962247952427,48.54007658603186
446.3155090298926,310.1275556992857,18.705791313675434,49.18328346412135
447.0481799912661,312.2451798407101,18.73964830450271,49.10463327239814
447.7239343020898,313.6166250491617,19.077721673097354,48.56115925449694
446.92921135009925,315.13738246596057,19.676905485918585,48.170897882737016
447.79571086508673,316.3204140138249,20.202781825969254,47.974709931966835
447.4577092051505,318.4590015503148,20.93460672106615,48.39988309125634
448.68437500691124,320.44514319186027,21.67631009831861,49.029527565428616
448.40116267898316,320.88316301850756,22.23364494153838,49.50069438548456
448.6440672271938,321.8968124028918,22.812395424012777,50.108854086106916
448.5606062573656,323.2593586574778,23.369146939684544,50.536952666565114
449.4689151718323,324.94038377718147,23.80028344615458,51.316487777194304
451.0928124443793,326.40776486684257,24.11787138168193,51.94341521312171
451.85563604411163,330.3516778678493,24.164058031170512,51.993577969195535
452.63539831559433,331.834993453492,23.280340368202353,52.79341222340135
453.93561688487654,333.1810951657406,22.140638193055047,52.85787545921297
453.7887082664682,333.3015430305295,21.406936680634654,51.49577177713584
455.5327956743076,333.28939489533707,21.171777383144295,50.30001723575314
456.9806570629714,335.5850824998028,21.063751444195677,50.01160480682037
458.7539153471375,337.0232799529784,20.9110518238005,49.93720374736258
460.80187408985756,338.60890051332086,20.720463565807812,50.57999112818824
461.8613841105906,340.0133318530268,20.702118630390252,51.510108503631756
464.92115853247043,339.98122246050787,20.587904640756637,52.1738979206505
466.3347442709157,343.4010675116019,20.81724957278646,53.097893998577035
467.3549786262339,345.41775345379733,21.16653587275485,54.13635524788377
469.6488809258527,347.1839203998172,21.598536228046044,54.64406137201828
471.8047336866914,347.9422895275934,21.896492762337825,54.489114727183676
473.6766795038995,349.4389954911264,21.941897516547783,53.81473475392939
474.9386768141861,351.634618552316,22.12017292694984,53.13155366450919
476.9701218688862,352.5239305378159,22.683095348067262,52.633524042416816
478.2232092836708,354.51846439049626,23.277805909733345,52.658708999714804
479.44497542655245,357.3514974295326,23.81192736580669,53.99377684040426
481.3881518473299,357.08477116111374,24.180903179494738,55.775586196394926
483.3252760940331,358.36246849159824,24.369834179038726,56.459730920267845
484.1950709400945,359.1712602319377,24.553468816864275,57.24729356156761
486.4734936383561,360.63455876987103,24.652171992881435,58.0125104314712
487.7379014838754,362.9915035860292,24.865315158425446,58.83632860478849
489.0058144999493,364.9086031125855,24.52403916366178,58.99710392644688
490.19291291303966,366.76330083687105,23.976680473200275,57.99250169267388
491.6899771078094,368.4637101141803,23.178021701504434,57.41391943757013
492.446081443245,368.9731555623896,22.40013438645295,55.89525030023242
493.280737544814,371.17729989522167,21.8552078978459,54.96015671055703
493.7098537528731,372.9556476364723,21.6941476466448,54.69078565661416
494.03787371475335,375.1529512117159,21.64001855242831,55.22149579357202
494.5899671047548,374.974427583767,21.636199556925437,55.912909251824146
495.7657530629706,376.9196252422374,21.71765657688002,56.89797646692698
495.5353768767204,378.050911691477,21.646339027886775,57.533848459423616
495.7789296668011,379.3023113988178,21.996676382238498,58.446016820086896
495.53697261599547,380.8714312900882,22.107794842427545,58.76568709842867
495.76721622882786,382.83560241946384,22.524648291163057,58.3826286340805
495.82553347464193,383.58770247735237,22.998609819756645,57.211828708179965
496.1898403946322,386.57771732383407,23.088428251256662,56.12165296953172
495.52484761970044,387.4982118339393,23.64217911474555,54.49926688976144
495.33870340957924,389.7838688987122,24.09659437593696,53.166577809806704
495.1589966693853,392.6331356801756,24.519789907530445,53.008176769462956
494.8095600928051,393.92202047271815,24.881372386242948,54.18590583206761
494.8429578164045,394.5120188805643,24.843723364470065,55.476192524676094
495.8583496893877,394.12917819641467,25.064170573627575,56.31912852360065
495.0731894736702,396.8692257503313,25.337234535336,57.302339842769385
494.381410795329,397.69315662049524,25.078602389302404,58.268880158181744
494.2663040518732,399.103541646939,24.577912906376795,58.35625338723096
493.9370964238951,400.5369288823511,24.117997683664676,57.2912509148122
495.1640450036442,402.02331137301167,23.516767379024884,56.11765726203561
495.9003135542521,402.4026725847919,23.043751831325572,54.40249069422619
495.3944139129888,403.65761629097835,22.558176460036,53.21630788218755
494.93734467025297,405.6639603238916,22.57456045513213,52.88393769508415
494.5362455120257,408.4109904091343,22.56641008203048,54.00227281115883
494.05086537230284,409.2796792439367,22.804416727023415,55.41618174357429
494.65629070832006,409.2663729626933,23.187748903919342,56.129815859577484
493.96405952585206,409.61868766940216,23.57972818942187,56.64181452080572
492.3149618706322,409.83260797216764,23.73539377383313,57.15248618095702
492.0788582487754,412.1057442887524,23.722649551224833,57.091459252438355
492.5945990331129,413.0109486710596,23.705301078291107,56.729951425857905
493.2783586231329,414.75274639327347,24.186171285381914,55.70891830404684
493.7287628042054,415.1988138181593,24.397108996005986,54.093915011739796
492.07577709121404,417.1282668419808,24.71167946488115,53.60100842431711
490.6244995818718,419.84413992697296,25.039183175887338,52.80902370223932
490.6674960151296,421.1372342580794,25.026993689503623,53.2592890023525
489.891328421227,423.2500672805229,25.47639308629311,55.12091372132047
488.08482619255875,422.41050608000114,26.03455507155322,56.78932397653624
489.0567041935231,422.8740370480892,26.246313309889405,57.869745999558205
488.19338376364277,423.39408726802196,26.908930436511024,59.05304162254356
487.12345622209943,425.0173385738816,27.187968087194168,59.604983758749064
487.65043479905876,426.81691931141336,27.159154675836817,60.614246470392175
488.35640333476704,427.8882386495959,26.79487712075478,60.70120130942317
488.8366737243473,428.95444536418415,26.531706989978353,60.154943056409415
488.6345286029156,429.0973076851277,26.133827254223085,58.97545373985867
489.27983813030454,430.5842960249233,25.060413872901496,58.30086928362569
489.0251070799586,430.7187357165511,24.218096274267737,56.56127568890612
489.4812271742812,431.5572017267365,23.561052478158746,55.19206048519918
488.81321034024717,433.4941651797427,23.085580590120177,55.130576597146245
490.3866279029297,433.9994523740498,22.608061279727064,56.095591126264395
489.80258951958865,434.701792363637,22.72062120738176,57.274318310709916
490.45223384642816,435.64160303989996,23.260079339820276,57.90350247156597
491.47107470205015,435.2187353202331,23.667620483190614,58.183022455367535
491.2247481142372,436.77364126315484,23.92705132323952,58.57793125739033
490.5202752125835,437.5539231356309,24.159647963491498,58.29399696037528
490.76845496841497,438.73619279704343,24.353498198189303,57.709214421989294
492.7557375813563,439.5342850039871,24.812893410081262,56.19522409054081
491.2555220241668,440.4830023463682,25.397711588440448,54.201419066385
490.74163042014413,442.21030465999394,25.863604730815766,53.47880906803983
490.63214365627096,443.44029116313334,26.26408365552423,53.726529638573794
491.5869273473091,444.1825876420795,26.680814271876333,54.66440748871058
490.9904789866347,446.62459455742976,26.465511921340926,57.596022663442284
491.71223110381646,446.8442181552058,26.2811642717171,59.55397056867447
492.10234289845505,446.28152753330755,25.886649461536525,61.85365820514063
492.3729120241013,445.64177204397777,25.557917130272745,64.04571558005564
493.16927681301337,447.3245406895474,25.789536836620623,65.01035082767373
493.2662858441809,448.1691255078553,25.708963586881424,64.99044431552383
494.35746643694716,448.99424287524096,25.397559656712367,64.02374253401493
495.59001394725317,449.7955779767161,25.006877458823684,63.274327126139056
496.6507613210389,450.0838176793214,24.61872690852561,61.413063999958325
497.2324107804672,449.9218619660589,24.523023948378622,59.40626739959732
496.86910071813804,452.2442592302937,24.12210360386731,59.142121960940926
497.3097444039201,453.61162492358244,24.04769247446402,60.167349318412604
496.52061695857617,452.6768860689807,24.429118642198127,61.40041667204804
496.48753041359805,452.75885653149265,24.82170488675642,62.245793979560474
497.0262614307498,452.8240135493562,25.14517051530232,63.167862293801306
495.7082000048591,453.5944050900922,25.27719089859309,63.40303000178098
495.6025727152121,454.2151023193862,25.407620812161877,63.53253820070183
495.85775234598515,456.26902935002107,25.669937482069493,63.14815554255406
495.50704012519765,456.90239615038627,25.98766608280892,62.024179491705574
494.0030259558452,456.88938308043976,26.372704051717076,60.282300038680205
493.55668216332333,457.08558278401847,26.657443691166,58.778045720672296
493.8467322786169,459.2864905580811,26.598402973670886,57.428844861420274
492.84397231656453,460.72012180063757,26.654085928400015,57.650531341379974
492.5203763612539,461.18444463535667,26.539831065015413,60.040407648412724
493.0297614914331,461.74826033999955,26.544574240974548,61.65457249423872
492.13980518486534,461.4918468235735,26.550866606269146,63.769677044409484
491.8175296403095,461.87846982655907,26.305633716918564,65.05362193351895
492.1859537037851,462.1963980995455,26.006061893735424,66.09194947148468
493.15818487875464,462.412379891148,26.315925410495673,66.88667200831284
491.7608020919294,463.38122028456513,26.298283728973367,65.95085219769778
492.6346640623303,463.3030124854044,26.1468837551516,65.10584384105562
491.5681978539976,463.8900674343285,25.62317754953296,63.179668880684474
491.22738710549424,464.1999676772293,25.02785035612529,61.100378334076574
490.34151837587507,464.5592701829652,24.847025483210405,59.2183624205816
489.5804145327727,465.7008829469551,24.764235415318073,58.48271033982918
488.42079955048223,466.94463111521037,24.882638973420182,58.53394319414513
487.199578410804,466.8752772098934,25.06471981974744,59.0445986211178
486.77517549630363,466.5848059197789,24.975822694932752,59.35006367277469
486.156431429545,467.7029905065899,24.52287684941554,60.03001529993384
485.4094963831292,468.1796288821572,24.1815922896517,60.70880682520469
484.77604832621864,468.2310418126669,24.34814458003982,60.14470857548861
484.8425322820345,470.25025637718255,24.686193880083753,59.46863753971904
484.89278180712205,471.37821091941487,25.214164058653147,58.43971045274429
483.73284334180636,469.6392824506464,25.50993234098442,56.77351393111375
482.0765948625319,471.4265414589898,25.61716115492574,55.525640335050795
480.9365867056291,472.3284739467729,25.84711910386322,55.70040757116976
480.0275283285825,474.31572229883756,26.391545634262606,57.69187613803647
479.6695082658757,474.3508334919248,26.47843256763279,59.774114565384394
479.16524406972695,474.10313157402163,26.63602824260707,61.64700725273791
477.65010339590634,474.1983792195903,27.289203400520442,63.2411222330544
477.75865710932925,473.7280835955198,27.63273231524645,63.87729411268991
476.20941856945734,472.99133404287835,27.545590279160805,63.53693971569927
478.8457211825773,474.06210235577254,26.99272878155869,62.597769918829414
478.39884303949196,473.57439571157494,25.960280863169913,61.39985957593797
479.2643931446531,473.5723971869594,25.314068515053144,59.50084089240384
479.43553296652726,472.8837800547041,24.608175921456688,57.77971366475738
479.43290467957104,473.9567157538219,24.154610215200545,56.59692553373377
479.06431004395563,474.22497415753463,23.956482804569475,56.73180462417363
478.81110641110246,473.7933777687053,24.1469892676636,57.952007766364744
479.9372673904308,474.54562807810635,24.201610487183714,59.514487271082544
479.785860253744,474.50738401423826,24.5110353352238,61.04999494055917
480.0749967378605,474.2892232302477,24.57420842097253,61.51224719632537
481.8676895169114,473.6162079174087,24.773532078034883,61.68093922184466
484.35878473046205,474.8897596167991,25.066505301446327,61.17154935074336
485.8298098115872,476.0219925017369,25.585521623647363,60.2953450182838
486.4003143911666,474.83161301917687,26.12663707920407,59.158578310491265
487.3835113794815,474.5316994249685,26.110159107708895,57.050922207282
488.9000354743309,475.0232714669303,25.994301469767898,55.90171663258439
489.35849754476374,476.8654024253008,26.1872127151785,57.143391891594035
490.4811712260114,477.62819378008913,26.337578681998316,58.438889628260696
491.9419818182665,475.96004259348365,26.30523376358613,61.66131500304711
492.64458396251797,474.09572751176313,26.342331106056996,64.24957682408855
494.3165018108749,473.3627268378068,26.909439871165667,65.93136938253333
495.2466753137964,474.0835366866321,27.483016586636133,67.45915962750979
498.12407418288194,474.17034022343404,28.053163344619843,68.16778986908375
499.82272891932524,473.1826712946706,27.905537490278746,66.57367591768111
501.62371201472337,473.2584725152058,27.54734523670789,65.04628347664894
503.2356952836271,473.0408386113245,27.284316914156236,63.03426777801818
505.1663758530162,472.78254608255037,26.362940573809368,61.04156023302737
505.77356933801804,472.8106537844584,25.673098319687018,59.19308930839064
506.4004481128074,472.4013362043012,25.410470168454268,57.6674480404824
507.24551491373984,472.6503636574814,25.205270181320238,57.38550762534621
507.09643316585914,472.9557926386536,25.257426055793296,57.840822739631555
506.951399956613,472.5480437903562,25.694991990891943,59.31372050784728
508.09485544871603,471.2338579947273,26.11297483412417,60.43076960078347
507.11602366571566,470.41059142600085,25.90554307084031,61.083367570446946
506.55186866932763,471.23638679961095,25.76926482680755,61.523039879028126
507.392154215895,472.1271659713306,25.561537023048093,61.5529234339348
507.32874088038227,471.7286224898441,25.679597992869066,60.6077795047264
507.6897576036706,471.82086391271264,25.789133323853562,59.9737917768921
508.70304886745345,471.21439248427464,26.558765138405157,58.559447007501596
508.0285645923538,471.85332782288856,26.87057436491215,57.35852574041426
506.84540425529633,470.9788246401535,26.793224527781405,55.907891354999364
505.4549960541278,472.9980064564528,26.61198357805244,55.47393622497956
504.85090984458384,473.52253159378665,27.164698977334417,56.534219703897605
504.06146318262677,474.27299462468807,27.52983252131843,57.528742946675436
503.4478452829006,474.26149078563196,27.221026226540125,59.854955876481455
502.49783412029143,473.26859637996887,26.777478796204274,61.546708895456845
501.53241771015774,471.7350869504288,26.04989367633182,62.558264202062006
501.2337045813617,471.7094443937384,26.14094438270024,62.78213794695357
499.6139497176005,472.0089040197638,26.1476843825156,61.8428888094199
498.24760932554096,470.77047512252483,26.475842986077467,60.3109966420449
496.40770512575875,470.3224787214067,26.384848172522393,58.95078889229448
495.1830454216175,469.316564178647,26.32005010148057,57.54463373060621
493.5188041115808,467.7646610176227,26.320346686397794,56.08959548630955
491.78501854833223,466.1538703071726,25.976977308820754,55.056192051557936
490.85647395132247,465.9332996854333,25.8358607218573,54.73386425464258
488.2063125776585,465.2732853851584,26.498592107185793,54.931741361166374
487.0712823898274,464.2049539840738,26.99929766259646,56.2123360886322
485.6696286033418,463.79872691873834,27.016042077532504,57.0418974787853
483.6977139605139,463.7938740613645,26.556043695951892,58.21346556688512
482.19620093315837,464.45189710676595,25.809731362219924,59.19730880217779
481.09888728815145,462.538956103159,25.270758512615917,59.7158766519057
481.24732017581715,463.1177133894291,25.34063218916971,59.233081711037386
481.1774037121605,462.7251857135585,25.417649241667963,58.6003456962014
481.3964717039123,460.7706227572979,26.165772408669422,56.97096557768629
480.4563835322319,461.4384938135777,26.611602791413212,55.602262446743175
478.27655379404064,460.40004107087276,26.739442161289347,54.377579396844276
477.2570377476197,460.32494560670676,26.98669449758534,54.218143239252115
477.17930072656964,460.2292342400998,27.416882085723003,54.6716330222077
476.2950792809211,456.8178118685047,28.135074327568,55.684144990282036
475.77198407768566,456.46935567140474,28.62552086091946,56.38868001574865
474.45656197118393,455.53467148724025,28.58471442580585,56.468304006941366
475.9557746924582,455.5626027833977,28.896330649288217,56.89534403088882
477.07298307665957,455.96036136517813,29.17274070698097,57.73066192363301
475.0256173502127,455.9503107069154,28.664080989372998,57.87190562009806
475.10258473781266,454.8290527546792,28.061779780791113,57.01841274695198
475.02017095306803,454.32603221273314,27.229883459975802,56.10310227883454
474.8911609092411,452.4116049941908,26.40056080852451,54.7996177152173
475.9547150176717,450.59586246382554,26.128187727695348,53.20350506247732
476.19104924561947,450.86172131189153,26.408383751818352,52.88575284190458
476.6545193782703,450.4858570531059,26.70688625365993,53.234577892059065
475.6280264297172,448.3288810973347,26.942089271890516,54.65047448858373
478.1121868072954,447.4460525740866,27.230056568339215,55.495516219642646
481.041963704119,445.32581449575616,26.79400283572731,55.81765622327313
479.24962368048944,446.48004140660595,25.981470377645785,56.922219912941415
478.59790924262654,447.66147839777057,25.52073790502868,58.06355306485897
478.64515516507333,446.2433669917975,25.79938496470666,57.97064818362894
482.4849246045265,443.8586461894421,25.82688401152057,57.05398262967882
483.7554455265864,443.3342372727972,26.25902603771628,55.717217539079385
485.45009380164396,441.9512522029593,26.6830970928105,54.25429153770292
487.110044935116,442.0961787819948,26.572389724471833,53.534669608698806
487.7865688526264,442.08070198903783,26.51436592681215,53.63674310658143
488.3601048764468,441.42581983430443,27.41537456192583,54.919213312991985
488.3620146809903,440.14419902428176,28.12744023440165,56.80648843180145
488.14308743894,438.78875344507543,28.635630695281705,58.34543139571035
487.2538875211513,438.6863619697571,28.383917787481433,58.8835358878947
487.0625032046744,437.8114735957464,28.374092768425307,58.77824955512849
488.1065434328567,436.8892556451183,27.955308695918347,58.00214173804666
488.69542109695425,435.52433119437916,27.703183281530166,57.148226563292056
490.4004731735637,433.47146375633207,27.59731291775525,55.99452864672268
490.4154180586518,431.744950131815,27.63096766682463,55.053304549168594
490.09998997720396,429.35809199272217,27.88426208169251,53.61450261217488
489.3570071595885,428.6566146120648,28.32298817491609,53.17005778109002
489.3883009857108,427.78318473786305,28.67143427225175,53.62606855908032
488.97230687747236,427.2293567151236,29.330284615317545,55.20346615762746
487.3778827614801,425.56246745135843,29.773088926785036,56.84212041662596
487.5117801268579,425.27925887952256,30.135699026008442,57.843068772150666
486.86556922653597,424.6906384816573,30.265279506614466,58.104503512812286
486.5695276420648,424.1749450417137,30.04236196268519,57.73234024468907
487.4066993016982,423.292567720495,29.66805507377732,57.17760826908451
488.48359027928103,423.6348715443471,29.384125423070266,55.866906399311624
489.81225025073473,421.8286186246229,28.984269889037314,54.588331382436806
491.4230850363139,420.84080421409624,28.55177129833243,53.21178282197459
492.8840494586625,420.6976922700413,28.074840717948035,52.54120654729234
494.7669428235635,420.60394781792036,28.26968726603913,52.222287594592906
494.88686381878836,419.69883133339664,28.789488830276976,53.07600322488758
494.0443004278495,418.04117689858657,29.008340993052094,53.96875497895287
492.09982966388674,416.8671564812303,28.57491342231439,54.87300132475856
492.24931235920826,416.145055316005,27.68404154372962,56.12101039227451
492.53697907732067,414.9105124632516,27.001683259043553,55.93026505072315
493.4770961754894,414.24835609474906,26.65228063809981,55.37904003462317
494.1359960741091,413.1293675416346,26.304042179285144,54.602797618375845
494.4827727068457,411.9586881390656,26.50174006060519,53.35785795778511
494.43467511863383,409.60909315873687,26.68644199524203,51.95154817402726
494.16504086247187,406.5124030448134,27.78227054708628,50.96325916664461
494.0828690157579,406.4844914275142,28.139820833908356,51.55245653196903
493.7704190934267,404.18902578732883,28.872065186741942,52.388394850456166
493.15830352421614,402.95161208583204,29.20482291264928,53.11948992026649
493.3642176716476,402.8722290440293,29.04754808482165,53.999301021114285
493.03450645043074,402.35342008720653,28.48956401594863,54.81787585872151
492.85378985162237,401.86175797151077,27.895805958949556,55.211304066839546
493.17958813164034,401.2774848408549,27.513565500664924,54.752000153247415
494.1993528491756,400.5691378145549,27.228108612553292,54.142247863379204
495.2980232815425,399.6298360781368,26.8428039044739,53.04666849205347
496.3817822986955,397.684384823965,26.606054002377746,51.529663037598006
497.11868238093405,397.4059055372833,26.167019558268017,50.61559232934523
497.2320061094279,396.62095951166197,26.090962640258933,49.95520898805548
497.9314584994718,396.66948237736267,26.044015300547468,50.07762615800788
498.98982082655453,396.9076700230224,26.056898800678834,50.440509001053535
499.5112910572936,395.8143489974607,25.509903316007364,51.18621985119577
500.5159869362888,396.5922954682097,24.735157163104205,52.49367134062113
501.8115367020867,395.3341032131203,24.21543776990565,53.040791581925006
502.9737544821906,393.6091593674505,24.00804475120176,53.1123855205942
504.49264419557284,391.9013463520553,23.74934523853027,52.905840626244135
507.11595729232334,389.7584988803876,24.248876214371272,51.71990451946974
511.2580069349114,388.3726383524921,24.35899155932208,50.73858383102853
512.561875670153,385.49132807371245,24.778581864794152,49.43575276657858
513.9351082972854,384.52862125899185,25.351364094736454,48.77628628241813
516.5678164857455,383.0294216611423,25.42906638541873,48.90846977224569
521.1792400701984,381.3304420006404,25.883085747885147,49.66787094391164
524.6000366124013,381.11996042728873,25.553949557400294,49.88115987041072
527.8072461232045,379.25874319753524,25.150676127529458,50.45346405800604
531.5036600372267,377.3969551619816,24.824350870591115,50.761767416405704
537.4376700658354,377.3384478641583,23.8892064466136,51.19812277752861
543.5538833521035,375.4668477180629,23.12193166088153,51.1470094005147
549.3075168969555,374.0919591456572,22.667645947825672,50.11415371756728
552.4532838021278,371.82830302492306,22.495559845610785,49.636613187276595
558.7047577125979,372.15930477210526,22.734792848950182,49.16043787203315
563.6877584453398,371.3851171032547,23.151028817853824,48.998766441545875
570.4208882347659,370.46663802184844,23.404469098620716,49.23463834547009
576.2741854390222,367.39571056095133,23.52333893876532,49.749330333914756
579.9760094448801,366.62451823089094,24.02701333381826,49.733715025506754
587.6195433957247,366.06927887264106,24.08578111785924,50.33712826701943
591.128232258887,365.29115258162005,23.97781148403326,51.02102115601113
598.633248126584,364.0494953421484,23.637627237042548,52.50186895633496
604.0481983109474,363.7100476106127,22.950991638823616,53.52002124246932
609.1604400137244,362.9624383610374,22.645382020195864,53.590045358952345
614.6998243819025,361.3250627508263,22.516057100978266,53.4076952343123
619.7841283196486,359.4771466726512,22.49351589113564,52.3672355052865
624.2441500109145,358.67791546892437,23.247852811033106,51.65907588438935
628.524519464734,355.77545547628523,23.83872237049603,50.92562764457002
631.1168155577577,353.8512877745471,23.98922845105006,50.65951593119454
634.9907336013777,352.78335837196573,24.0547368424174,50.6421950908188
639.0127789057349,352.92727996109534,24.053232560302217,51.3803692207948
644.712247778455,352.2713861418065,24.075956191814996,52.513840474818664
647.9094730537221,351.5958073936063,24.190054377853233,53.14260684267893
649.9550938921305,350.3301434845282,23.569141747285478,53.4573645219039
652.0772121723393,349.4922970452338,23.16301968691387,53.544242426661526
654.5672920921024,348.34325008062797,23.022736975988735,53.79677480382543
658.8163955792453,346.5610059949945,23.297986575189242,52.855395493860684
661.0354976859659,345.3025384404117,23.492916726829797,51.87893575134166
662.4791666636451,345.6919357857647,23.852747074007514,51.32998341052258
663.8349613570182,345.38119737381396,23.84912663753295,51.02270530869618
665.3412138697917,344.1878345049892,23.93190678921676,51.16938192258164
667.469708120823,342.53766623495443,24.346159093733597,52.020451075261164
668.3427676821767,342.0126239100464,24.877493393572554,52.75147024365286
668.2695047801327,340.92260944773176,25.067195777881125,52.64141766727509
667.7841283103736,340.57795477412776,24.735299577041452,53.08224331194261
668.111420929132,340.8524803355391,24.569690520078076,53.15688219823705
668.4917638003861,340.7788586547192,24.316082054276507,53.344625999580366
668.7235813173154,338.9414205954638,24.162818776971644,53.41013140962565
668.5978448585538,338.90712686235435,24.081097051235687,53.120801805455734
668.1822306566058,338.0158893191857,24.04685433048268,52.915064663971634
668.7689620664136,336.3969746507905,24.296915890597308,51.919514636748275
668.7306325428605,335.50495745262606,24.839991594674487,51.6422745045738
669.1404212613319,334.75356200298893,25.391307993753117,51.61711750116868
669.549909123281,334.1290599916968,25.97937107772362,52.245338611975384
670.0082500957919,333.0654848573519,26.313534326564902,53.16310801556817
670.6103276190458,332.02382984916693,26.496326673474343,53.600532325990244
671.4263141577404,332.1848421353296,25.961230574959508,53.71566040759755
674.3236721399369,331.8078860662388,25.943407749452014,53.509746195567
674.8883622626893,332.4216149669252,25.40299268148328,54.1687866070086
676.9236848880491,332.65078397211374,25.085438766060104,54.700613293801666
680.1174539478338,332.412358161531,25.055839412970194,54.01868338649418
683.1091334885523,331.92474314047087,24.960236679189734,53.570877210925026
688.4054346839398,331.5153515732765,24.945220462425915,53.88175927281156
690.474445550072,330.6062351897425,25.03581258361605,54.0484108717048
693.6890648820464,329.8012745609137,25.15521703184981,54.10625769698934
696.6749064845845,329.9200943541348,25.14260069460184,54.403887370953754
702.3615158090688,328.4788891037688,25.055917308694987,54.52930529317926
705.3020400865059,328.82159384797023,24.84810130920994,54.56842924345892
710.2285430703897,328.83565471137564,24.48425874018511,54.77000262816125
712.9565114625856,329.6412573032678,24.192860816114393,54.49721676257609
717.1854079058421,330.6386778349013,23.758064832067348,54.33928701999554
720.253307288333,330.5493989456833,23.556205524025298,54.25285259114264
723.1795074280398,329.8373491635153,23.992549217390017,54.84567979181597
729.1583873458572,328.92445158487243,24.745220480692968,54.424834028462676
730.9687126443196,327.34720884538126,25.064544191782204,54.28600481208668
733.2780600627319,327.23374774673516,25.447012360786502,54.17070774606368
736.9904606655216,327.52646967469343,26.21013554027794,54.1524949492216
739.1567462239329,326.3706742351878,26.815092556847425,54.48638917105215
741.0233321321833,326.2450696709169,27.346315500478507,54.36012974342811
743.1537612657245,327.4400389664664,27.189494995084495,54.38717094206315
745.2545793638632,328.1488946322233,26.73850133687769,54.803903775779084
749.6180663360811,329.45151000816344,26.627246233994605,54.6939790389134
751.301656722561,328.27717412284653,26.183004523153446,55.28909062411479
753.4445653174845,329.92630597717863,26.286354165276677,55.47063500756792
754.8465607189416,329.7044608605982,26.285646100094347,54.982224229452534
755.5071421222405,328.9677308569288,25.72834661861576,55.20046537330409
759.0894318767987,328.75528134822207,25.60787120877285,55.57115588854417
761.0993749181531,328.2163075334585,25.40916833071489,56.18537213975439
762.9294344211453,327.90772422929376,24.866234202126194,56.49798938184815
764.5838609405951,326.76665626270517,24.771605740176636,56.18836467964938
766.2585694778878,326.3895862147617,24.848494913302392,55.862521183502906
767.5438845765693,326.99853110799273,24.01466788995815,55.38909788063385
769.88469921624,327.81239415186997,23.177683157125568,55.20019644650487
772.5754015441717,328.6107256493798,22.46519854139292,54.740969960617576
774.9384778354831,329.3542889892173,21.918449740660986,54.62966618266833
777.4190345781957,328.67805128815735,21.752920933885644,55.05967578354918
783.23175922775,327.5614139743358,21.91931218806077,56.01735999142312
784.6391365320552,326.7882583812368,22.350687092237237,56.644407099480794
786.0535509580442,324.37000450498664,22.79296782125283,57.497143050986224
786.9910406120449,324.97051040868723,22.82772002055274,57.626584401009914
788.0970863088586,324.65065462318546,23.107812312228077,58.11353725447653
789.9202238833155,323.2114221957023,23.62871913200317,57.78813276663888
791.438930114607,323.7533555935433,23.890912277406755,57.23636021114554
793.5635912687637,324.9060402560655,23.728324263984522,57.02092308939394
795.8181640753277,327.40770616258266,23.035142157555384,57.20894507427231
798.7417830306583,327.79244751202896,23.056445487586114,58.019995283819284
801.4856034212756,327.38917602454364,22.951311553733234,58.30879890322579
803.6329848480011,326.8965888875103,23.071103773066735,58.345985501625684
805.4115634626761,327.18334247875475,23.087318430923624,58.17202598544803
806.9052563295182,326.73418645650986,22.809731748524182,58.6130638910104
809.4278154670607,325.8492781584138,22.759685838246433,58.612374462841785
811.598920492273,325.15984112048045,22.71729907197091,58.42195611259922
813.8584662472334,324.60518164667843,22.762054627022117,57.701740887191434
815.9820674990948,325.1712899203645,22.976058082619332,57.01865094103857
818.1038753677892,325.05629755423405,22.804843391983518,56.51918121553953
819.5136860709557,327.22328910020025,22.330704573464825,55.99943452611872
822.3567089729117,327.88351684784016,21.746281351034607,55.39126019834608
825.2491571067225,328.0838483080904,21.20114071390646,55.27125963565272
830.2758315719054,328.10371211600585,20.941134373872465,55.90969042226483
832.0948049549311,327.2534783418174,21.162471531923927,56.63318962261545
834.0333561229578,326.3114545710834,21.41089323990738,57.56149891764258
836.5233184822285,324.16862265382093,21.417659996280513,58.024102716461925
839.0993696631856,325.1697557839442,21.52651869012191,58.008130248940006
840.7282940643115,323.3844806632526,22.25881342539149,58.77285048849216
842.2875256403012,323.1784823795186,23.01560204343169,58.258336006689554
843.0544530624506,323.3996200923904,23.306665469243956,58.067999490238094
845.1385959418969,324.15309867859935,23.076617854272065,57.56878317303723
846.9165288533712,325.87584459875046,22.251482326504785,57.45776971103094
848.7418924164666,326.9855157396092,21.806409344601178,58.165068655128216
850.6414338085299,325.93271862923723,21.884345489002513,58.75190922806787
851.4776070271583,325.9737891260295,22.013743035967956,59.37757327198182
852.9912525094928,324.324481653128,22.05900451384964,59.63584326424789
853.5442554469935,323.4811775822696,21.934258998135665,59.94715028329931
855.7412965540128,322.6596906175348,21.957717811166056,60.17568656113458
856.393199660952,321.705758248932,22.3706828422906,60.183864008148575
858.0289383589179,320.8118401509129,22.802454900856933,59.711398375802446
858.9383854031975,320.75801293587057,23.156814110103525,58.680376520143355
859.5505106611533,321.59271586668825,23.05242936930018,57.4654049937397
860.5125914638367,322.17012712488065,22.81903028377003,56.80654044797416
862.4334142704746,323.4933702270737,22.30000816178124,56.301122940563744
863.8952012026464,323.0934388914247,22.13401767718327,56.634953494256564
866.5642950621658,323.7169220586617,21.70459336680522,56.652573250824126
868.5569952993898,323.06626019328695,21.51479902867938,57.05196676859909
870.4621129318505,321.9687839473414,21.55474868120791,58.32606880472922
871.5137185242653,320.3935666757396,21.81788385563127,59.33882043319897
873.0543960888228,319.455454409598,22.04216918557672,59.752400984502145
874.255881760635,318.60573796978133,22.267925754855337,59.48059763519263
875.5746951297715,318.0996257524331,22.730706378566424,59.175836581951216
877.3263325972335,318.10406257761485,23.047807362984447,58.43515558047535
878.8243200378535,318.50709085305186,22.955030008676516,57.78734349042253
880.1913936485474,320.0597448124999,22.48595751720797,57.69788611550223
882.5070625682912,321.1104236094589,21.961206610856323,57.81250261406778
883.0490475530504,320.2514102175547,21.397197938849963,57.77025844469778
884.5868565487451,320.4537769615806,21.40825511454437,58.157367119255
885.9067873779862,319.83626736521524,21.604187904914596,58.511160368420406
887.4866971276738,318.53491448637874,21.538467688757866,58.678514039072496
889.0969729742219,317.4396316187243,21.734179814402466,59.08263332224056
890.4437150417427,316.90500664910763,22.19817758815909,58.96065141466451
890.3267759209393,316.5337068612491,22.65133793533088,58.39748512314839
891.601452907443,315.7267552370592,23.03697794463865,57.84595281893108
893.5487268233828,316.56106205431223,22.941891239086473,57.298565971992176
894.6741654280675,317.6221061620166,22.361883499359884,56.95589932450024
895.8481272976311,318.2561588640855,22.00889253096179,56.89122111591158
896.6517109471687,318.3099320458863,21.401699899912483,57.26110226471721
898.3216619984723,317.92294613233287,21.170367896182107,57.78976874736172
899.4441520985358,315.98082854494623,21.194541052607224,58.19661887803708
898.2321780817008,313.9653589750804,21.05908471310849,58.85409820178968
898.2439806228178,313.0627310517758,21.068348846929062,59.118559318212405
898.6119710511965,311.6709620181593,21.318912360822857,59.558992784539114
897.072827481713,310.07458146322904,21.905161726657543,59.318041888784364
895.810305914485,308.7443855794981,22.448500029990434,58.26070003464899
893.3381056690316,309.1814486267406,22.613023811912623,57.51681786740438
892.5053597813002,309.4103826464917,22.488060484455065,56.98082981234046
891.2982835629384,309.7135225298823,21.96493488887568,56.67626991970293
890.8764790138875,310.0229259714437,21.76622349709394,57.081081257863076
889.1029905107949,309.1600023101363,21.755513697554044,57.35638601131747
886.7395548802573,308.471830004985,21.45267609632464,58.24730821899968
885.5355015093986,306.31478647157144,21.182275748427145,59.46776306460491
883.4825873743632,304.4699854995051,21.05483718805351,59.8807660783786
880.8333723115742,302.90840010723934,21.298236967714992,59.63464031215955
879.6295596267855,302.3395734788417,21.221218877972134,59.18799376617457
876.7797545413164,300.73639161059873,22.04258369521167,58.412875473699366
873.7709799971484,300.17508266625975,22.44926957477702,57.63062368674106
871.7020316686522,300.44132295798187,22.42157689918864,56.80915522831213
868.9928799077411,300.30636920542617,22.26503796800801,56.413607809316915
866.3790502519518,300.7625756373667,22.094519179000812,56.309740296464234
865.0934558054478,300.06557113056283,21.620934493365063,56.39187360912132
863.5942844886174,299.06719376317545,21.34415663027576,56.97347662861752
861.6056320313556,298.0609504013609,21.202431069182836,57.78065026573691
859.6338177040091,296.6240240525769,21.283261271498866,58.00875911641165
858.0956203743464,294.59400357805555,21.356891944236686,57.83083352797875
857.5519113477579,292.4657663951466,21.617884504649957,57.25637909130639
855.7878360684916,291.2917580351044,21.914197313701337,56.91132992966159
855.6440507757542,293.111653070272,22.050249226471614,56.998780898602575
854.7620328450624,291.92054434251264,22.266982126505567,56.58702180878739
854.8659407900258,291.9929945086034,21.97352801150034,56.21995496816981
854.2804053122887,291.71018619436666,21.45862770690357,56.81240949878682
853.8880680155,291.6806274748202,21.093482330349993,57.467375140585034
854.3892671543356,291.7210143652583,20.899279703256568,57.951013119085374
854.3513658336706,289.7815318988634,20.571548200423347,58.147328201029865
854.7416168045055,289.24357857780103,20.356901881045076,58.64925439252444
855.6701610618472,286.82459497918046,20.55189828915227,58.74167143412588
857.1609617874369,285.77819002116786,20.759947850393374,58.31067287084205
857.0305902835644,286.21368986867355,21.096369690967435,57.48089964481093
857.0535010576218,285.3492012991969,21.810383922519527,56.528066166317316
858.216837712258,285.20885781673724,21.960332479473323,55.80874216398202
859.0135479929826,286.0539852214236,21.900941521028646,55.13777196058928
860.7947300056762,287.07004890560125,21.46505569083177,54.83067763704897
861.4016925315342,287.14620039830857,20.95618748525766,55.30152738448346
863.5003639257618,286.8324944662568,20.639957033914907,55.77652212526935
865.3384073985858,286.41238085642544,20.45297269027185,56.25223719941273
865.9839452742929,283.7765966960506,20.64562010246261,56.74124898634902
867.2101505580091,282.6116111665956,20.72268999233603,56.99938428895708
867.9591303958393,282.3072239443365,20.543646041429856,56.67410114012971
868.8348882555963,281.43556396703514,20.724375814851125,56.07320784743317
869.7008357424406,281.4207047653167,21.04457553911461,55.51958596366153
870.0540597748756,280.81859255957596,21.323445240911205,55.06759530346478
870.7261480895792,280.8898705866712,21.307519734932335,55.015405404183525
870.6050308812052,281.43374889166205,20.99523580966236,54.898396443871434
871.3038073942544,281.2519822645669,20.78349919076743,55.53975708014944
870.7923579590716,280.90347050188615,20.578885463095315,55.58258917112754
869.853202641549,281.0136472030659,19.962687593272854,56.21113620612308
869.9934669589358,279.98852448641577,19.8493733670163,56.761955036106116
871.0787699965089,277.696816482183,19.934481946792694,56.90147761195447
870.24255372577,277.2443379691705,19.97520670075668,56.46127141185184
869.7017032658088,275.78251087682673,20.521136191140428,56.18179225188909
869.4468871706126,274.77316168205135,20.960977697845877,55.62817113384094
868.8080774121823,274.840011643016,21.27394866991812,55.305383329273646
868.9501297716296,275.81088962127376,21.302408771074937,54.63687330342981
868.4113340883606,275.8054383644792,21.203991317078977,54.952872800928674
867.890258726952,275.283308615729,20.84111667692788,55.19534325309503
868.9327401523522,274.99500487285286,20.529332045922615,55.82364373874681
868.1305299525595,274.78543805502403,20.586144069958586,56.463334110396914
868.3795427640136,273.1575144070129,20.628473712190953,56.94289218179446
867.8843574443096,272.1602660821027,20.87983258707284,56.92880790853454
867.3978360638133,269.9839589373163,21.090168353054793,56.615377962877794
866.4838381006334,268.9768166376154,21.204265143825026,56.07622795191273
865.5107636663294,267.8460939516129,21.20364787435636,55.20602979021107
865.2822285772681,268.2601605981779,21.534260316582667,54.584408009479795
864.676839511368,268.31221111206,21.653942404796197,54.301217361006174
865.3764476690018,268.36012571159335,21.533348955205714,54.37978214363471
864.6589981638629,268.62243377105665,21.23985953679547,55.227658457302375
863.478716694195,268.3875810013818,20.67400345643206,56.129332268384374
863.4515413544044,268.1296199884967,20.08909795668042,56.013644079444376
863.6808289337517,267.6210143305332,19.65022653451461,56.39147279458702
862.9424189889381,266.09432954845954,19.321333008995857,56.82298233142113
862.499317493938,263.956058423216,19.177203672107147,56.504999244688946
862.5397780176061,262.77079567212735,19.076964321677714,56.34434913346298
862.7040697926825,262.5331287204166,19.389626196272168,55.98709817894387
862.8850903663846,261.3071214688322,19.781477112962733,55.53547670341394
862.3979956042364,262.25304099739185,19.76028325541547,54.815502871132814
862.6074419261713,262.42615330509466,19.732391657249522,54.51495181980367
863.6629500390167,262.73045009861255,19.900246252557906,54.62239282396581
863.4279876012243,262.437235353235,19.89707383357348,54.74511272190176
863.8182315244708,262.23168068655775,19.809507446755582,55.21765668183552
864.2578061505436,261.65589461463395,19.721152686377785,55.739327297324664
864.4966379882491,260.3188898961347,19.96027098480578,56.39924285843807
865.3566985837916,259.24433103795496,20.25279956827196,56.5479762440481
866.2953058119501,257.7553093497567,20.564045461991462,56.86486010506368
866.2653745771105,256.94517398496737,20.555734247491003,56.41611962324717
866.4256566643293,256.7159918001616,20.770991510889214,55.94599216203294
867.3385439985976,256.17574892760865,20.92576295918142,55.77727649016944
867.9577014172158,257.29380833538494,20.834080197254668,55.51136846525106
868.7436610923346,257.26674796308174,20.72853893978297,55.626473929402145
868.967767434829,257.49660733139376,20.51697389049243,56.16493212511291
870.639429937214,257.24020825772715,20.219252876277235,56.18250612441116
870.927295340529,257.3210529987446,19.92665682811981,56.355364907118066
871.1325045078712,257.24258137780913,19.644190651886426,56.319326190599824
872.1802727060376,256.23656473927883,19.633741554900514,56.32079967037344
872.6499814963398,254.98819813508695,19.447989600345096,55.79680071437422
873.3634439988335,254.39878917682233,19.33776564993083,55.58086589004348
873.5025639033252,253.06331027459825,19.336833917567603,54.94759085872198
874.7153065892317,252.99909911118618,19.58811994811368,54.22335813240737
875.3551381930636,254.00505288825434,19.617939910959137,53.738752724229045
876.2417673041758,255.00977693191544,19.663399883696336,53.67357679743694
876.6288546056478,255.35994205942455,19.696954763403102,53.47305255910228
878.1134052769672,255.80806838021638,19.5931621823609,53.867023873626685
878.2988822097814,255.21516623050746,19.69512995641336,54.33809707582313
878.8558993468456,255.00224090714443,19.864930258891686,54.84933474385238
879.3860878516366,253.78208302976424,20.08460066599679,55.27607565997445
879.4302353746646,252.99325086274646,20.269573365912443,55.734984772643145
879.349051895399,251.42925127529435,20.483165189462802,55.652113443168126
879.7004965141685,251.192646816129,20.649922322334668,55.09363724759194
880.3299172654015,250.6293936607587,20.805592858099757,54.349540116140446
880.4990374287322,251.79406412653876,20.772818706517572,53.90784907834103
880.4789840820368,251.7935371347871,20.72894555486137,54.107943534351826
880.6202282042861,252.9621138634493,20.60095949356175,54.985904670533294
881.1487813849626,252.81010051737388,20.380234865626225,55.357004819627164
880.6863014551305,252.95252101829934,19.90703617502799,54.87771264959675
880.3919044000831,252.0689637731455,19.458578693440266,55.39435888581505
879.903861725884,252.15872736783683,18.848539502463396,55.87772451488332
880.0079370230474,249.59698683422224,18.717348607528976,55.57320370146674
880.2790648830579,250.57826692468535,18.568703603373848,55.30590547580174
879.9381508483518,248.22296180183204,18.67893075878458,55.39166640205036
879.3529495672761,249.25775792084215,18.872994576772427,54.83315121042447
879.6227001724053,248.86557698996754,19.137584641252456,54.27019454209103
878.8342399305059,249.4607798654022,19.1551073083933,54.14705728201301
878.3110925799714,249.3207183852301,19.352019072507833,54.011859488306
877.418818244451,250.38550980989845,19.112851770648195,54.06339941881549
876.1350735690693,250.13560935016864,19.001920577740965,54.26405818620412
874.7970902876065,249.40109777317983,19.23306554452087,54.576833128321105
873.4348359720263,248.25575303653972,19.640901373709653,55.0972235245673
871.8035760861636,247.11397211102673,19.899447661395826,55.66392078971683
870.8647775212401,246.14102030747077,20.019652384779388,56.125411369065354
868.8555496057297,245.1439335112373,20.21874581383784,55.964690371154525
867.1986719626315,244.60332435921995,20.393446563214884,55.63285277843017
865.6458299944827,244.7260998354824,20.626675617844278,55.28712792041347
863.7891315725886,245.21031869243905,20.64787513878685,55.31721439549552
862.5879182033851,245.09775927163625,20.883682099514655,55.39323484079982
860.1202946783447,246.56466996174737,20.748862697568864,55.50184028514731
858.6060996959994,246.21549515577033,20.596472251492862,55.480457195322984
855.8075489206333,246.10580450176045,20.25184425663204,55.19114087436782
854.9703942810951,245.8958154339864,19.712107772692704,55.62081796805206
853.5916849606308,244.31054487736716,19.2971268927473,56.10236705782252
852.1455141436501,244.39949155798578,18.910041713582963,55.988600851233585
850.8199424706914,242.22825609999904,18.684353766394178,55.82663145958989
848.7698366789145,242.27891259107741,18.58346309317306,55.63384715555229
846.9393103806246,240.6634422532129,18.354869398020107,55.69198299882282
845.2648479180261,241.82794327447738,18.2084675657861,55.23812221930202
844.6382234809612,242.81232934813676,18.14435711164617,55.130827089385896
842.9851399598864,242.67068607505914,18.340435090151264,55.19983817112556
840.6988031456405,243.32731171885115,18.47100294853204,55.03255043315548
839.1684188547833,242.89272362903145,18.64105855379057,54.667487630594295
838.414161798982,242.95207991082927,19.03089445322726,54.68372591343228
837.1576004260013,241.88965409016726,19.349766138702897,54.53545500569929
835.6487446168861,241.6660112216686,19.781568151907173,54.93193736447222
834.35753671356,240.7106356230583,20.149131148653336,55.71184849859774
834.7002595842616,239.7598412307109,20.151255263893702,55.97535561348512
833.2077957887022,239.3139744839354,20.209210227372825,56.08195634126619
833.3334798419917,239.43920615544405,20.17201573577264,56.207898535377296
833.1401630700551,239.7216109125011,20.093111522964406,55.96649217110647
833.6729751361987,240.03748942760157,20.084801905791032,56.15277175675403
833.2667866311328,241.18887831540755,20.09768184799449,56.265546597261434
833.400130255821,241.35108349430652,19.96937922393387,56.358123211557114
833.6934443316492,241.2376227372877,19.758570099701288,55.78629903381846
834.2312572111325,241.24402009030632,19.561585052042098,55.69517899657015
834.2591553382986,241.79913700706808,19.2206021791434,55.63247927120854
835.6532912847781,240.3194506193024,19.102884924093445,55.65183863807904
835.9496778708822,239.5510318949518,18.843829515309075,55.111996141788126
836.9881047220384,239.78514088384807,18.795794897164058,54.69393909728153
838.5470498232401,240.25028305939657,18.67554435082774,54.3679893390038
839.6679221335493,240.27624682175036,18.64728187170412,53.88159524368038
839.5966573957676,241.29225166617022,18.567237604997057,53.73605515742552
840.7825561318678,241.20127454716035,18.782385904967555,53.828768538976604
840.7064305862666,242.71525897312748,18.746516794939826,53.877427895202764
840.9559216083751,241.956734604532,18.839434443735183,54.17345629147424
841.3163076579143,242.48576099636057,19.149213897429178,54.596907471287494
842.3781236009513,242.71901752376928,19.60240238489048,54.785895066875966
842.3533659124474,242.3821030782634,19.90528169903779,55.32759454201802
842.65086562319,241.75448922915672,20.212372469393518,55.973686552880196
842.5165325537024,240.89542272276972,20.30131772976776,56.083607809901594
843.3071084203003,241.21146153634365,20.251890091916394,55.62127412298793
843.3796697409255,240.88493048624457,20.145550796037682,55.10610890823703
843.6403915380566,242.24070180367877,19.95299871750721,55.2017483469618
842.5829316664488,242.1235518369824,19.82624284541214,55.506281714793275
843.3006357534697,243.13646526705932,19.75000332009016,56.056325606974
841.8902448932515,243.08071946155837,19.72635459390187,55.929150847464804
842.1071990031937,242.85380547174066,19.74916499765548,55.45069298182055
841.2912999907363,242.91933458956055,19.5871747087046,55.591544430123605
841.0598430749446,242.6982577433258,19.46928657648191,55.51681367644897
840.662048356151,242.05305638385445,19.32936120636803,55.780039299978455
839.8244697961051,240.55348514428658,19.218436773954476,55.69833046266217
838.1938238263773,241.22771053980128,18.98107553996338,55.43410210758401
837.3535897801438,240.87556119277116,18.900251532477668,54.89008296392909
836.6851862266146,241.49980651256752,18.70845186711304,54.52094751652084
834.6915053286774,242.7948673379356,18.978921897393008,54.503119624177
833.5236225903872,243.34075477939726,19.24006164345902,54.39644453373413
831.3051337709013,243.70014960829675,19.21949161778838,54.31227965515956
829.981585146412,243.50997589013082,19.19100669628059,54.32630731591006
828.4311409936994,243.18450830734122,19.32730516749252,54.578112762947185
826.7858212994635,243.2275242958396,19.60154898711668,54.93816579194903
825.5607056881906,242.98948643337525,19.948779807211853,55.42290667249711
823.9144798496181,242.4798370996926,20.26147417539681,56.08998399992139
822.5355735266974,241.6130339995946,20.414654205195454,56.55180100696399
821.753811675531,241.55973436756375,20.32917046791486,56.8336068130408
820.4367162566784,241.86072316164305,20.150856298829623,56.839742275342985
817.9256489618411,242.51555924464742,20.24258527174393,57.1566870641377
817.5287782481846,242.62415724394276,20.138621263304152,57.27269590120036
817.3398066820322,244.17157206421967,20.058019306840983,57.37849907123917
815.6714318473272,244.62369511761764,19.992013238946335,57.05884351868059
814.4573625229922,244.4764360920138,19.82474607058451,56.374150358683735
813.7581921047419,244.25077750558873,19.582098914798404,55.65958303675238
811.8312220283373,245.01034498812987,19.28625640998436,55.80162284584
811.588333416021,243.1675229389169,19.12269836945726,55.66250650725424
809.9518277738913,244.3451935933937,18.770522018295026,55.383527569745375
809.1586858437898,242.2012078157632,18.573575812198477,55.44153296137107
808.118249841101,244.2364600421429,18.51457765079749,54.90629443115805
807.4956012331033,243.84914620137283,18.583927081415325,54.3633898117491
806.3799329275985,245.05483567668713,18.513893310116174,54.44792412825614
805.1461801632313,245.96918744679928,18.717504996153295,54.4107659791146
803.8450122061372,246.44386303222262,18.924590113069787,54.2237056436485
802.8094386658522,247.59897289238512,19.19289708000003,54.330782571348976
802.5592284940209,247.2010709196085,19.554466004571324,54.55860402207117
802.3670386785665,248.10589058903818,19.52306267721103,54.98900021711681
800.6270716637335,246.6726670210826,19.970971846494965,55.119054616593104
800.8400451311354,247.15547360670385,19.86121712141171,55.54269398879997
801.2922294665275,246.99452947076924,19.921985932316947,56.25566046458575
801.1274478391033,246.6262913217322,19.832309934359824,56.62212263159063
799.9607983651473,247.56496955901622,19.683241605126394,57.012065093866426
800.957244715534,246.32735665021542,19.801202814799176,56.465485625060566
800.950807768942,247.92205624801406,19.76347545283454,56.59326801668254
800.979377239108,249.98088006730785,19.9036074423159,56.60403882368213
801.3295228583427,249.69873481685087,19.91688757349453,55.792341079585704
800.6893310140515,250.3517043213226,19.7805255993876,55.674156344056854
801.0446337301453,250.46339687734857,19.64666871713814,55.0720268086155
801.4393774779714,251.65244708123336,19.46818754100871,55.05255944222772
801.2105536785908,249.24025507665527,19.21368838073686,54.98283467910606
801.4042494192254,250.02347753297045,18.95965811982761,54.398222926399285
802.1293414788183,250.8426723636072,18.725930533120046,54.24631218987709
