1152.5,503.5,45.0,17.0
1152.3951417537041,502.57704953848037,45.23113840192398,17.678133010889827
1152.400696329704,503.0032215681359,45.34881146265862,18.028192616167686
1151.9236576416704,501.64361530738466,45.051677910762464,18.296168889653842
1152.4680880919286,502.5484299469858,45.257215318046455,18.536021717614062
1143.8979204749544,501.688186934874,45.34216496239519,18.624087917237368
1144.8462578619701,501.2731578294665,45.39193791842811,18.790964525097507
1136.844477612929,501.0762298608997,45.319690845098876,18.84758226967295
1130.6180847736216,500.95576207013113,45.0417102273271,18.688463724232076
1123.6469690229383,500.39430109615404,44.87067955218035,18.664788048361206
1116.0744511156786,500.69870524713264,44.99355865130644,18.51755924803281
1109.3194055050199,500.44224681750984,44.6708938301434,18.51418621746598
1103.430363839204,500.02295595973305,44.97211425436575,18.506439853319037
1096.8887461554255,499.45649848852185,45.07134083286028,18.48880431108426
1090.769460216172,498.8200273441976,45.095963507875695,18.780710115491118
1084.5859697817307,498.4631570077807,45.462604868701675,18.8348436163127
1079.6511850367785,498.16435771592126,46.38742261910433,18.9772501109508
1067.30167455459,497.78702078676605,46.675825755112484,18.993757696620946
1060.735873625142,497.0522466978061,46.98899385241171,19.21472065038927
1048.5548638318232,497.19222971262116,46.203634517540074,18.789853047101115
1042.3039555007892,496.6899600486775,45.192395378216375,18.734922436710235
1042.9549056577773,495.948443629574,44.58247524736484,18.936720414496964
1036.3444482067318,496.1485277672897,44.42954695640165,18.784766830943042
1031.0334484987518,495.90364313699996,43.89386681456136,18.66079588575765
1025.0992183951005,495.48596480448083,43.91754133155635,18.623881430247756
1017.871139980354,495.2374762167945,43.91296856205061,18.746698405262954
1017.116194194579,494.4051989768904,44.39781664605175,18.8941929628528
1012.4907112245526,495.1100937283986,44.17374977970813,18.806620566655567
1005.5225496916046,494.5650601835561,43.991734260704156,18.804600149092593
999.0779971518136,494.78135835437683,43.953306190566664,18.95688636484325
994.4651603482871,495.00086125400657,43.690731926220856,18.955787724912263
994.2399330617164,495.46144437562793,43.57704188800353,18.754263822806507
988.2596551262458,495.523907139899,43.01291857498492,18.706982865926328
982.7463589158035,495.0348830443765,42.542162210469016,18.472408652872776
976.7704714798886,495.1932560106014,42.54505974770417,18.399474253278104
970.1279698241708,495.6557687082008,42.53460808019689,18.300329147157004
969.9614452152483,495.1284183465217,43.164269411756095,18.09504907274753
964.4973168500464,494.95282136340165,42.82987469867845,18.074306836938405
958.2728619092449,495.1304577328545,43.01175386433924,17.97193484747771
951.5015821972614,495.144776149088,42.981050119971,17.989832612884378
947.8323096808168,495.33470831157655,42.831795508390094,18.06670044179974
948.5592017777017,495.2648471813768,43.11790880416809,18.238259532278782
942.6878869458607,495.10099735490166,42.72996138044779,18.065690129862528
938.1557582033613,495.3688987326091,42.36857399087365,18.02786397557143
934.0348149827172,494.7453935530348,42.294868620028275,18.105740433124083
930.4064699470757,495.11278509921294,42.05059071188,18.247029270699414
929.8705775753541,494.26654183716795,42.40296056551072,18.435293401753533
925.6739757124834,494.85894036522404,42.4028346708907,18.55423863518439
921.0625713328214,494.876158631556,42.30675667331767,18.458285623862785
917.1413565241087,494.9271948868796,42.263250984194244,18.58399838760202
913.5012085483038,495.2828651764386,42.54092814613105,18.58796194476027
911.6537246226914,494.34544714624855,43.238026267360326,18.915453201330244
907.9729285908054,494.6242996322637,43.463118449387736,19.02894546488419
904.7732641755846,494.2262449804692,43.48332406892254,19.121877793222986
900.1969980749706,494.27788107689975,43.33314669068283,19.073530151759478
896.2863756368783,494.49245327929293,43.03706292306839,19.31070416356848
895.2901478561242,493.9675141215189,43.47203624199228,19.489212521192727
891.713268505428,494.148586621666,43.24313312392686,19.545408531707352
888.1241054045156,494.4135815469828,42.92214883228231,19.456666799951247
884.0327906953755,494.44624044150254,42.73681827436613,19.34661717787104
881.1019197989518,494.54057946261537,43.020388814009294,19.246641993139743
880.839764955335,494.6939038201968,43.201198483123115,19.27707289237781
877.6009252763888,495.0661613064477,43.259943495770116,19.4419920596045
874.1110524610568,495.320707795605,43.808358445586926,19.31743034082664
870.6409060356914,495.83048924035546,44.26714351815015,19.326088581696858
864.8616115628457,496.0572989873459,45.17826675796975,19.469157656308006
862.5445235399769,495.7783395514469,45.76673939260512,19.634000078473424
860.1023619236338,495.77137059041274,45.397087710740614,20.020933764558723
855.6543482781665,496.3533850724971,45.37157855605766,19.76470213696845
851.291588610665,496.89859785951705,45.54052306958833,19.988247724770837
848.8344225894558,496.8561097763673,45.8341623820567,20.221943857481996
848.0205263570131,496.8951175031577,46.52720983322854,20.6734188151828
845.5408594752457,497.1270977854356,46.85111802913627,20.709624666795236
842.002546701012,497.5380012697783,47.15648331606796,20.743177788842306
838.5526943357632,497.8420510296989,47.222293793788275,20.762855845447703
836.0449141610703,498.1617708155368,47.26510777095123,20.698379783808374
835.5618717161894,497.71743286519035,47.39412034788125,20.83367908137469
831.6874947469937,498.23077733397236,47.398432300188595,20.571088192020852
828.9036129081808,498.51951870232614,47.16627684939667,20.565414329920372
825.184612801888,498.44314851701665,46.71625940756329,20.489340620181764
822.3171212410435,498.3410065620285,46.17224224696445,20.49664573760996
822.8066743088963,498.07923531780125,45.96230144834477,20.586507155259856
820.3539770646526,498.45735979611715,45.4389382692908,20.596486397633168
817.5598375204014,499.24101336415754,45.129340618291025,20.649183319436602
814.2711186560994,499.69179201482183,44.91416674792673,20.541972171844076
811.9144696589065,500.19943915907265,45.06642577136508,20.555880106166608
812.3853753012861,500.2568828210037,45.3296078538011,20.602595353911095
808.9020868408959,499.9019705674955,45.41881584757943,20.741570799915248
805.4545286098315,500.2860586796386,45.72287167128043,20.80410719207276
804.4022100765972,499.5483139535145,47.343535383648074,21.305753487029502
800.8740120780891,499.2935706319891,48.3943342661011,21.474546805276
799.6532786089041,498.4946017567345,49.41318519952729,21.96006089741428
797.7548988445719,498.02676773502725,50.25389457064464,22.59166055427398
795.2933574601209,498.0191441515006,52.30186027602433,23.09860017495007
793.7045616947428,497.89640611128965,54.506462188002345,23.36087946783589
790.5906091153906,496.88629942740795,56.228055453243535,23.97486369722497
786.9975103121662,496.6032387070501,57.6804702914428,24.298521310807494
782.3238907652425,496.16790972666723,58.782187839880265,24.701090704316226
778.0240884866936,494.20817683597994,58.5546372837577,25.940235984363277
776.8831047399932,497.1463040835499,59.47852093297365,26.39931006817228
773.8780305381289,494.7175367494239,59.69119542923161,27.232600904789788
768.1226787627743,492.5895020243529,58.94085447768258,28.096047645657514
768.1805319277848,495.6221053293028,58.01907323034486,28.5588795374972
766.6826700488916,493.78039903101046,58.23433305418667,28.818188874041624
763.2189867103418,491.8599989526992,58.52763791793167,29.263174135034355
764.1352705874231,495.5898856488653,59.60706032947962,29.25924085348096
760.4311174929283,494.6203786733215,60.166041338415624,29.38059792991184
754.7450651180309,493.457222136811,60.4828148580469,29.712340628443965
752.5865464330003,492.758273709653,61.605984067860064,30.171363595697972
745.9371482020023,491.5027923921487,61.75777926337674,30.82138470143257
744.8676944618081,490.48448363106456,62.32921750453016,31.401801504721107
744.3221640161394,489.80729976967723,62.576401020741656,31.831865278616533
741.0618150446796,493.7415403948513,62.699101107521045,31.884057398629665
741.6625429442795,491.8029460730764,62.85884444887016,32.14076860420656
733.7399454506744,491.02865306574137,64.02365956852648,32.34191890606225
731.8951271381527,490.3810410365633,64.81433250376577,32.59239966493412
731.585666422356,489.7433883127185,64.8055440697893,32.83312345139935
728.0920189150413,490.909249135764,65.90923265055012,32.27304639759351
722.8705910069426,491.7582454336179,66.65885688410597,32.1414350179349
722.4607676840023,491.85696365499666,67.34499702330501,32.416689425673624
719.4565638850652,490.9238373612337,69.33415470510268,32.912257031853464
719.0349340583739,490.6702865939073,70.41104950093079,33.24892073879991
714.2230285495675,490.838899999699,71.7153681784557,33.56137412445547
709.2127218420616,491.33063664096517,73.43780768904868,33.69262774297755
710.5562957514148,489.69046790574583,74.7095834486045,34.325999948142154
707.0248140941196,489.7970689059942,76.54416989780802,34.965359421491826
705.4486608534671,488.8567212840579,77.74092761583789,35.35716222933683
703.0738629596705,488.5952656271006,79.3486583884011,35.71036581283893
700.7337709604908,493.27306279314985,79.90396588758445,35.66973386782543
698.8814810886871,490.7781332936143,80.79468688370952,36.16816496848959
696.0291646548036,489.9729764592693,82.53498740932868,36.94403965755387
695.4808751138883,489.0210972346501,83.68132163974913,37.68880378973761
691.8307963138633,487.2454131732273,84.5993762734904,38.20268202153092
691.3720840745269,486.44317959374627,85.93480159926433,39.487523445210066
689.1392679718422,485.1321629416357,87.27564027512345,39.92636783417848
686.7950618101331,483.798446936893,88.65088955647302,40.267522349233325
685.5079938667075,482.7231186448585,89.82712390829019,40.5128795081772
683.698371367893,483.24759943790207,90.15019676389039,41.35667521865229
681.6819814594918,482.4514565050608,90.81950101955057,41.5873488835979
678.5843819565889,481.73790743414696,91.34036788348024,41.73702114022505
675.404657294123,486.91427978046465,90.96389153397357,41.90968709975027
674.0946840883455,484.6259915045758,90.8860170436579,42.30930127588716
673.7014423967707,489.5738923339166,91.87603432957172,41.875339293108794
671.656516947682,480.9424554572965,92.10383970124452,42.123663790977986
669.9913392252271,485.8512492120307,91.86884723622711,42.5330011777497
668.9340660994944,491.03889806056435,91.9800258252625,42.48700150009166
669.1222246994245,487.48223680024967,92.42064905222911,42.61099945101889
666.4685159570685,484.9729545341079,92.15149459556531,43.048531707148825
664.5003991643515,484.13269571106684,92.98223630439706,42.66325393163057
662.9225775657095,484.33740574249083,93.48851050029256,42.5495854106356
661.4712482763031,484.0303788837014,94.52637649373251,41.82131522894532
662.0539344899926,484.69201899029997,96.18128080356651,40.13054752557103
660.2555580356803,483.94726222543494,97.03658268718196,39.14542163956014
658.1841383168444,483.8419091792741,97.34894703291947,38.27880179174963
655.7923482693279,483.8558676853703,97.93104816982267,37.61687082873258
652.9901804401551,483.9283955261592,97.86652959156544,37.07040912722869
652.5632952483372,484.3619122125154,97.70692183189078,36.593035963933666
651.6244744690047,483.5174945255404,97.81592430287884,35.82350518225913
650.1339345115191,482.3371316603173,97.45170092080706,34.945041049500404
646.4065236093611,482.38800738874636,97.25660702993275,34.4634068993516
644.8161479688949,481.83528853204473,96.40732043092108,34.46557610861219
644.7609595370058,481.3865439076727,95.53890891884498,34.684322531371244
644.1294281373837,481.4757155853411,94.85791186930369,34.836842800845645
640.1388013524459,482.4178500758769,94.51848577456761,34.587987347262704
639.0986095649789,481.75298868896704,94.14322521879461,34.7467977360956
637.7784601498632,487.70527082420614,94.82853866885335,34.287539289897154
636.8800170104238,484.9973924227262,94.55135330199542,34.17349186312069
636.3641037836402,484.0535042144151,94.91912530218978,33.834731290530826
635.9214605058854,484.16449423499614,94.325308173274,33.3194530644971
631.8556357732296,484.2658503968532,93.80134850772639,33.53814462567071
630.0511245499156,483.3003914883367,93.33302033789923,34.10352563373612
632.0251085384825,483.19632178309337,93.10797945427119,34.14178849855509
629.8053834973999,483.0453263558766,92.16122481689288,34.62366399535118
628.1877415676684,488.17062779830354,92.74492595846046,34.129392554283996
624.7459969937722,486.36499324434834,93.22438096852694,33.522531550500084
623.6422289217638,484.599856135613,93.54954616375218,33.70137296767775
622.1796795363795,484.5899365545494,93.32725695310621,34.31602017185439
620.52420520759,484.8268810836475,93.23185762064921,34.45274791682743
619.1883251847293,485.1847043149097,92.98726157963969,34.651854593321964
617.4283706482476,490.7532070567259,93.9418804399717,34.26471178058812
617.1114886247949,488.87704537866927,94.3521296468703,33.59100688505342
615.21056507982,486.63742994321046,94.66053396300109,33.347848534779615
612.9824670264263,487.2007435777952,93.89105877843708,33.628331599052835
612.6885311784436,486.5727305066382,94.10367262470928,33.970812669288065
610.0860532743791,486.8340716283225,93.39159571417983,34.16084867428684
608.2806603550002,486.4308260283799,92.87489103246016,34.632472515964366
611.3442546179913,492.6636094096515,93.5387438806847,33.88216625909736
607.2894685499327,490.4279552089876,94.35618030131724,33.149254365472714
604.6506821709575,488.0313704050565,94.72869133746589,32.93667427088137
602.7106681584673,487.50648560281763,94.02035333079947,33.22146743349886
604.3474209368654,493.44590486412034,94.43798008105583,32.73777623450185
601.2267837067315,490.8226442603842,94.18701697342225,32.40402619792506
600.1475600752716,488.6535047560781,94.21465516766224,32.801477836847354
598.4390521449566,488.7328801288285,93.37236841217285,33.42973609212474
596.7520125990594,488.7895118682774,93.35072201530437,33.4178865337487
594.699170534386,489.0327341189127,93.39915564492594,33.29945806684276
594.2964471647709,489.30214587040894,93.62303390461808,33.41912790386573
593.3963060000244,488.6161596715383,93.12324380254684,33.69200912938871
591.9239211451471,493.4766592019348,93.60223706882,33.15042863243838
589.8471251004512,491.00768841818785,93.59176999607178,32.80805670811107
587.1548661257968,490.59665299523374,93.04141436444803,33.27327844985328
587.2730487175269,490.355839621708,92.88626743108385,33.78680907848438
586.0851687237362,488.72487972377905,92.88838378196178,33.89067356886125
584.5364385355886,493.30444112416893,93.0613489380726,33.04384572810347
581.3194635906012,490.7312194657572,93.34095283881987,32.90664913709013
579.6979733246092,494.76879422284816,93.59657599279812,32.47833208903364
579.5644380442427,491.6278405624723,94.00507623113657,32.27807455001371
576.5001007572329,490.57000311968704,93.34917677332646,32.917589743773476
576.3688275480883,494.892045189529,93.39935623812326,32.68145505172152
573.9780229053194,492.05491150340566,93.1956707047829,32.94721555369833
573.1098722496324,491.3471748072826,92.74209021455175,33.54964988153705
573.2998558591426,495.6648278871538,93.45647166458372,33.23981750719504
570.6369998338996,492.997612264831,93.4737354004029,32.98019739075675
569.8730173343586,497.4227735259154,94.06050377902045,32.56289546032387
567.5842434342724,494.7896728433263,94.01948411245704,32.60586837091213
566.6548747244997,492.7633308839203,93.63599564661125,33.47190177512152
568.6041085083773,497.47166072676913,94.10779833108386,32.925260094794915
565.8203563590926,496.35310987705236,94.49699223536614,32.59145849298943
563.9509475636094,495.1124468742428,94.52966787763263,32.462531402981725
559.9798060757632,494.7411366720254,94.13786062047566,33.362903918970744
558.6551882055421,494.08292828585115,93.7786811387501,34.196931390257475
557.4099761447553,495.02975122331145,93.98243386025348,34.49363771679876
559.255248346034,495.59427197953465,94.10028746604246,34.53303845365046
554.7872678591258,495.52325345812807,94.64610599906322,34.68214363410187
555.6426676617423,495.8260190199013,94.38118406507185,34.58179626690683
551.4564048922484,495.7934411523679,94.3963859575143,34.871846346780345
552.4029236916346,494.0094254012566,94.45669592248564,35.48586736240017
550.856891043322,493.96952404759867,93.83014401825916,35.87818503048183
552.5795091488947,494.95193282086416,93.10078891635158,35.7515668610108
548.2504356552563,495.32112580946597,92.70960137756639,35.85620245544343
545.3732050900063,495.42249565012,92.44965439649397,36.08310962376754
544.6027502244102,495.90387395951274,92.77418973040831,36.17669477229326
543.4889666623798,495.8011327597903,92.53346366446682,36.43705281007406
542.4862094580773,495.6374386449594,92.63212129778802,36.76575396824296
539.6577583200286,495.7541553840313,92.73846309948959,36.831511249757895
540.3021635505947,496.19444112646437,92.52020415298277,36.380321344052504
541.5833811185237,496.5053115470741,92.05300364961715,35.94326311048378
538.3722774125738,496.7763054857997,91.74868432430375,36.03399629950748
535.8446960789349,496.64436536882334,91.32973018936576,36.2995307327848
533.1863387096026,496.40694369201856,91.15070594487608,36.67756463958273
533.8604028915202,497.1598301178899,91.07470950090196,36.48637866566286
531.1900004370291,496.70057230862227,91.25765746866098,36.795371226260485
531.7787847118188,497.94534976693126,90.59699559775804,36.60962571401575
529.555837803826,498.65793148051677,90.46150666227882,36.62790045918502
526.7695678752145,499.10600133839966,90.82479320834453,36.58097595290336
525.295559467926,499.4841318469119,91.26308993587033,36.843855417827754
524.3274053496418,499.4843668987827,92.5803802137976,36.874692940601776
522.010810558646,499.21610329386743,92.98324695795974,37.19948210044831
520.7390627452575,499.85563617842075,92.67325437787316,37.11737391953751
519.4038669657406,500.71322254140136,92.20415819352925,37.181001681094564
522.6576748446281,500.424448815858,92.19419115172715,37.28321675284015
518.7611095910589,499.7900537451236,92.50725392891565,37.49714677925772
515.2081270092262,500.6623603105546,92.75200731584762,37.07874939241424
515.7529516540628,501.67565135158145,92.13209096637142,36.62224329913005
513.5008686980987,500.92068482591094,92.22823447458276,37.1000431288448
511.88417045962666,500.40593808592075,93.10130466139604,37.15738443530603
512.1240810105388,500.9733974578538,92.93811454888481,37.200826749675144
509.6440397827222,501.18694843355786,92.55681402417149,37.16632989436877
511.2860172813446,501.97525495553253,92.36435215665689,36.76867669691598
507.0662468181293,502.7642437046164,92.3218879637637,36.81452105333972
505.6278641087915,502.9383333995691,93.06847850717986,36.91311808331222
503.7749178744641,503.4432254542401,92.93455917392436,36.99437887677177
503.8950099865252,503.42552113536425,92.71710402065929,37.27136890979198
502.95648304498803,503.6839079267389,92.56068178946052,37.35478775467774
501.1432944217491,504.24061731405686,92.32029639784643,37.18112626754424
501.8511174325432,504.256348043451,93.01953761380692,37.04858697647435
499.1756687062824,504.58793676494906,92.33385927210858,37.16579490850106
496.52842093490824,503.69745257167256,92.95607116541231,37.65439094912972
493.70629690798705,504.1839690635448,93.22606451573301,37.80451665869886
491.7846276750587,504.35180505229914,93.58101611215923,38.02600589315757
493.68024166624895,505.6858456938419,94.07541978642537,37.506881147318836
494.3765820985169,506.09276158518855,94.20276620174333,37.25854092174679
493.7497258185772,507.079418266835,94.61761842865684,36.92410614236196
492.89794892894525,507.8579647817008,94.85282203587792,36.46179725321725
491.29066583500867,508.55250157404294,94.90360610400013,35.93101505609096
491.27573681097226,507.8977176753793,94.94568177059793,35.982408434015184
489.76724188562423,508.53038605428316,94.80767498776432,35.893829727125954
489.0377311638788,509.15699560492453,95.18253205022796,35.357785394291156
482.83624822426265,507.8506466041625,94.6401167649095,35.8760376904014
483.4959846986494,507.51703085629623,93.4880485869871,36.73310303580236
483.9807528360427,507.307955644565,92.65083970489782,37.348336634447165
482.4258004555538,507.3543496347311,92.21291364579207,37.6199480276464
480.6626811762398,507.3649217313566,91.90585066023058,37.79415390022271
479.7803679109781,507.4688656714378,91.69592074467857,38.004929283381216
477.3866112901701,507.72788114611103,91.52715470849313,38.13817319394008
479.81155598797864,508.192494348398,91.56456628104615,38.187787438494055
477.0738423114918,509.066967515829,91.53907000044445,38.05473112972456
475.70201159450437,508.985960739391,91.65756597192541,38.209453622193905
474.43327346760157,509.23907489512976,91.82386598290257,38.1174793800447
475.12133340275466,509.69864576566437,91.88698632980527,37.93524619400624
472.8689907202747,509.5343580361521,92.53889540577889,37.72155051579313
469.5994444458401,509.9721204801819,92.96839217904389,37.915108007074785
468.9201650942951,510.4062445947882,93.5827809316487,38.14728704779782
467.9357367160555,511.01140295562357,94.17496863886497,37.980171772660285
466.61367972848143,509.9551483550803,93.99847995860223,38.449109120109064
466.50339361536396,510.6594758214385,94.29473474295649,38.47748414516404
465.10236152388904,511.0300917026209,94.68298605015863,38.51873733143428
465.8901717783853,511.36698905122,94.96625452489266,38.240660970341466
464.3443098238698,511.8171711751018,95.3292165225314,37.87739250771877
464.68605533982617,512.1975113589888,95.47563004689316,37.452133284907234
463.82929526155675,512.437538761918,95.09278975840941,37.71696642708512
462.7978391562728,513.7359165347874,95.13871893675075,37.35352515708761
462.17800573769546,513.7224823888909,94.77125369668833,37.14338279109348
456.88162302747196,514.3630863179026,94.76747485138826,37.323922698611
461.84484042534785,515.124069113238,95.54830972421549,36.309699810901215
460.9022906920664,515.2772769836124,95.24702451289146,36.17429934765725
458.88216948609295,515.9483128781224,95.1583463697236,35.915498585248834
458.26630446495426,515.7805918957832,94.90331138495476,35.830745328026026
456.40878269143104,516.3949471542542,94.69562901609245,35.829529170100535
453.58858884382636,515.993224304539,94.0575867262554,36.11872339896522
453.2025850479906,515.5752724094108,93.55931634093713,36.72004005629083
452.0286691561731,515.3198070567005,92.98352194010863,37.14984445178015
450.8351858619203,515.6080774347582,92.50920021951691,37.67552423094295
448.19204692183087,515.0941923307191,92.6288325728099,38.063544077578705
447.9896402718249,515.6477477300646,93.00250452091342,38.231964213221474
452.75352044494076,516.4719432789021,93.20691809435935,37.61005140610433
445.56335804415596,516.5586593308142,93.97114258464963,37.506696490593114
444.31498693151235,515.4827664291221,93.85806682821689,37.893344621553126
452.0063127492392,521.950134025467,95.78305526844674,37.12262615249592
446.11229076182957,519.7788570986363,95.5477304078169,37.02081069005642
447.044536220524,518.1951718657826,95.24975791636952,37.04539322241402
445.9373609106152,518.663614218918,94.66395933384022,37.114010620902434
438.8229718996048,517.910831971055,95.25338932577071,37.264714334005234
439.44643066167663,517.6632747696432,94.85115455471316,37.854780902909454
436.7638464112796,517.9236686381553,94.65409771371034,38.26904669324037
443.03606515363253,517.9574450107127,94.91468914440973,37.61167159619292
442.26401320056976,518.310240608244,94.54820192504701,37.152385062165884
440.75606318998905,519.0989157446313,93.95614196047536,36.82034295017309
439.50713900608275,519.611986448334,93.64021359679688,36.769057561787776
441.53255490073883,525.3303352334603,93.9785262281085,36.69894953773872
441.00713427299377,523.8528657560693,94.99744860400031,36.21070936196681
437.8819926072887,523.2992170394211,95.76245857420436,35.30667309126818
436.92384325240494,522.8139223799108,95.4583743551236,35.34441955960388
435.8633116862586,522.3364617043421,95.35809873848439,35.25103063089507
434.0344367110251,522.5101964500811,94.44507747160529,34.88277481490107
433.91394628686567,522.4469011274322,93.41137544047609,35.30844577245112
432.095632453233,522.6794718781591,93.02278032942111,35.31995707203392
430.92058348749737,523.1803837076783,92.64749664811471,35.444363772073174
430.15408971978394,523.3064279805062,91.76003659557469,35.81881523162436
432.77640196759904,524.2720004355187,92.1057264882196,35.213811917439685
431.86898274499157,523.9294483609032,91.721311374322,35.219499469781304
430.10039537703375,523.3861720893623,91.27882297661644,35.25149063629148
431.73691277830585,528.5493037508404,91.20339068452445,35.276400714214176
429.82177210872226,527.2793094295392,91.32018034545374,34.74230888959231
427.0759304049802,526.0111237092998,91.88922009143884,34.35176063135591
426.4575886783339,525.2404471695638,91.31174319774664,34.60989222759733
425.0401463322364,524.8798481638007,90.5877728331789,34.66778912885582
423.9223664788702,524.5741121665803,90.05770157944691,34.76724721109581
425.7066061372833,525.2376269152024,89.71948621106115,34.37673328353837
421.5275369311542,525.4900279113964,89.33552295400787,34.199457979726375
424.00327404389907,525.6635857137877,88.94936206775155,34.002907820366666
421.63730947739066,525.5066288295407,88.47574672902763,34.12439294038907
424.16576373105977,526.2908369940379,88.25282736506101,33.92707453371968
420.4004359143359,526.4708706472074,87.99025437225744,33.82846437259472
422.4847806189783,526.8921348221112,87.85811357747464,33.41268617609028
423.0681910374059,526.8047622393659,87.74228797129422,32.891002506188876
419.3529214954716,527.7218501910194,87.45404129237593,32.89937378115036
421.27466093266423,528.3502279791595,87.36109695244502,32.732558752813304
417.0665057316413,532.881781179281,87.52852219976674,32.92366663937454
421.320530054978,531.554427749513,87.89278895989264,32.49742180823652
419.3916763472424,530.3281409774372,87.72797297219604,32.26989896452501
417.71957505170246,529.8412995416945,87.36585599273462,32.29602331378594
419.63908958149494,530.2493237186292,87.72187097382958,31.77431434852562
414.07673724297854,530.7918543967633,87.05931845634338,31.710066576585174
412.39789448114806,530.7038840739683,86.28252541097353,31.972416731356955
412.46298272798776,530.696572162113,85.65131948547429,32.35110265571669
412.20855031377084,530.8158893920406,85.04416947568942,32.64639676899296
414.1004891321916,531.5600129748085,84.74747660180253,32.4299659763286
415.90747559601,532.326222505943,84.63085698951919,32.07950356288621
419.27562126667755,533.1102936235922,85.09712988768608,31.686589446484376
414.2084325353313,533.0834107155771,85.32819943564458,31.27671108579273
416.8580380811634,533.4770662283497,85.42323253801118,31.06053063399718
411.45322223717744,533.417655586224,85.50533470022629,30.709258250741357
414.32853483768787,534.0402490253435,85.33544470580945,30.64421282147695
406.2736709627477,534.3277503351601,84.46201625146612,31.11932960186812
406.585187866347,534.5903744912642,84.06667855010537,31.61393857706676
406.30329806523724,538.5234297811415,84.0889080524752,31.858701219663256
403.5620911283344,537.2969147103728,83.93338104264448,32.11462190037019
403.2591169006556,535.868377326539,84.1085082580537,32.447964959511204
404.4163537429677,535.4233705774865,83.74499246775474,32.72524056355795
401.7492290755091,534.9524811898647,83.75978760955668,32.91764632005988
401.68243136455544,534.6820287651448,83.30639350948378,33.19695100294058
402.85806226458055,535.2734307970959,82.88432711348622,33.467274680852
405.1851994002083,535.799948273655,82.77129544171805,33.00485708641835
399.9001090188375,536.3067304079676,82.47449088341475,33.243476493559086
