4.5,245.5,22.0,20.0
20.429617150632716,240.9832853259166,21.399413617435744,20.105281078513507
39.75657466846531,235.85402948865058,20.981258316877973,20.367759084527425
61.369458125804734,231.00831775198185,20.45207038169131,20.552509698673006
80.10386862384641,226.4484371563031,20.749969203723182,20.621800537857663
101.26175665268111,224.12593985335218,20.996651184383854,20.040794357931873
120.20999381283103,223.9672196093767,21.14181428473834,19.846204840427813
122.55045514786104,223.6957956760927,21.203877340081146,19.411523062029687
138.7672152199841,223.74058196460922,21.165128771762745,19.57577078509889
160.17366375381843,223.3544156266571,21.261903487541357,19.684486446118154
180.4677196394389,222.78398996213156,21.6007707812418,19.530391343055605
198.42720623380077,220.01683801652348,21.405872909900893,19.444182748767624
214.07485553880204,214.51697958709988,21.92660670956633,19.051499819711957
229.81651372326382,208.26952329434522,22.291843044500155,18.783319410531377
238.33120389570217,202.66827476882582,22.391779029579542,18.712441904075042
247.02980752288008,199.6806640858357,21.97118005159091,18.77491874796054
249.05969636169766,198.87241783170035,22.219453483269717,18.409924697317074
255.7322477258417,194.62431566559727,22.193464486365944,18.50234523130549
258.45388210382146,192.0858177877979,22.345006216246254,18.500711493190813
261.45646645310086,190.64078690402303,21.87324091429386,18.54088398232868
262.4419005781048,190.5893267458399,22.02827126391057,18.708729693647253
263.2050052481693,191.09671912265696,22.102972229758514,18.437330672187038
263.26443279662624,192.02559119674657,22.4925668064973,18.092690366743135
262.355044798471,193.3555082077526,22.78550371246046,17.685113215000843
261.7260300475329,193.50474190110333,22.4235936486781,17.779955570511653
261.53447762352516,194.11817101680205,22.718452903682152,17.557088227709833
261.27768020681475,193.74885356374062,22.71816331193973,17.55222027853174
260.86402279410845,192.2482154095588,22.463436277725627,17.704841839886107
261.9942923323837,192.0649471953244,22.8622130256838,17.801299668901976
260.2116210224633,191.14011364326777,23.096629704057285,17.47688258646128
260.4556563210051,189.30546655843162,23.088055407194155,18.066701830138683
261.7696264240492,189.91568816432,22.8318376608991,18.26616523457288
263.20500070386333,191.6645550584824,22.798250880674445,18.204604408436794
263.4327995094061,192.88383575425004,23.270951623737776,18.1946957802682
263.5491644546422,195.1212661363967,22.71774442642272,18.2568742959126
264.7402639537574,197.46688690315796,22.927474148666636,18.024762572723372
265.00039883001733,198.40361153397996,22.847944117206577,18.094021684149148
266.3833233714328,200.12951522402017,22.81546319271603,18.248123174765745
268.3850265438207,202.76578384906878,22.93995077265346,18.488479124589148
270.2261197268181,205.74882591225654,22.886104412533218,18.543419225356008
272.7358045150889,207.06887686481986,23.37990698564987,18.595401871086885
275.5599780729592,207.60780962330827,23.109008905553804,18.665453386351864
277.2355062266264,207.22233159299864,23.042755035048014,18.888674053923804
280.3490711134579,203.36399684931948,23.092958520967553,19.15231200136517
282.8028472514205,202.24380188418448,23.071602381517028,19.411188789049408
284.3269179516024,202.27033606042394,23.522015210889386,19.582838962576197
286.3640146478909,201.21225424549684,23.176798306425944,19.82985493408232
288.5817405448508,200.89510029998212,23.27624336309206,20.075821726087955
290.4940278588315,203.50937433945433,22.960892434700334,20.756170570208752
293.79574107405136,202.93278747431663,23.04420401848178,21.167561754440754
295.22332232578344,204.66850767395476,23.494362493182233,20.78984536753934
298.6374549133862,206.0878208093724,23.61000887040594,20.55608798555901
303.4425017210437,208.11484287926663,24.064035547754496,20.65075266611357
305.74155037224307,210.12621828151435,24.38186374813291,20.729442291305634
308.87932482763404,213.02440723316454,24.171151339426125,21.021582053868343
311.45165167404616,213.0797022979588,24.092888637812873,21.49791760968555
313.1950805649219,215.4135097691177,24.599111948895857,21.245580625284006
318.4624047812058,218.84346782322262,24.477965255830025,21.337663704543605
320.5480451331655,221.21774268944418,25.092384873108188,20.962163708123477
325.5347957225109,225.44432630877617,25.48973521114085,21.168791276893575
330.9414224256347,231.39745619048924,25.09112127785476,21.515023464456203
334.0670285185911,235.508634834555,25.091223255150055,21.941252449518018
337.1613246819338,239.40419377370645,25.349307659574176,22.226980693956826
339.1686954486786,243.55822163598052,24.90167022726564,22.873965901110363
340.2206987348369,244.23810084887543,24.37606879677948,23.429808371202153
330.2050133163056,248.0073443000197,23.82080595159111,23.86090688761483
318.0834430368856,250.67308530485113,23.5839774857728,24.10617515642486
302.82815604617673,255.2909923819333,23.5949253075227,24.350921304994895
289.40992304535405,258.69056186429816,23.050030301477605,24.544354171014692
273.42236510564976,263.2293962960848,22.788654023903703,24.648550045905733
258.1905869731204,268.8738886318407,22.971362739523975,24.082774755497454
242.38470083469105,277.12307002758354,23.068507559717652,23.681078300071313
229.2013952092866,283.308240275237,22.687298910013876,23.98289127766482
214.64786792408785,292.4093608605451,22.818923945499233,24.2951497713552
213.5491442437612,292.17762634499695,22.74503928062464,24.72826883631293
200.2920405157985,299.5604079858169,23.53292074778043,24.322423877427045
184.97883315470688,307.40003445845986,23.954173421623846,24.282818415966762
174.47223431486145,313.4958636636019,24.19782077782837,23.993952936285684
160.08772113284644,321.92356677908816,24.509535511609386,24.07145762450259
151.5699284261829,329.3725691291463,24.634934157358288,24.024602483407264
140.9559141507247,334.76156194733994,24.366508469383106,24.244582659703195
130.19244092745433,340.6300049220502,24.723487264556706,24.846410356217724
124.84773377177265,348.4453154879664,24.58373707091516,25.08273735213184
123.52892735703318,349.5136234353083,24.4974295550877,25.32940554939747
115.87298076288845,355.4094814333243,24.67679729934641,26.1544717417811
112.86101221606299,361.5022797259935,25.22836853682669,26.185138927499796
107.49215389874523,364.6316401393536,25.573423123122357,26.30018786091143
102.95784343339578,370.4859086930047,26.016703592090288,26.472475796333864
101.23332263082972,374.24933534912134,26.81904314605969,25.899332563293708
98.12197412705781,378.53571802965337,27.305319999031987,25.431496172566522
96.817639582982,381.1794870215284,28.147114058573365,25.429732419773494
96.36202689323468,383.9830474632849,28.97072369478856,25.345594133611577
96.08240874370728,385.8874336096245,29.908450024608896,26.273182390859134
95.92259024392455,386.170449939319,31.010426239452986,26.68231551582913
96.15673391966739,385.46469150099404,32.08396573218269,27.538318891311768
97.54181940205476,386.2713512260994,33.39579979136427,27.71055981059258
97.79578283424276,384.89505365961895,34.943313591279626,28.0267094689288
99.22780626737185,384.6182805079132,35.77993815942391,28.268892730939417
99.45214582541749,382.3239135344603,37.21052613985209,28.254643679950945
101.39357618592346,380.29977121473337,37.99807652876447,28.306470981071733
103.8491717479386,377.1571850519184,38.5451373578592,28.477959129302967
105.15413445755128,372.2515176375818,38.92842821480266,28.6477963459766
104.76012012794214,369.8957668669825,39.671771957286246,28.61879076132074
106.93378451757819,366.0171009723776,40.666210965947506,28.661954001946583
106.69033106331509,362.06651490427225,41.123215183452146,28.830775788730946
109.95021435487178,358.22876407785367,41.09367200808414,28.823763727731517
112.26362341339875,350.3919127167483,41.456193719521394,28.706300144400164
112.56277811670729,342.27337472383965,41.557503486907905,28.55227620040792
111.47758321417129,334.15704193889616,40.971428810626136,28.314538099030347
111.95774802666233,327.0898101007235,41.06251594036665,28.26392696916222
112.1036399937877,321.230349913953,40.24551661877158,28.287548194143767
112.51339831763127,315.1302235617313,40.62696191852552,27.93441611770319
112.70926975734467,314.42488296381106,40.86698470272254,27.595604429861563
112.01305079368024,310.532493494582,40.46992477772596,27.618272181338355
108.90308065056291,304.17518068704726,41.311748456294595,27.211803092733554
105.75449607025787,300.79570709292346,41.439349555076056,27.705470987920833
105.06945512487094,292.2618817821466,40.785716903461015,28.28895069577833
102.92166830215037,284.35259295018204,40.79170400486529,27.81404653292518
97.99534273106616,277.34580660695747,40.79785665765383,28.158095026564247
95.43523209273884,271.23278912911525,41.324500072522575,27.907925110117382
92.48054918879369,263.66669337773135,41.87699570600493,27.785535161469156
91.42833167390496,262.4345714655912,42.65014490146993,27.473253488312942
89.22523283913505,259.0098252085643,41.996546237696776,27.838345253160227
85.66741124328658,251.68389096604875,43.22013010322184,26.870045052278186
83.9222952406771,243.55788840328066,43.233237179012704,26.815958869220626
81.69989667769245,237.33877139339288,43.64504480302887,26.478874743244273
82.03852342046983,230.1216986945684,43.291097162734744,26.702944762475234
83.56326191003839,225.79040160942685,42.99194324077228,26.382912971454626
86.57547757355428,222.28012970365702,43.21551491972195,26.30591545074941
91.5206032456903,218.7283826278349,42.9892020977888,25.912318785895888
94.99348337035718,218.3934484735085,42.42871339767988,25.746763326981956
96.89745585385648,218.58837806812363,42.27976239010814,25.364069243765144
100.01045055497184,217.9489539950253,41.70036894277247,25.42683028707176
105.58901438651169,215.73832891794078,42.28252674874793,24.427967354540396
111.3337403780664,216.09631824659445,41.811765828565775,24.492768833818282
117.86719701619752,215.04771747465767,41.385479459652146,24.69988730312213
123.16125895125425,214.81000249397965,41.392642912536736,24.823866463582455
128.90681964472623,215.8544999249742,41.6293705322456,24.67556569529762
133.80369620520474,219.7972215127644,41.47728382364208,24.60207034228804
138.83073504876631,219.00266248220896,42.0296323755326,24.334178158075687
144.091426430354,216.9394875272544,41.79186853935921,24.267529181876405
145.16818331370567,215.66266950918802,41.58841978940238,24.16092432941362
151.04000377651724,213.6157639604274,41.393381921640575,24.29755778792729
156.66137709747107,212.98631941726512,41.02613977344629,24.71225961457775
161.05137322698766,214.735957490489,40.53814637763335,24.58096895511425
163.7441762472809,213.67279773116186,40.3150292744248,24.862722605390836
167.7359897931736,213.0852673508867,40.05965125566799,25.052714806294567
168.56281677218465,216.3630493521622,39.33423604714997,24.981746579347853
168.92504077146074,217.9357030179773,38.79779616329332,24.91545426427341
170.2475186921709,218.34411014489854,38.51604623160197,24.650620565488424
169.5210659037614,217.33410333586008,38.33213375708277,24.372238311449284
168.8982304848946,219.80112414464378,38.53239968377514,24.265276466831118
171.06451813773356,222.51551781225172,40.701005980575275,22.497232844994148
170.10935860551578,221.95046445811664,41.56026782550549,21.098110150722157
172.28082371149753,222.24980647098707,41.50195599122752,20.355654461673183
172.33726778789938,221.89968205146715,41.35634707518754,19.66821764416545
172.10133745247407,222.8931556605935,41.17576749611828,19.681776826974772
171.80922663838615,220.61668523952056,41.65358217483363,19.01724702321612
174.51629372799155,219.86393870093195,41.93820182939356,18.167521451482784
177.28318897167588,219.9910969701864,41.5067949556113,17.769008298350833
176.5021373684934,220.80198485007185,41.133349021999784,17.491166240095126
176.5900961839947,220.6354771674709,40.83011239778644,17.26262055726617
176.8137134520117,219.21137615106468,41.637681400074825,16.750994117941175
179.06267199748262,217.62590732170415,41.127943039143986,16.53246882881678
181.3681900045138,216.67149305121004,40.61081438134383,16.483386951294584
182.91375469230624,215.15090943221935,40.99864885768768,15.98219412190835
185.9545409394245,212.99203390275457,40.71142126548973,16.038970296804752
188.4214501836702,212.83479823404053,40.01055823277835,16.068991460854832
190.11972104623692,212.23185698126616,40.16309854843168,15.615676159091574
190.6317646123141,211.71335009105562,40.44372490390242,15.301738029493704
190.02496917660778,211.87007142156378,40.30433134690932,15.198453895374803
192.7977906146903,211.30372786381594,40.460042497538666,14.775034920324837
195.63069049600975,210.9300788664462,40.01485335349109,15.175336488481975
197.19257592821398,211.08444305877296,40.41567608077268,14.809362707750813
198.60880448459318,211.7148828812599,40.27673307667214,14.793699551615147
199.4118275748713,211.05279583862105,40.100861723691594,14.987487880400254
202.39040835282628,211.1390328310071,40.03003315652063,14.813520998346672
203.40325468751095,210.9244319065275,39.925493078856604,14.741134919964473
204.30621356314046,212.19961962898842,39.897654241286276,14.669841105749413
203.73721685944594,213.0342611211131,39.77322866330851,14.57398424893381
205.60181689790272,213.50557444264936,39.08582813168299,14.420644636558155
206.8784237827379,213.7853518156044,39.44842852331328,14.139495825220296
205.19338541131512,216.7158916349725,39.85909030720499,14.18618586650727
206.59548318430916,215.47936597150826,40.181431130540666,13.872707890838713
205.19345741029593,215.61008337418886,40.3392643787014,13.752317165734949
206.02647787440787,218.38708370697202,39.91630347042839,13.934712336045067
204.79097099430848,218.26639010027478,40.29303603403294,13.59220577349964
205.48922148543105,220.5810093431026,40.09568156095835,13.573617827242167
205.68452114253137,219.97991871986665,39.81686972240324,13.645699300307104
205.46348211127764,219.08973337050435,39.671171898851846,14.122730875305797
202.86228673292132,217.55729141102532,39.245291075822074,14.588969345579184
204.80271813620615,213.690912168497,39.39116452871286,14.330294687020093
205.7702239032908,212.01355948678034,39.01630254498153,13.958838093666335
205.51427621808875,210.5045218440127,38.892972798179045,13.874705956945174
207.9752308089661,207.85698640622883,39.52732849374367,14.084373390130082
209.2195164190436,207.70929321936717,39.64969176951459,14.086128806249931
208.60190091160416,205.83138088195898,39.803357881134154,14.10321089111572
209.96962360963198,204.2891776068776,40.518662120774955,14.075237890344662
210.11977597914762,202.80497821832748,40.81932401410984,14.337744819834443
212.100075238496,198.80110339085587,41.241046376302954,14.631633962997837
212.94851229850988,195.70288824836544,41.68779846934895,14.669688507927422
212.93963984255927,191.09630501737138,41.752436173236624,14.683606656011772
213.74073205906927,189.06953781237908,41.378316158055696,14.67499058763331
216.03348741240276,187.5154219671178,41.85897137546094,14.605227311648921
215.09990863539133,186.81063857127415,41.82346832119219,14.635538450908557
217.83280546058913,185.104697918723,41.373256278615216,14.977586477354878
219.1338456371287,185.30006715693833,41.75332600335587,14.798734853903827
218.53217116239884,185.01924063100586,41.99632491619453,14.818968042067931
218.60943090683028,189.8784839516659,41.68781943525761,14.789749512930431
219.23279161278526,193.53755728662838,41.40105604022008,15.178139612872423
219.43893347854393,194.11504464754472,40.85437422084358,15.236351155077816
220.81239599756708,197.42362139949302,40.91065920286259,15.289248272213985
220.31784285658978,197.53526454631543,40.62305378247035,15.415718130006887
219.31835069504757,198.0139851948848,39.6854553018286,15.900100076963012
220.62997213663897,200.76303186051436,39.063171099752395,15.908852219947061
221.5379422254583,203.16978221959516,38.746480022798835,15.740415855728317
222.02234101299754,203.44400520874913,38.942895794201675,15.644239401756215
221.95448587504012,204.24303466809656,39.32140660388799,15.429652687269765
220.54418898844085,205.25569778122133,39.36947411289588,15.594348929587092
220.16342151019916,207.10658410588792,39.731401858027894,15.579546752589765
220.0856310317817,210.096919785019,39.21223278482207,15.806379189951354
218.59667892051044,214.06624005268785,39.142507889398885,16.16015618085877
215.63296358877489,217.14109157392707,39.03024615098397,16.33195248606709
214.22542434692502,219.91387436274275,39.066895603311636,16.15280240907662
216.29403842377585,219.37152822881623,38.86920473636841,16.409527331215095
215.87273425302004,217.59835279739178,39.35368414278139,16.477577861040892
213.69241392132056,215.75261595064669,39.773330305066445,16.339467194408414
213.9534857081856,215.62143921645873,39.567985358712946,16.54370812343334
214.49879962252822,214.21566897942168,39.51462867203358,16.49791136110306
212.89183769259878,210.47870345223413,39.80406851738139,16.305889256145868
207.55027377479445,206.57987359783218,40.08940067580501,16.451944312545002
212.63125119223966,206.19845253693367,40.24213452347071,16.26662328260095
211.00117406182142,205.1350119601946,39.51577207021114,16.77424805885898
210.22548417694088,200.93873028276911,39.34457760596344,16.980691380445776
209.65153173276326,197.22216050304758,39.65456880232116,16.51779383814321
214.27505173532217,196.7340393992528,40.03952495198851,16.824668136301337
214.0317017379229,196.3807592819026,40.418006671776425,16.978735156394478
211.93951221537935,190.08583423953698,41.58036561531628,16.710247838781967
212.0530578288655,188.6355725400117,41.343982090347424,16.499622880441173
212.00890898332395,187.56008339495887,41.34493360015704,16.500566027648315
214.6432055834158,179.570069034634,41.295445643656194,16.459940069953273
214.49192531253075,175.42183639947942,40.99488925589519,16.699832426138926
213.93579988085955,171.3078097313327,41.64476480619401,16.4933755314143
215.64367592227367,170.49545188394077,41.640026803413356,16.497187495805672
217.90648329044777,162.29864726053262,41.32955336345191,16.69222267645987
219.1909291722012,158.076624563646,41.35727405340572,16.688226154339613
218.5624080377572,157.54198702861157,41.36573050209569,16.685906032452877
219.44418595815765,156.80695904492444,41.413144848482,16.656921634608025
221.55204844798254,152.49858655558336,41.40681766164837,16.63340877790199
220.10037224913967,148.14669914387937,41.63758075727111,16.50699008171766
222.1070396343957,146.4556979766232,41.634840831577144,16.503445016709104
221.64967863166086,141.8907983352214,41.7372708572571,16.494994902234932
219.9990008596776,140.05767197824017,41.7330982373137,16.494439487840474
218.64553390648223,135.8141520753668,41.73224677573879,16.497167236092057
219.24153349554916,134.47411547137062,41.74681929579367,16.492296768089517
218.6264230279836,133.84549280792552,41.75845378607005,16.496500231538267
216.21803604830066,137.03754452110914,41.747670181654186,16.535492508296045
218.54687799800078,132.02633239606914,41.80396886434624,16.51885521205035
217.79510824358707,131.05938486419933,41.903505945118845,16.542143772303366
221.21764302795592,130.510030173707,41.8898525064471,16.57288192373475
206.38245936773725,127.13486712853255,42.1883536006881,16.454959074569533
208.35205939696857,127.38739960865439,42.315035271351434,16.385192765782662
210.29106909241636,128.17624527227377,42.77692018877494,16.239852789328218
210.11215728792865,127.97988858718043,42.821946817607795,16.23570380166005
207.21874889185676,128.36173103166954,42.953979407175886,16.20197184408594
207.6516187839707,128.71636758602486,43.05801762425648,16.18188888468258
208.84138724681566,128.83741406402012,43.05745322893152,16.184855389093546
208.38309070918754,127.81376599960898,43.05643261905669,16.185526142168197
209.5804912814724,126.54020496004601,43.05634130000273,16.185598460475642
208.88690244624078,125.45813316160105,43.05626401708158,16.18628776316084
207.40077773402868,124.71661581065071,43.05420828861269,16.187605116962764
206.68501027618896,123.59254352165192,43.048781076606595,16.19205968107484
206.26300984722315,124.15869926111468,43.049231192865676,16.19244971830076
205.88831801467086,124.28161288488481,43.049208937464755,16.19350878372207
205.51963304657272,124.40158204731586,43.04918537524031,16.19457066413839
203.96242137683873,124.97302917107994,43.052110597261404,16.193998360846955
202.50506058503254,125.16957616695763,43.053945561305895,16.194245075916854
203.63630313406873,124.536952404758,43.05469746274527,16.194363391751352
202.5576541249064,123.64861795413461,43.05513632160027,16.194771559393715
203.2781436982384,122.47620748642939,43.05519781004522,16.195042362052668
204.3978924444536,121.25725279373752,43.05535581230479,16.195001136321913
206.18290756753504,121.51755717441146,43.054010620920984,16.196041974049344
206.2711767085834,119.99506531108446,43.053747428207394,16.196256652012554
207.4377600934725,118.64129336080576,43.05367001008323,16.196414774142813
208.81301727992775,117.10065824471457,43.053802466777846,16.196516831581548
209.51119495229534,113.77608228953677,43.07900955528541,16.195384451623433
208.9608856523236,112.57625561127364,43.080462357995344,16.19552957031095
209.20955824545405,111.27782083280675,43.08053718468533,16.195579964875947
209.18148618880127,109.28435910612025,43.08084355873186,16.195826010030583
210.93349656031432,108.88911410245471,43.079807101060425,16.196983806344043
210.60231602294658,108.8777749326486,43.07997088394481,16.196895919053652
210.98594462278402,108.80090370912053,43.080940248200484,16.197021088368352
212.62370449906365,108.36313177100237,43.081217624318576,16.197082763028437
213.46150914427201,108.24091571521868,43.08138863022752,16.197121734518245
213.53161278057243,108.00267355443019,43.082854207281855,16.19680039894687
213.69275636736234,108.92765161959807,43.078545833045176,16.199519944956922
214.39835425900554,106.99516090048434,43.07859897210676,16.19955454099079
213.86763155768492,106.52651355596113,43.07855503110484,16.19965434621381
178.22724681751313,132.59114428472827,43.16401964084291,16.075027745857234
188.82789107454525,135.77886677171216,42.38157916449843,16.690888599983946
195.56524556331777,139.34710098119652,41.86418563189969,17.00732726643396
207.08897325576825,143.66505669160264,39.72789929912271,18.055600873697895
218.47487850902712,150.16030023553282,39.134670030397984,17.89978289899672
220.59655487771545,149.7447483142738,38.60263673958501,17.75070552432112
227.82370997851467,154.8894040938061,37.465314529319556,17.99300922251973
239.78414098994222,158.92705942484645,36.22982199804167,18.319451032362878
251.1115861071327,162.57443435093953,35.63181080723979,18.114592613892533
262.0990799199695,169.4954588180214,35.606181168016434,17.693840753093003
269.5147257868165,173.6394742006297,35.73370786999137,17.26111136803388
276.751437918498,174.72795487052895,35.60335649786356,17.156142425543763
285.7293750871503,177.997391661215,34.23178887747809,17.772847457452876
294.23990147192103,182.47259514654337,33.653647256007886,17.649637561686305
296.97982522042554,183.1921366029582,33.30421853646466,17.909610082129987
301.74156812963747,187.9594527950108,33.04276331954226,17.78489648311995
308.26871814366314,196.08208140302796,33.11522758897627,17.708811554072938
316.5213156756948,202.70656467918906,32.63297411426848,17.827550346904566
322.1473458029521,207.726835399794,32.463957911877806,17.806395197198608
329.0883768682327,214.8124203979355,31.731880141057914,17.854157352709997
335.28808686589093,218.05485005260599,32.78110764482589,16.9857869769323
342.26141755540635,223.01480912183192,32.934977843858974,16.898618205240666
349.5628076881923,226.36051160953906,32.31300106797211,17.141887015989706
357.2064140658321,230.3022468260855,31.941462522287246,17.115795542552597
358.1394421998939,231.23440123084904,31.548986733785533,17.27918691880126
365.8533311084709,231.30382012374048,31.390027771917147,17.367525843981642
369.339781956176,231.751628133268,31.834914105224016,17.261237505991183
374.3098049690852,235.93327114919197,31.23932952044577,17.38713299269796
379.30760897011726,239.66777494236558,31.007388625009952,17.377531782235756
384.186161828515,240.4039434581005,31.125983858836975,17.3874728593627
391.03791458070174,245.30520694864975,31.273730910310736,17.348041733977055
396.58026468889807,248.05171819947867,30.862740563302907,17.315942427204476
401.3432242013066,248.64931037986452,31.11044881967473,17.142001519458656
409.16283045723355,248.85438326315494,30.857820589742254,17.49849903862911
410.83036054960206,249.72003516864177,31.233504547537557,17.713068726572097
415.8196019549197,249.55307583487465,30.91870372085004,17.836159134519054
422.80913792846417,249.14251679179392,30.724895788958897,17.730826014473223
427.7835797416071,247.73763840153265,30.550770501601143,17.878898520322316
432.17293717162875,246.65800724947806,30.72601606025904,17.70195891822727
435.8825647820994,247.7407051470864,30.2709436930165,18.034138882898276
438.1623356812088,246.9307923359302,30.051159337272118,18.06126223565654
440.405047156757,247.36862013980453,30.1870437592226,18.26010575815689
442.0815201064071,246.88405931595082,30.92408132320978,18.478546124774542
441.1251041068312,246.5451071219971,31.370949958714046,18.7509732869015
444.66145274188557,246.06614343966822,31.63959752197937,18.67535313092173
445.63160006289115,247.04271933172055,31.622044889131093,18.862520217361524
447.26112880236224,246.7122777918295,31.954677473665484,18.96641249485555
447.45286857428425,246.40186904274736,32.41083681865736,19.152539785776867
448.82281613519103,246.63177065953616,32.319773779592246,19.63153974815266
448.1484401754335,245.74100186329574,32.46835601660446,20.065078602344617
448.9245104942568,243.7121524799359,32.09673078747383,20.538521912139842
449.5384943666307,242.68542467041686,32.34546787861782,20.370294028980645
450.4910756570313,243.83949263900675,32.38216919227921,20.7906610806162
450.47299109019025,243.8951886140362,32.406635472706256,21.183759386866818
450.5077279594167,243.46396232628874,32.37612196013358,21.199504320283324
451.462489990155,243.05011190734123,32.942392690832186,21.068737495843887
452.27950985518174,243.20436242821293,32.582695736123554,21.1968187511872
452.4452733275049,244.25133623739214,32.68630496067247,21.251489115693197
454.194748302274,245.59422047101,33.0047316247512,21.14839944331826
456.30592550643655,246.96037488845957,33.171652290431226,20.84895765859004
457.948555286766,248.7370599647294,33.47704567242972,20.68450876688409
460.4520977764185,248.7465429736387,33.37987614035987,20.960164008039634
459.72897218169464,248.86151820633793,33.34057656858481,21.136341561735613
461.7326175968059,249.8162216447844,33.40276425017259,21.670010818570674
463.75160755701023,250.32579546207944,33.58625897728587,22.0082050695473
465.136953961458,252.07060827664216,33.686316595636406,22.51107998401627
467.89995228998146,251.41548885701363,33.48268379204407,22.68968876021637
469.354978781624,251.90369559414088,33.56472365658311,22.269287916424503
471.7288755976513,253.40171540741736,33.53615924587248,22.506550406265596
473.3888455482627,254.29814032197712,33.48837296060123,22.219540878659743
476.7945786977276,255.04514388254916,33.12440069167015,22.292864952393305
479.0716064694445,255.15204070492877,33.721460088879766,22.3277024571645
480.02357720357793,255.0104047663507,34.20643392098212,22.442022793135248
481.87023340156526,256.0115129793236,34.155992666441236,22.31840136173446
483.2879665508173,258.05600146719974,34.063780552659935,22.501280693965604
487.759427481116,259.14846381595845,33.77115299595668,22.535619073230336
492.845088956965,260.3985857342851,33.315023792732724,22.51102030188462
497.5125128048065,262.20985844161254,32.65475953210843,22.290389722206026
502.7061764913889,263.8831762314012,32.30408663129464,22.13294596086596
507.81089667087394,267.7417040963809,32.3496664139261,21.89810039020836
515.8250030084288,272.69883526240545,31.88058917582826,21.953002906486866
517.5902559148454,273.4554435436394,32.10782576793262,22.278721123186205
521.8895632677225,277.91384525767245,31.76349210618499,22.25322552593056
528.9993475661748,281.40362653117097,31.719320428530644,22.433104450033444
532.6823525447078,282.6177209494427,31.37012851803454,22.472037214594746
539.4448885723599,281.71111035948434,31.680428433860754,22.873798352511642
543.4738079003063,277.5240609027679,32.0780798902727,23.19891369203087
547.6068183333739,276.411009026313,32.35059223489177,23.168498842569463
552.192147712027,273.39424409420167,32.32690136546387,23.159523919347034
558.931858284771,273.5787851538721,32.15812055505891,23.45429943884215
563.4459574087898,273.72009506615643,32.01780644703598,23.54870560595165
565.391030840744,274.33181405356345,32.27056338790676,23.809141832912196
569.0971657511309,274.3334830942159,32.07454255623813,23.67549828257117
573.0446661351755,275.78059046447765,31.93826313977247,23.42924015177366
580.4158143799651,278.0294712318871,31.5836095106059,23.497882482769057
584.1642151992859,279.71635217643467,31.26745524516381,23.475800872451934
591.5421246418884,280.77761419470795,31.5619093015481,23.819445954786595
598.5095104033516,281.78596681464967,31.395556090694555,23.98057188784627
605.9384872406494,282.92291461916363,32.114799490988965,24.103272472132
610.2347225948987,285.0003131261908,31.723884988239867,23.920096256188582
612.2679851534009,285.58634160270867,32.11438873704966,23.86754005941656
615.5691803139213,287.4049945032719,31.61276173693171,23.621763579960692
622.528781933992,289.0143037834137,31.165206713037804,23.50717419829644
630.0730073629139,291.1187111095711,29.53917155038455,24.755818995749717
636.0770744419884,293.82446508081,29.674247803307168,24.496705348010615
640.229151237531,295.3253450447952,29.93952456347928,24.53447665096673
646.3082074612138,298.4907771692981,30.075156203333137,24.54088886070121
653.0921065147793,305.00057056519677,28.98366215046229,25.808570707514676
657.3413366163362,311.1735173264777,28.284200780051247,26.15669078053397
664.7044311180389,316.6943098304748,27.392389065464098,26.653219366594843
666.1484662607411,316.9820489687318,27.158170050735432,27.788117233536397
669.6962066242296,324.07116153542825,26.589087982510748,28.226216524887132
675.9465773895581,331.11524746537424,25.983433693980203,28.568604776994647
679.5204694914908,339.2778562468172,25.81540298437763,29.212440482541417
684.8662761997252,346.58366644081804,25.413759965857864,29.63368943352893
687.7202759339622,353.7526178412545,25.43062784128659,30.117919696926002
691.8338376575647,361.77947743477586,25.083173583534652,30.27233611474177
694.7772887022044,368.3173774816666,24.80046136699713,30.749216990198498
697.7234319809044,374.7836081887352,24.568183716915108,30.873073859142384
697.5840014088675,376.1827106976416,24.328486776024267,30.99669401184658
699.5902768323172,382.88316212040735,22.442869503801308,32.227726285944
701.6398552635766,392.25631776999813,21.00435407309098,33.321329308661774
702.544725395933,401.5755537211764,20.58990167973896,33.6030959011783
703.563499011965,401.92038470043144,20.142863504719973,34.1262017821
702.9185517808454,401.5008416378523,20.139057033502738,34.12977199091074
702.1684821325391,401.48814187681745,20.13892870526029,34.129796170983944
701.2670465994066,400.04280346814096,20.129627120234417,34.138711199015034
701.0871738593969,397.9552062234342,20.129085261758508,34.13878724207847
700.9205166715545,398.5754949168774,20.1284085569207,34.138899848096685
701.4137228656979,399.4132289246199,20.12799801780844,34.138957617104204
701.9926892590371,399.6168965337442,20.124997849271335,34.14047578072783
700.8764717755749,398.11229375702413,20.122663233447216,34.14459562745706
700.9491838046649,395.30041982477934,20.1221375302743,34.1449900106539
703.5984335877522,384.7661289662838,19.519831182330904,34.85719317234715
702.9414575248553,384.39814550188413,19.51940981493015,34.85749102470384
701.8920155150585,383.5781916346207,19.51621062834715,34.86152210365206
701.738062610147,382.1747973778296,19.515389203568034,34.862276052262345
701.7747803863916,380.4484903837308,19.51417637563567,34.864220990243155
702.4071389875025,348.0890943359133,18.816099252435297,35.98251107171818
702.9107163355014,346.423181928352,18.374797198496967,36.71544439018233
703.2846877300092,345.2254456774086,18.377551187778757,36.70745686628181
702.7684304980808,343.0952688463912,18.377558351258834,36.70672501806267
703.0471992572827,350.186032321957,18.326611497241547,36.59533032248538
702.661258811946,349.8462312243532,18.328328017378144,36.59263433425179
703.4154576485394,354.76775696045314,18.3405714326772,36.56960163036239
703.6897653752296,361.1635639108573,18.324493916460938,36.504084836487614
702.977856520531,358.8848741254885,18.325876580616022,36.51441869952264
689.7194768552135,364.6069586856336,19.310560029292997,35.37567426947913
689.6360295091777,366.4930265263224,20.422020613584312,33.73683221679404
693.6899572098163,372.8599727729428,20.689079381618566,33.4682822452207
697.3675785210017,377.0216466706724,21.53032704702836,32.09077480849563
701.9284743478976,383.25544316397793,20.64650002336364,32.97640466886947
702.031114909345,385.0658285687214,20.179548400428686,33.39863741849507
701.8307270494194,372.97565645170744,19.87965423559822,33.86081339385601
704.7616948112774,367.06272778464967,19.032099166899396,34.910832829717116
705.1517480776034,364.8127285684908,17.56109201044889,37.24006371633482
705.0291568589389,361.78885585363724,17.213978860715063,37.91954971611031
704.7149475659054,359.61881183119846,17.213489289433486,37.919443535676564
704.207181852391,351.6579954849886,17.178558351311644,37.96783289618718
704.7204519165139,353.1722996291178,16.75952724005682,38.893705971225195
704.2854148804146,355.74773750126195,16.68543733415551,39.09476179889734
703.7717015980613,341.8798588426342,16.819727397549638,39.04172364496146
677.7790788195471,354.1516655883835,18.75297100145317,36.51251063564068
682.5023821321653,365.8173633810635,19.588579494625144,35.180706877673146
688.4685784256776,376.4583674867113,20.09830650598898,34.257026531978134
688.8314238659206,389.6295802173064,21.732411195876757,32.287585003283134
697.6994592618511,402.1404449352112,22.202210078698307,31.43331124069133
697.3145554197762,403.61643310258455,22.64777245897885,30.498445968948047
700.9897030591,412.63670212864326,21.476387435763446,31.21118092708459
704.7518722555341,426.37611531266083,19.456027295306146,32.87607900057779
702.3913736527613,425.6723511704622,19.457219260220356,32.873908202600425
697.1425936011407,425.6325633689986,19.568924642392364,32.75504976557732
697.2914510349584,426.9505631910711,19.705629645133403,32.60676274312105
663.030909645242,446.59344244356066,21.324307639410122,30.651067104352975
664.3823969373475,454.3979822967619,22.7378367707142,28.737657525819106
661.1598556701854,454.29823586574275,23.84091643638613,27.93257716188232
654.6216288548516,455.75969584204836,25.16280292075239,26.72719413554069
653.9572743816876,456.5158550505361,26.378299669061363,25.656410267563007
650.0105006601893,459.70865911074804,27.137082440732215,25.024612552870437
635.5999391715593,449.15551665516296,26.92833443105385,25.153549136403875
625.6409749624677,445.837611782838,27.600609696771293,24.33086803251254
630.4796331751993,457.66587630494143,28.204026379828512,23.667951277734357
629.9473076449093,459.9455974937284,28.916804906848764,23.114259556288236
629.6018554293333,459.9017470218505,28.9239815967591,23.10895235435415
626.5851840256619,455.5250748774274,28.85968532023979,23.160724224987487
624.8826420654352,454.89300680454215,28.869582816437763,23.15465713799284
622.9489141568799,454.1270788160924,28.881057045184704,23.14806716533777
622.8267774483481,454.4747271230828,28.880837886721924,23.148016413364203
622.0535832366033,452.3581379499465,28.88002956433921,23.15258901241388
620.3298610932495,449.9455323903527,28.879945965609657,23.15278792457024
620.2470767836267,446.27304327616804,28.87950568027909,23.153731004318956
647.9803732097848,419.6022062596536,27.501100999349564,23.77561362499428
655.2301986631801,421.3217389474912,26.517088443999352,24.70015470226098
659.3160643398086,427.9058137971763,26.460674435408045,24.840871503745372
669.1125417673466,425.4350115234766,25.830722738901482,25.41511593609343
677.0556022942816,423.86604157000596,25.75367990158404,25.460101684251804
678.2195873411762,423.18847933983034,25.675379121225664,25.491484350970456
671.8835121245058,404.71898622921236,25.34711375256431,25.867055044862727
672.8269411881136,402.0550047451531,25.33758390198308,25.95159264371855
682.6844642915463,402.2211526363203,25.079038702197856,26.551530612204242
696.0548499916018,406.143230418819,24.84226510482112,26.847547051906602
701.0710173871989,402.78141258168057,23.564905632535496,28.286209581652155
701.3484264556365,387.3874130505063,22.194276934480357,29.974608805743905
676.9371050375332,375.3712281701502,23.03337637469081,28.186233098316556
684.7862811674526,379.84086309815774,23.0038578474571,27.869601944693972
685.2812649273056,379.3752918984491,22.982910634815028,27.36131613385268
695.6232527758673,381.3673667065101,23.488887788033466,26.877870329376215
699.3278066250831,387.7674767714708,22.999128806337634,27.568189750236073
698.0290735078465,386.8452592914393,23.000679008019645,27.56863009283701
700.8190382543045,386.7427345489865,22.766294330167394,27.872866653834357
701.194176074763,380.9367753421738,22.27345231232571,28.584218012711197
702.0426303744002,380.9245061632764,22.268604064422945,28.5897847336146
701.3121379622662,381.71919556695883,22.264502070949646,28.59248556568452
701.0375557073611,380.4587817856571,22.223114429556805,28.632185866172584
700.9835926208987,378.5007142581751,22.221886154568494,28.632830293847736
700.9105971667833,376.74254426854674,22.220481288077117,28.6332305605801
701.0422625648916,374.6057876707744,22.170371341493535,28.690822354147148
699.6673675914129,374.589899260346,22.17001966781509,28.687964018610906
698.3518024814243,374.14252867799206,22.170175118200056,28.68915282039994
698.0620981667848,371.8564067198683,22.17126640329035,28.688550323988796
699.1357900795014,370.89185591698936,22.169428060492788,28.69370936382872
699.8493771244415,369.2474210109371,22.168466877449962,28.694628660186098
699.0219420206276,367.683390180903,22.168635494539636,28.694278073550176
700.1031145289408,367.1734304050888,22.160822433632298,28.70738028432774
700.5359402061538,366.5698272770163,22.147602734136495,28.726307507765558
700.8569197027772,387.01946500648813,21.014044419524204,29.830179174066117
704.3171911720777,400.9782893078805,20.191666516170997,30.810800224601618
703.1907214731532,398.5844430767801,20.190343466662885,30.81232125049273
702.5583449776667,398.384104824724,20.178515170251877,30.82546319583183
702.7541515066737,396.4326866010084,20.140499335996584,30.88411953614633
702.148613503706,395.14337691371003,20.136810746900135,30.88573924643642
701.2518757384029,395.6056162843831,20.13469957229869,30.887612648377992
701.7764425433126,392.8577038720758,20.13162414042723,30.892136413269654
688.6520288198036,386.2645166055838,20.476681140667814,30.428388303736515
688.3448830286758,385.9250116466685,20.681646974241513,30.129818449094692
689.1175875857834,385.41311440212434,20.682878494562843,30.12843784357854
689.7880074237988,385.0812489140121,20.682940789395406,30.128351771730234
689.4885694669848,383.1635512558877,20.683955591859235,30.127650562786755
689.9030762448056,383.4016602371938,20.684218478745553,30.127348091755515
689.5240483736615,382.18568711719297,20.6849339090298,30.126832593170757
687.2916183081231,381.61567183931254,20.691954074285988,30.119087379697966
687.0640032066209,381.13947990520535,20.692329937929436,30.118675980807232
687.1831414508454,380.9109140142597,20.692416775076182,30.118596119241122
686.7723231296735,380.3134736776385,20.69257856724213,30.118413916735765
686.3615048704899,379.71603339800373,20.69274035464103,30.118231719467005
684.7534710243118,379.36735372383566,20.69714885395809,30.11301782799984
685.7106429741128,379.8521867855978,20.70401786596194,30.10059854447565
685.7563746376497,377.2813793139872,20.704844895643475,30.0998795033219
684.6813904530817,378.1112222043635,20.706618713311542,30.096702049099644
685.3457775775643,376.8708751148001,20.707438480421718,30.095452620896165
686.6286148355065,376.4524843058645,20.708365002516313,30.094543766164488
687.0441030700653,375.2263029328006,20.712281402394428,30.090444605859222
686.2645970386629,376.84532336516446,20.71301228195634,30.08992109800412
686.1365789225381,378.59147065102525,20.713835760194787,30.08953746073073
687.9754269075012,379.5379148955265,20.721349779816443,30.080808536700193
689.5621640475579,378.6036250429906,20.722722387291544,30.079178667072558
689.5053771625868,379.0908731898156,20.72234816222647,30.079343723672803
692.1301016050767,380.6687122728639,20.724711258447957,30.07808664865594
691.8783881846759,379.6667586331435,20.725459943350522,30.077528824947276
693.7141170072598,378.35819085878205,20.729988349742175,30.074669971738494
693.4202662982767,378.71308702490757,20.730285516609634,30.0744174105674
694.0235980679171,379.5669851482878,20.730889023303742,30.073921469173445
690.446907714075,379.20641221486295,20.732294099273908,30.07260128444468
688.4809547798241,378.74883287060703,20.733458657656286,30.071563865092088
688.1955472937249,378.54181964583165,20.742896342943528,30.061482345835707
685.7231121353769,377.83324105750955,20.74318658151454,30.061113873409088
653.9285798137951,399.88592834749977,20.954252872627332,30.128266606661125
658.2388858367874,402.6003337315133,21.369235766828332,30.136278253032273
663.2252072813316,409.3012303539,21.34672524773506,30.471678115863806
667.8399726547796,416.471986394711,21.229031887924087,31.12679384185899
670.0315358356419,419.8615117420762,21.370172722854598,31.245050543063677
673.8289679547263,427.3038904268357,21.484469766271644,31.31645562624236
673.2077330172381,427.9087308326798,21.80059250475043,31.364032037683444
673.5048905276041,432.2520403803421,21.75717454584322,31.90607924790084
675.000900930477,438.7970471966098,22.160452936340764,32.18676931256999
676.3225720713449,447.26011557955815,22.5756922452575,32.26199248624863
679.6084161350667,452.49459427379867,22.544914838639002,31.270339556385643
681.0531091247757,457.3118778283267,25.690281228148056,28.37480328534235
680.5427822011683,456.8208829800933,25.7028365922773,28.36591350573875
679.339625911971,454.874986682411,25.703583193575238,28.365401919050655
679.5880202902686,454.6355274867496,25.704471554566158,28.364849997778162
678.2885335862971,454.99719905096634,25.70536289692675,28.364224750547404
677.3720290194701,455.27909074684635,25.706973185861827,28.363127384883704
678.0202052144713,453.5651348389346,25.70701395191125,28.363078089638417
678.4006685569807,453.4008128838873,25.707859541863296,28.36249303230485
677.4058030109377,451.2080951926354,25.708209678253247,28.361952577101082
676.6387419022963,449.7861376693958,25.70855370492325,28.361597871077812
675.6079527850972,446.52234831543575,25.709702843099574,28.36075946855487
673.8214563749173,444.7016717307391,25.710135353095634,28.360579978417544
671.4261665182723,444.65662565572904,25.713625718546165,28.358257197974805
671.9490120776992,444.7926762170863,25.71392351704327,28.357881640455368
672.4718569984284,444.92872656749114,25.714221281633325,28.357506117410615
672.3802952352252,443.8418764615709,25.719124372062936,28.353880603695664
675.3552914956983,445.3378859184464,25.71940059653881,28.353656752963463
677.1421178855235,444.8532283409277,25.719782507745528,28.353282419589846
679.5247631923277,445.3253487668835,25.72122363318144,28.352399869794684
681.4512697394943,445.1564064117454,25.72130702398621,28.35224688060982
680.922789217991,444.5500015225412,25.721411911597286,28.35215172890354
680.6653281497503,443.62712128929405,25.721417449281827,28.352132538033963
678.7687810232791,443.16950816934656,25.721838352843637,28.3521870950943
678.3475868991927,442.9315920919927,25.724544439208337,28.351094681387348
677.9263809473025,442.69366750014984,25.727248312764846,28.35000463391572
676.8952566836791,441.74366089806057,25.73192018367009,28.346261815640997
676.4509522290663,441.7397720197843,25.732045806991874,28.34610442446099
676.786576121631,441.34445234291456,25.732062431881324,28.34608721158062
677.0870625380229,441.16719056540484,25.73217001673064,28.346116671751428
675.9871192816228,441.09940423050585,25.73242388487759,28.34605818260146
675.7635027447501,439.41293300903664,25.732751554293497,28.345932531286383
679.6646104120665,438.97008950485986,25.739335963313035,28.341392937085654
680.7072174938656,440.80264696705615,25.739593906648395,28.341356891095764
681.0277888124609,442.1742108105722,25.739892972300524,28.341349635963688
680.7188284574663,440.7946181184808,25.74061610910477,28.34070073059575
682.4679995688543,440.1102827934782,25.74208458197701,28.3418866918421
682.178929649932,438.6615840042891,25.743063167323,28.34112571995774
682.4309198479187,439.1372310611516,25.743067997503896,28.34111070998869
680.8683233096025,439.18186355702204,25.743100618432667,28.341090449018502
679.9119348676452,439.4873238158091,25.743124754811607,28.34103528598238
679.520945128296,439.77720823094205,25.743272194153704,28.34087209469723
680.5714539171094,441.07836081301855,25.738549258021806,28.344588573229174
678.9045546231956,442.2038574175477,25.74284454804333,28.341024496632468
678.0429155845504,442.9571414538448,25.74779891775319,28.337621907512972
678.473910020479,441.8735256133147,25.748345760999133,28.33719192170299
679.1539824881771,441.59269264779374,25.748346156032103,28.337132534313106
679.3942196892524,440.06716093267795,25.747671978185643,28.33768031284185
678.2434907913708,439.8178664433946,25.747717906807168,28.337615313299167
677.4596095720314,440.3182757743839,25.75558447241626,28.331387708621097
676.8337867376406,439.5258944676457,25.756770589386534,28.33062802805303
675.8485174734388,441.1427122653234,25.75683702039318,28.33057326041065
676.9621488990955,439.22921696192236,25.75724555389138,28.330316247583873
675.6259133545408,438.00435872637615,25.757437761927704,28.330187166231752
674.1932089237608,437.007199454542,25.757607241697592,28.33011331488061
673.7388492330231,434.97870326557194,25.757680576057798,28.32996057410725
675.4315670256357,434.20780232708955,25.757797873980813,28.329762038131044
676.0788344306416,433.37486679351264,25.757847457470252,28.329671005255904
676.5685487126995,432.9361719626363,25.7580511517696,28.32909974667475
676.1616475811422,432.72808776811803,25.75813819538638,28.329013704702042
676.8216114045084,432.0545779367839,25.758226098313763,28.32885741159777
676.2460148601363,432.37432714346795,25.760631688584013,28.327055025985487
676.167314651849,432.71143004663446,25.760737101625093,28.326950214716298
676.0891083941954,433.0405148300897,25.76084145770022,28.32684638409954
676.319105815081,432.94206321811953,25.761170843738885,28.326639566063893
675.8860185070745,432.1873105164152,25.761196809105666,28.326611206540715
673.2970042612028,432.2231120582578,25.76137982279131,28.326469159656895
674.2014202190932,433.59616846848235,25.76430570997383,28.324117878666986
673.6842574161136,432.51552651025924,25.764327889190433,28.32404868384619
672.0807884242995,433.0444475642855,25.76440342317259,28.323944403094686
670.8203870303219,432.2828958065258,25.765356195487534,28.32377325850355
670.9694921138206,430.17094667375204,25.779943962307094,28.319353309634653
672.5121467347906,433.0984417248753,26.160722061675596,28.098908056783873
671.7127628103173,433.2874036567831,26.451113240738543,27.94223597872343
672.4229886233899,432.80590735933504,26.468173654731668,27.929490525066072
673.0326372418313,433.851536351097,26.471749986383735,27.927402282218917
674.5401533628041,434.27992696732053,26.472524180976794,27.926866925130476
676.0716120545476,435.51665754385283,26.473689181599187,27.92620340428331
675.7749082440473,436.25435417466457,26.473776373274557,27.926039048337667
675.0405904174478,436.2259381290762,26.473805792876973,27.926002973782968
674.4341848795568,435.6551870121277,26.474006266279865,27.92592546047994
675.8084977055721,435.77946684520026,26.47482366844872,27.925989925418346
677.2486913549989,435.96658010768215,26.475389919933793,27.926086649317753
678.589889838522,434.86386443318514,26.4756776128454,27.925947777364478
680.1862436060075,435.52894940593427,26.47602308500038,27.92580064375594
681.5501777248295,435.21564967728546,26.476314274999165,27.92568867288807
681.0781905018495,435.0528349797976,26.476426044338698,27.925634980753276
681.1374837823677,434.27862016303885,26.476692553144133,27.925280119870806
681.3555533303831,434.3037591328573,26.475214011045495,27.9262836026105
679.870683552737,432.1514209330879,26.475535279060534,27.92615949174286
678.1252936327664,430.14088135264967,26.47559413168158,27.926145760926104
678.2898952446768,428.7276416104532,26.475385748244506,27.926354188190206
678.4751876861159,427.15409660627256,26.475144073679363,27.926545211642445
679.6193369610215,427.10453599673224,26.475133163486014,27.926093518864455
679.7011170632497,425.09325294407824,26.47523914774646,27.925772394253094
681.7441835433548,426.6340391312023,26.476134214117018,27.9255176831977
681.3634585703547,427.67129806868866,26.476432250288987,27.925253367337557
682.1155121026553,426.95670508499484,26.47653983012001,27.925210671280674
682.4145247014507,426.3479867302337,26.477032825297407,27.92525541302954
682.7403328796868,425.7470800565735,26.478892170634083,27.92678237195268
682.1341060984687,425.3089416706515,26.478902381324563,27.92676441170278
681.5637277136465,424.64330080715956,26.47891208065648,27.926744330329495
681.953150642803,424.1530276885681,26.480038477573334,27.927174259776997
682.5854886163827,423.67061124894377,26.480645399753133,27.92699709206673
684.2704492343615,421.6437355221831,26.480715227866895,27.92708433812957
686.1368783859449,420.9185140223154,26.48182065265122,27.92681453783909
686.1892416608573,420.9079429004746,26.482395117905636,27.92645743644157
686.5532089082828,418.61165624903464,26.482777168540892,27.926309277071702
686.948037121157,417.1330376016244,26.482894862646518,27.926304321449734
686.4577269901135,416.17614583025363,26.483791492397884,27.926670763284797
685.5454306501573,413.6007718878232,26.484520904411674,27.92649110450552
684.6810957191925,411.21531775456384,26.485341998107014,27.92648147856828
684.2810016502822,409.97401597185683,26.485699103174785,27.926048049048195
683.2419124419365,409.6299424533133,26.485715088149103,27.925489284171487
683.1078053309981,408.7475356171949,26.4857023884676,27.925404656237333
684.7077286395275,406.865631946419,26.485971452103225,27.92509690265059
686.7674111987335,405.94808575114854,26.486041167218097,27.924984215066555
687.9707439157808,406.2587842576151,26.486123551116574,27.924990181030484
687.413993303837,404.57142044984056,26.486171982836648,27.924945963159725
688.0506292895302,403.0415025329834,26.486245601087937,27.924887950362297
686.8864807951489,401.4774210004433,26.486886559195536,27.924345752304532
684.9329510956813,400.30624821306435,26.4869241971901,27.924352049795058
684.5635555017179,400.4958182078311,26.48721836630289,27.924389421988256
684.8007448657821,400.92260073003337,26.486688457907068,27.925034575509397
684.2535275615784,400.2468962309151,26.486195516952375,27.92574712923447
684.2441996224169,400.0407940551244,26.48645520025116,27.925681620309827
683.0278437391314,399.0862618003107,26.583111926462653,27.844206459946687
682.5562353844585,399.3438379150033,26.583091509934782,27.834670895448028
681.8866328495774,400.1373043809325,26.583566363670908,27.83483751574409
680.6895751859812,412.92330777365754,26.513110930136126,27.81192397675393
681.1639801930334,413.85986820324916,26.36770912154106,27.792321484384356
681.989139038216,417.76417553454405,26.349481642090517,27.787513126726243
682.2026701815556,419.29495066993724,26.427992330093062,27.716119983320283
684.2391544444109,419.5583835520245,26.428752365783694,27.71486865958687
685.5771817795819,419.1031869632043,26.428899992652564,27.71457141040078
687.2479766663298,421.3118516382809,26.428966427194986,27.714488878790004
687.9814263536214,422.1460675041334,26.429152294883306,27.714386266767363
688.0850255664071,423.30644072482215,26.429510221331267,27.71406414370346
688.7097581358005,421.0497508271725,26.42968602416442,27.714039569648495
688.8656370637761,418.4225437863981,26.430571278965175,27.713588004835014
686.9900794068172,416.14531274603496,26.431406689471032,27.713346373097938
686.8420736081397,414.45995688174486,26.431860102440925,27.713389690423227
687.7365669784263,414.7263425584055,26.43225999192597,27.71297787756442
688.5179324002071,414.7987245548943,26.43248107078096,27.712768141979723
688.9649743936263,414.5143958455207,26.432505796615704,27.712752605690724
689.9635621172945,413.72270102346914,26.43252511627773,27.71271219799033
690.5609606109387,413.28711053976394,26.432566533644813,27.71275346021962
690.7481927693019,412.8763298056009,26.433433857161855,27.71227073480098
689.8522328335853,412.13199096465445,26.433950673404066,27.71225255678485
689.1242249380642,411.54360497245375,26.434458470748048,27.712325141238175
687.856501766812,410.568076572444,26.435823115788548,27.711799986301614
686.6110999594116,408.7214536739381,26.43495731416176,27.7099378464543
686.8999009922848,411.0355829026211,26.491773139917655,27.665679499714468
688.6518881667514,414.03654068153315,26.49289141183413,27.664765776759733
688.3365885068991,413.5379971933856,26.49412248593691,27.66358134735796
685.9502365364959,412.93152368367686,26.496955668686756,27.660549863548244
685.4694230500518,417.41475662130296,27.044486673567043,27.187111675368765
687.975375046042,417.8309973252307,27.04595510285126,27.186564838779443
688.5927736477358,419.8092879354946,27.046420412624215,27.186006119243572
689.4685282246293,421.55954146264503,27.046962135454812,27.184966914674064
688.5645782963576,422.75234924341123,27.047976749536016,27.184598822090063
687.6177537977758,422.99410854848264,27.04857245347141,27.184049317190897
686.6779018619771,421.01575539535753,27.048501039347812,27.184699982266775
686.4445201916859,421.6425331832744,27.04752601976386,27.185743620033207
685.6531588751133,420.34584560893256,27.04756771228103,27.185708753610655
686.3004547460124,420.3081272752585,27.04728749392038,27.186016060998195
686.80605229619,420.53426293296144,27.046181433367465,27.186971311907076
687.2757559724066,419.4416574781515,27.04618673438052,27.186966033096187
687.5721967983314,418.1273710881568,27.04620655080798,27.186955620260235
687.6906689831742,418.1821256825186,27.043582151134114,27.189515233655005
685.9694578230287,416.44562400493174,27.04507219756028,27.190470544623988
683.6321024869779,414.5742797947234,27.06678299173221,27.172258944441257
684.3650251091614,415.79113764867725,27.066942119008406,27.171850884238683
685.6289587478628,415.3542122663752,27.067107144462053,27.171813096653906
684.2839658712494,415.26892461525966,27.067394201552407,27.172373257517012
685.3028635816787,414.41019734155486,27.067770072045032,27.172382669810116
686.1418216713014,411.9754719089358,27.067754803177277,27.172247544142472
686.4834946444287,410.3133759536231,27.06778665929464,27.17218494198091
687.2781691516458,409.3418571519533,27.06781051816655,27.172172995264063
686.8574030578931,409.4512878979963,27.06870865768705,27.172253743058704
690.2155172087357,410.7383834279117,27.06862730195504,27.17209355938753
690.658658589305,410.55431155901505,27.06862775967724,27.17172612703196
689.9372951259013,408.29276220695874,27.070078493819448,27.170066969053607
691.46098454207,408.35040521428095,27.070173330534125,27.16984476326751
687.9054734041192,408.35721243531844,27.071682800497058,27.168441220225233
687.5610159685247,407.3445902501126,27.071680571256593,27.168449460876083
686.0411864072538,406.831864219368,27.07170188976693,27.168458206859366
684.7344609348999,406.1386781625538,27.071710890352456,27.168465622077758
684.8420171551193,405.8515768191971,27.071684775916722,27.16842178302674
685.4678614148054,405.573844735797,27.07171132059335,27.168401356912263
685.8241124001403,404.2930995815636,27.071723035150015,27.168332465092206
687.4760027840645,405.771361980502,27.07173665130428,27.168337999780704
688.8531661629474,405.78846469454663,27.07173361447035,27.168395728045848
689.8370021118826,407.549896396059,27.07187222818892,27.16835232090128
689.1946924233233,408.947391060582,27.07199517872521,27.16815898184555
689.3879706351684,408.5597574920767,27.072126421212886,27.168017672067332
688.9953403118105,407.7499057788362,27.072602214470212,27.16804081309458
688.3345074517754,407.09441244189753,27.072977441529037,27.168003536395084
688.6586927923188,404.7002741091728,27.07309367269282,27.167949170045233
688.575058182447,405.4199775095903,27.073161090301756,27.167921226822838
688.0835797045776,405.09929572377035,27.07616755842686,27.16587822850497
689.149986844625,404.58370052538726,27.07618723600422,27.165801816761363
687.6579046833643,404.3691930981046,27.0762757738424,27.16575218887622
686.3477036657022,402.89661455193084,27.07628548662645,27.165748892277136
686.3910911368708,400.08671012362447,27.0762586078534,27.165883066272716
687.5461251434436,399.5581604623055,27.076277560268657,27.166338664469073
688.4144600304694,399.38965208410707,27.076199244537857,27.167174406089735
687.0988407973957,398.40896289562863,27.076418356818415,27.167439091716734
687.2767246650013,398.554281026582,27.07645902867563,27.167328057595135
686.9602055748428,396.15106082754596,27.076460297505044,27.167322857064857
686.1165754384291,397.56482124147584,27.076641259915167,27.16718912370282
687.3271443996698,397.17035158574447,27.07748967891028,27.167718009979335
687.6619352269354,395.67137694897104,27.07759976584566,27.167764413347996
687.7038831266726,394.2403144729893,27.077754189602604,27.167966624375087
686.4107708811199,392.7072583275917,27.078273400403994,27.167685301355053
686.8158068334635,394.2233742680481,27.07826318890822,27.167435127061548
687.213530283021,395.15746074405786,27.07830512417434,27.167122611481517
686.6609167970989,396.4562697002004,27.078291512598746,27.167040070976892
685.6303378715355,396.7236717546828,27.07823181726259,27.167038696863884
685.2964244618558,396.3102023441072,27.078248673395503,27.16703054421438
683.7423535087106,396.69761671206163,27.07829445694441,27.166993227811663
683.1990259377376,394.75509364473567,27.078091087919454,27.167956806692683
684.2230076921709,393.627267160961,27.078073555310134,27.167963068614586
684.4158821915407,390.0456371757622,27.078488506536864,27.168754605632092
684.6994918153629,390.00648925585534,27.078400718605586,27.16891690708045
684.9833814855954,389.9674137493103,27.078313002305187,27.16907929559771
684.3548990387827,388.9590569130647,27.078316907885746,27.168977544123393
684.9594438005213,388.6069173013675,27.07879004367212,27.16915216518099
683.9922238429889,387.66790144007285,27.07875453683149,27.16935183267842
684.4038491454327,386.8143175061638,27.0783638152522,27.169948359935724
684.3054486625637,385.27159104546655,27.07842859424752,27.17012896916587
685.1253818735333,385.87128455212553,27.07842745150575,27.17040523728864
685.1257515366908,384.445195715279,27.078431469442386,27.17039813849018
686.8048429066675,384.16586442668614,27.102905303738222,27.154067582131002
687.2800177717862,382.69960208388136,27.10275362781461,27.15410787938915
687.3236610178711,380.8647799289257,27.102677328921025,27.15412428440842
686.8425260430854,381.60276999293336,27.10269972800514,27.153388678487893
686.5706506663126,382.77411827065174,27.104829511778174,27.154840758915427
685.616650922638,381.2085645617516,27.10524290141024,27.154811997745412
684.3514560828008,381.11568757578834,27.106334990828806,27.15362637254207
683.7314094068428,380.9631053594667,27.1059961995337,27.153790470207245
682.5559878593272,379.97682081315264,27.10560843480826,27.15228317256885
682.0916626829354,387.0111669796764,26.782708709199774,26.98123774351313
682.3598377779759,387.6969994212972,26.782558923285897,26.981324168712607
682.6393249080561,388.52163722385,26.78252519294882,26.98138871634747
682.5724210993845,387.6134648114295,26.782553925285097,26.981369252858496
684.3178877357958,387.3635480235494,26.782258193279784,26.98261814090886
684.6095032686699,388.35068527326035,26.782345539835617,26.98252577039319
682.7078268738053,386.89786445501005,26.78250476038138,26.982450987673772
682.7489035238277,388.32481763064754,26.782567521988266,26.982369490295916
681.4280706164833,387.4981372887675,26.783634324302188,26.9815603761586
680.499791152972,386.1429641338321,26.78390767927299,26.981441016397554
696.4734437624106,362.4189176685624,25.811320554267656,27.316653240149762
695.2441921886817,366.6979485135467,25.944446475849716,27.015855687449243
694.3144255022221,367.7456644004592,26.148023222830552,26.786205340054046
693.158328421915,368.29432755153397,26.15394010835919,26.785323763894745
691.9666307574324,368.14910529844843,26.154941361930675,26.785583623220973
692.924861592953,367.3197587017461,26.1548869184058,26.785539634008487
693.5538366899192,369.9017822584201,26.1560296514524,26.78548683294689
693.0712689939543,369.7442623672119,26.155942565469296,26.785599961262836
692.2232181206239,366.74050071132297,26.155750123630778,26.785554436828523
693.4340246766426,366.8961043088955,26.156215621059886,26.786542244716248
691.9969405015031,363.87467591130854,26.158470061426684,26.787280967380322
691.653065947193,362.32530629377084,26.158718216372527,26.786961335954867
690.6946758768416,361.10015997286695,26.15921057726729,26.78657896708151
690.9424995825335,361.0293453615757,26.159227702836553,26.786512749848477
689.5796030778048,359.9332228905831,26.15966294137419,26.786364388916144
689.5756588871483,359.7371388968443,26.15979000771027,26.786243542537274
690.553911672227,358.49117119289565,26.159804875747046,26.786181946879157
690.2426072879413,359.5918101174723,26.15978376341325,26.786029719521565
688.2151749171085,359.3422606849853,26.161377211438797,26.786252042642577
687.197082249338,358.4505921815476,26.16140255476181,26.78621235579239
687.8764600266229,359.0403524745809,26.161949997781093,26.785802415973613
688.9274823955368,359.77321993633393,26.162787168370066,26.785292831403464
689.6833703423714,359.48714198676515,26.16278176153246,26.78483882911284
689.0148958506103,358.9042118870016,26.163656869627356,26.786074576048872
688.7469109870534,358.39445591700144,26.16375079946934,26.785913526204
688.6515366049036,357.83774647869245,26.16437006016119,26.78627204763551
688.7119590047489,356.0926348907518,26.164473388872864,26.786187654013016
688.6360517265144,354.73412935889564,26.164687107634265,26.78597841132885
687.2170973077078,354.49923822281784,26.165252967723642,26.784807338185683
687.3557624840212,355.2955271750391,26.166628063009274,26.783364220348997
687.6516237159625,353.2723317050415,26.166710639963007,26.78330883694949
688.4575522028093,351.94117186600585,26.166812885248255,26.783240428701767
688.572339234097,351.42720274148223,26.166863511298292,26.783170932006218
687.8132419649728,350.7579137539328,26.167112402306877,26.783187729851342
686.1842559521176,350.4817063798716,26.1671658317496,26.78315486091979
685.549982390345,350.24728648164916,26.167326352893006,26.78318380102234
686.6054535715772,349.06299540475624,26.167327307842047,26.783179891423202
686.4075130419228,348.7353038972359,26.16736587457037,26.78315845795467
685.4520462996845,350.216812012702,26.167462781631542,26.78301950058196
686.4602353924041,350.0640936824644,26.167454415833365,26.78301543716121
687.1838928743839,349.99326240391247,26.167437740219146,26.78301620127151
686.0934281359353,349.242435077765,26.167467835478792,26.78293814654287
686.5938413413694,348.2814702952576,26.167490671589405,26.78292178203038
684.5920773176982,346.87821691280783,26.170133232328844,26.782171371484285
686.3914957093738,348.8548722889356,26.170984025271657,26.78156576411099
685.9404893518888,348.95511931833096,26.17115509976934,26.781326786377786
685.1632524543004,350.1911047071309,26.171966237208327,26.781262193928136
686.5001152690837,351.0372977451164,26.176097529791463,26.78385721613206
687.7432736759039,350.8696595698569,26.17611313268541,26.783830707106436
686.7828907899662,351.2940671806915,26.17615880415789,26.783789441735994
685.632830145433,351.57328984144567,26.176194548638303,26.783765732013514
685.2922835963067,351.77192391282426,26.176491023660905,26.783788146879203
685.5081414927367,351.4757739520083,26.176492268955275,26.783774957682787
686.4565262827867,351.28890153058336,26.17620599097181,26.784081799853684
685.3258984680529,351.0614913365898,26.176537996400764,26.78382024814345
685.3057508080761,351.09059639982667,26.176953737257183,26.783595021399318
685.9031207541169,349.9152136424592,26.17695616714369,26.78356455186596
685.3773215416251,349.39924410646455,26.175487265581648,26.785531666648552
685.3612384742736,349.7971455516068,26.175479867292125,26.785540191082738
685.1996720518023,350.40059280872765,26.175468932003195,26.7855354254143
685.502684488418,350.0676738269562,26.175567983027033,26.78541593809051
684.646312740447,348.9334129112311,26.175936314937132,26.7852936750736
683.2269991350404,348.12707149855083,26.175929273202115,26.785252792281277
682.3333855396102,348.8233254727819,26.17571962114427,26.785385672905473
683.1053325402738,348.6420949368222,26.175777369618547,26.785344616939003
682.0563946908618,347.8040066515088,26.17578748693014,26.78533140733053
682.0917091107069,348.0026408432804,26.17580730253528,26.785287658673184
682.1785501028106,347.9118610834267,26.175857271233443,26.78527882401235
682.5583950093278,348.8142576397111,26.175887485645973,26.78526321445708
682.8569520490536,349.7061129326698,26.175906863855012,26.78525583650948
682.4692760239254,349.69398004933646,26.176949994204843,26.784542952442337
683.3497015942208,348.4846302549795,26.177065273787587,26.78444504817525
685.8226031064079,347.6544054248453,26.17727093166448,26.784507192421874
686.6898329965653,344.8645651277208,26.177295585477285,26.784492085071697
685.8787418480416,344.6361171173749,26.177321024080605,26.784467690600497
686.6513108821638,343.61228420367286,26.177410960291912,26.784372554564648
687.2880199372488,341.6611307417797,26.17765649014405,26.783759709063926
686.8572271428924,338.7397189224059,26.177985837058444,26.783500442995752
654.2211027453035,304.0649370466775,26.457162122470613,25.983894272577547
648.1021329649843,304.117143174275,26.61797231909522,25.421068863495837
642.9958890797147,305.0398241384544,26.77448608298153,24.87442741414857
636.3641608259921,303.75825445379957,26.418937387179863,24.913627889186376
628.4267488419571,304.17577892048706,27.040395838587294,24.485194898528047
622.4190874879442,303.9202239458817,27.883278017743386,24.00807885124452
615.1785455893629,304.00642669528577,28.357871107508675,23.57518573637416
608.9308970086805,304.1793312787005,28.622484942152177,23.469351694142247
600.1941021108196,303.48930147252395,28.71122518953412,23.20647245418509
592.421014433101,302.9753177169669,29.109102281421492,22.61960136514056
592.3730424260524,303.2059376984413,29.44611898004525,22.139156431742602
587.1259731605003,303.935606927802,28.968692264567288,22.47842424953325
580.463476419576,304.46302703732283,28.979504418596147,22.21427230678251
574.269097775365,304.9200243694522,30.720063579271393,21.062538437163337
565.3114380181926,306.9183230905219,31.916587317249228,20.12824716071924
562.492791919336,307.17715042884004,32.2930314696131,19.812164723481807
556.5036646387317,305.91021674315436,32.93633653741361,19.614324998753354
547.4897073433222,304.13107046381583,33.7250657949807,19.398354652309568
541.1229703887926,300.2548598883626,34.01411698217704,19.314401043541913
540.200815883602,299.8258078325863,33.66858853680888,19.265610650070546
535.4104278352606,299.21380105807015,33.94502617829136,19.285516080091945
527.0845312010816,298.29084692679754,33.96783690270405,18.995465194230192
521.269693708922,298.4618609390476,35.14525568432544,18.36437744134603
514.4929660612947,297.89417282652573,34.48328834927002,18.53758527087051
513.3592539782644,300.4063130507435,34.738129021144275,18.8087803053757
504.80135565802397,300.19380924041707,34.8388747735636,18.78812587458919
502.8687201912981,299.67943394645994,35.146926916960965,18.87200020889859
499.5819499216466,300.7186218686513,34.584244140071355,18.76530321755079
499.195798976904,299.539770356298,34.455059275139256,18.814236539346098
499.04679647767495,299.05836992716274,34.365323661567245,18.811925307505803
497.973830450447,301.54122962118174,34.83595785969223,18.673308580600608
496.6472382805633,302.0187242450139,35.429622908535606,18.490473127701787
495.54305832924854,302.68860602364094,35.47013279361752,18.67181068758185
494.67563120519264,303.33355759113147,35.49871253229932,18.708006948352715
493.9467647192849,303.47518861366575,35.30037121860762,18.653898640709965
493.1661973014913,304.19919303436126,34.94121522644364,18.6454593917948
494.92187457061067,303.05922149361436,34.64764676188958,18.454037021475912
495.8815852479713,302.13013538113535,34.75177854017919,18.55809032706135
496.62810065458154,300.5945257877372,34.64346161512708,18.845571854403282
496.7198729482735,299.24900383515023,34.71400632360724,18.920081049646825
496.98007402675205,297.51445285157945,34.79457038178381,18.618699761401995
498.52977739552216,295.4849168810076,35.45493975966109,18.294664994019016
499.9080367078278,295.26884961246134,34.95674647341348,17.935684306750176
499.0559368759082,294.0434198288094,34.545509583297616,17.856147889404333
502.2385772865686,293.71654127837604,34.604067854231374,17.61763615377287
502.9764482822892,289.7896639787426,35.488684101010506,16.755464582690564
505.1925567689328,290.0036979796976,35.56053073398545,16.7117820175539
504.9054132922708,288.64560178906254,35.798741219080185,16.561075146886154
506.0113933119979,288.7751541908341,36.00416604252573,16.452529873005183
506.85098098367905,287.75095965594136,35.61913640247914,16.50720067630357
507.6547603490635,286.5468967503724,35.24195832604528,16.698805462737532
510.2348190010786,286.2523717901706,35.8127341570859,16.61274820206884
507.84555884637257,283.6055492449357,35.724863284552185,16.424864533536045
510.5986125838908,284.4388677206803,35.8015380780398,16.253896231720226
511.84328767559725,283.46188950601766,35.65300224666247,16.265638172062328
513.5857847861986,281.92323488598237,35.796652968697174,16.170772481560444
516.1077837344403,284.14365894765115,35.54459862232354,16.14764515290066
517.9500435486179,283.46473746463914,36.78158921354228,15.287432393826926
519.1577130757333,283.46763629197835,37.862920643854395,14.743848493802453
517.8435269527507,284.7537118509175,37.20382207225357,14.704489705712374
520.5483727307295,286.04556965859194,37.500544262176206,14.26799255616851
523.8741544696554,287.1689752525535,37.4822019337689,14.256861948384646
524.9157443494513,288.3466152648123,37.21556384593018,14.919576804543183
526.2037169315977,287.8262950135314,36.967191265789474,15.26739198972224
528.4095719652055,288.63042353601116,36.67467236831264,15.209979137267606
531.3502363747281,286.35436870054747,37.00538301994016,14.66582206167402
534.8299158336566,283.30676746106616,36.8512470902118,14.666412895891728
534.8047018547376,283.2557333563066,36.68896165746102,14.673883326196462
536.0290890461985,282.02428200089116,36.63093863638614,14.77322083049965
537.5674269738673,281.91276266519117,36.39618554105827,14.964786453868342
539.9441511754586,281.43126370767453,36.25018094738493,14.884803578763336
541.5622295157646,281.6251377449849,36.107277879291345,15.180205259143706
544.2233195339052,281.2224135904907,35.567951446373286,15.531606633288973
546.2875685133993,280.95039556786986,35.828791980732056,15.309772107394192
548.8209703159094,277.48485443837427,35.34580728821795,15.315897567831886
550.6302512792718,276.183774487386,35.99032548157986,14.89668229051765
552.2276703203163,276.0820848403048,35.95914864102226,14.804882038800773
552.2609566162146,275.85641971340834,36.048927436726466,14.66020542232383
551.7861260195089,275.53513422515704,35.64667207854787,14.72345119969928
554.4645201648223,274.4450708159808,34.93436306267074,14.908127044541049
557.7326552025098,273.32444434533295,34.747249843832535,15.126860874203459
559.527062324466,271.71297947220563,34.780853288290004,15.344976234090261
561.7784603497093,271.2868205670997,34.783260484873566,15.489510524080368
563.5629863641128,271.2241333875199,34.25335535624369,15.61408551108806
564.8759841873504,271.9452659195497,34.03712638381029,15.754997417510385
567.0171208102713,272.95405211906575,34.016892322538766,15.82679884545879
567.9388850558452,273.38578559738613,34.15322568689797,15.855468999051418
569.5486361032251,273.9215442880517,34.35438599524464,15.764884628298379
572.355839697762,274.8840155876999,35.073467270526486,15.661915948870506
571.8766072254145,274.96950424227765,36.048007500373046,15.263450718000128
572.9404904117946,275.0891679560579,36.09110356390741,15.11990889336688
571.2295797690407,272.41749828996655,36.24536508264585,15.15605160842308
568.5258528284968,273.07332335042065,36.12940816661435,15.241506108448405
