227.5,478.5,83.0,25.0
237.35016797194277,471.4352645732091,84.57802442293578,25.55302432037869
256.84923627081076,463.6513214959547,86.57326932544387,25.81191332065172
269.41263798646963,451.218253006403,86.49599973812026,26.53515555488191
280.2767954298706,437.55519334960616,88.5052603823242,25.828968197333143
278.29963015565664,435.2633432568063,88.49652006130638,25.838602220823407
274.3302333256592,433.9270965190634,88.49625207960807,25.838856869557468
319.2006930176804,404.32496101843304,88.4719235769134,26.2858913901053
335.87581638161026,396.71030410766656,88.94060461394626,26.516021556853165
349.6529801171445,388.1105452655373,86.54868406426444,29.322037959373326
366.7443091264733,387.19340369485434,84.88671696357567,31.84626280501257
389.5449625027471,394.11904524617466,85.84673528427012,31.58120425834118
396.03451798305673,387.68724511957885,85.55770210532815,31.848687491879396
418.0602029285877,374.6173997456408,87.45108776846547,31.124507619028037
421.7056009799316,361.90328376046864,89.82049083112193,30.309640376725863
433.43799404666754,356.87511005794124,92.82697239784531,29.205310825603828
445.7443202600211,351.42358322267376,94.06715848737359,28.338083658126152
452.6472680326556,344.31320000677994,91.67336278036144,29.80516318500659
471.6997667616064,335.4339515329451,87.96273254047743,33.25101231315711
486.93081350948427,332.85898631886135,84.77297218986325,35.45882075875027
510.70003384611056,331.2648683117399,83.1355782695404,37.18328924445919
520.3188619828466,329.6662935158778,82.79217286581945,37.06515506085388
534.8624517280913,328.7534376746905,83.1216136298465,36.52127359976533
543.7787343651669,329.30418693506175,87.82230488645712,34.29654235674036
566.3529662781077,328.75525518384586,92.02346187966714,32.43329860514377
564.7606435868967,323.1550071853436,91.24190571828134,32.64159756540517
578.247127033257,322.118450426771,87.54163818163963,34.38083244619019
599.6284051699305,319.413929453538,82.67802294833186,36.909803944734435
620.7182889771674,312.26715380198345,76.80888994689515,40.89322989689137
636.9793595141416,311.71847979782945,74.76069449062243,41.194566278479
649.5921813216781,306.0555731252716,74.00422812164311,40.52439268511804
667.9431057620033,299.2347203827883,76.00914346218435,39.00410991172294
680.1179007455431,293.6059888020402,81.02196308677938,36.393622633765986
693.4825145036015,288.9585955399198,84.82022237181017,34.17945320250135
691.5108512075298,283.6373604350625,84.67276393740325,34.21911445988454
702.3984340680015,279.15996714092114,80.99069399587866,35.90103003071111
718.5428569468938,275.91618206823574,75.13998529253735,39.86405879806069
736.9340061750792,276.9957229114474,72.90193732444799,40.78367979985459
749.5248659726936,276.7993548412296,71.89237501681659,40.50052460051116
753.4924234353696,272.03052840215724,71.29071851507923,39.42256449495237
754.9721915592271,266.4410505593829,72.11210682600378,37.851637482441895
755.2947703595148,260.5531588994863,74.89617991543086,35.48674144279919
762.7840708256332,256.482454024761,75.68333463657535,34.552449478687656
771.065499426071,255.11028975392736,75.44239210855119,34.003278073760725
782.1424967886243,255.95177216812152,73.06158502077398,34.78579071195563
789.0962983499564,257.68539248834264,71.54196140555585,35.41448398569797
796.1657659286453,259.25463056741927,70.5193764221282,35.70854848268082
800.7925868632556,252.8879127853208,69.99812018828374,35.66595541376013
797.5927656111486,252.59518622749482,71.99456778817043,34.149619770180486
800.6499941034598,245.3158974403149,72.25322252840138,33.762959231137025
797.3246547108955,239.93602638471737,73.68344709752664,32.9138289286968
801.0776576094776,238.6310538416414,73.41697329422844,33.31668220652965
801.9851333466274,238.1914164482769,72.37198484597542,34.9071907283432
806.7994915569524,242.59794835104393,70.05010312304908,36.539413673602624
808.5810049124351,239.24445605494898,66.49255614926842,40.575186546279575
807.4953888392151,239.42181159235452,63.657437778435416,43.11130169674927
805.0582477129171,239.7807036976914,61.88390051198846,43.669185034255136
794.1358299898975,241.63990098368384,65.30459884254934,40.62026226259752
790.402692381674,241.24636495770747,67.59468559006316,38.60399888631234
784.6104734610554,241.29846653515574,69.28181508169087,37.29696136366372
780.4295007325258,241.88568076840565,70.89627680843414,37.379504017998286
780.4476647647316,244.29628319411512,70.17737184926229,38.76493750276095
778.3505764270542,247.8181612835359,68.34955393385789,40.183551242742695
771.8958449784092,249.55946849190917,65.11762126230028,42.85729506803103
764.5581828856193,256.6246102708284,63.42776638599033,43.92845518237273
749.7659278533623,257.77518037188605,63.2769916452064,43.71080058358991
732.1634140626708,257.1382372024952,66.30120257619896,41.04133469992902
726.8195651467721,256.61645608780776,68.84690211698066,38.631963141004384
716.1233931387369,258.362029480084,69.90938926049228,37.27513613870897
700.534598021335,259.8227611746089,68.26622830511067,37.93226028170259
691.2490084984007,262.1258901257049,65.6204006676297,38.647164603326516
682.3209276896567,264.17084589127444,61.21959855525919,42.03994197599599
661.1580312660815,266.8397241247353,61.055260024235864,41.4437178348189
646.3231599635815,268.7418004085539,60.80116496749265,40.18860177001991
627.4158051424159,265.55322796497614,60.885661444540524,39.227874151987436
615.6858399645602,267.5986267445323,62.875342624226676,37.0294161800867
601.5613186035915,264.03298567055776,63.60481976388862,35.97229424478385
586.7653590074269,265.1717969801668,63.42511534476753,35.335874909829435
578.7979868472503,265.03551442180924,63.113094528402215,36.01918874671354
565.5716064055133,262.8761928799637,59.05784264026971,39.819802617453036
558.4430423675498,266.08085275100757,55.3651034676615,43.697318545836374
543.9678060097561,270.21899240817464,52.82467423622742,46.44683612176108
534.8663066947184,273.8399551351931,52.29379377694731,47.161140831298354
526.3397036457536,271.9669463287867,52.068439236449144,46.817064354603055
520.0568917592981,268.7267343598113,55.73504090700431,43.7947207296877
505.06223866310023,269.0794580563458,58.57913111124083,41.42770219156104
494.48074920769056,268.91610520434637,58.12673641061002,41.73834710365024
487.10805002977975,268.84092641051774,57.47726400837492,43.00919989146459
475.18761901110344,272.8162871788711,55.042306267285156,45.52714157039513
468.75276214528185,274.4744867106723,52.3915999244655,48.85627892952221
461.6380234957247,274.1635686673772,50.48218028144101,50.63007073987488
456.2337658152284,271.8018004279859,49.5999722232442,50.77435449877845
451.99427889627225,273.8552973643257,49.24467558386169,50.20518358790608
446.9493350105929,272.2926494565259,51.78759966350893,48.017532607088306
440.1732489184226,266.53133471811657,53.41314087403357,46.593610760969995
433.6898635331758,263.78289481974275,52.76699374444172,46.634999491738604
433.63837158624625,260.5342926536971,51.81560187059297,47.822596318031685
432.6830308078109,263.8194609200431,51.24562656520485,49.14638286273213
431.44345008869607,265.79489915419845,51.778344445695176,50.21685630134286
427.2573822332634,263.9900498908236,51.94657123627251,50.50692039053153
428.74578331102236,264.86878354850177,52.71938117372639,50.05466819549072
433.9793246262804,266.93749337580346,54.736153790707796,48.86824017144156
434.109259827814,270.87445964873837,57.79202039668909,46.62228833464769
442.8227978951333,273.02149976609917,61.05071238949192,44.18958223971186
451.6912569034698,275.23378140770234,62.83222317530906,43.256277816139885
457.42541507980206,279.89527657231855,62.72079940839895,44.05211530673167
464.4062589695322,284.65334097622593,61.96145270865063,46.241473750198665
475.57173274757633,292.16242124511115,61.753239222386625,46.463342547450225
486.617951009622,292.790427181344,62.601152277152686,46.21424195275553
507.04377722210324,291.2723971445051,64.00056033803007,45.483729789418575
524.0910974907712,296.6245745734839,65.48200775235432,44.25387654126315
540.9928872203255,296.2946091040362,68.53803217508155,41.88026603919475
556.0679981336427,297.846181349899,70.07943022149396,40.53647446990882
574.5074597888696,298.9962322414796,71.52811692690946,40.372523523692166
600.447416291231,300.6025864394965,70.11496265021407,41.03271227579066
623.365535428044,303.82196700118897,66.57763261023035,43.81922809942725
645.8934184491136,306.70273521274544,63.5506522736577,45.990361315901715
667.5040715131715,309.4435643997618,64.7479252471044,44.653948493932035
687.1695064470962,310.0354624089049,67.12332368980185,42.33043120126986
706.6303492947962,306.02597648328987,71.1710746399097,39.91105237500967
726.3105980041079,306.27384923789697,73.91680128134492,38.121535002811775
747.1495280513325,301.281031078805,76.31022262000131,37.10074737080052
764.7595248110777,301.3919717163969,74.42141730241528,37.821871061398866
788.3194313202666,301.4143660214155,72.85686398862704,37.877313584763044
808.5471479845683,301.7504698962011,71.25744491173288,37.90774231552324
824.9019120004946,295.7645485584916,71.32560776733146,37.06918212076398
846.4681351043977,290.157605052746,72.9807668451696,34.91972875444749
863.9850364384563,278.56559920438826,73.27148428813646,33.709855792349536
872.3952326167331,266.4843173393106,76.58749978375562,31.5128080112744
887.3936725627241,260.0249755019852,79.4169557987561,29.554924799023368
903.4332294459576,253.65840143047404,79.98956780133192,29.070270894316188
927.3588019854233,250.07573431789763,76.94181704002779,30.89642131209601
944.7161130002729,243.84117651572018,73.9797146178724,33.794800985054394
958.4383452473013,238.79097521512048,70.14180415518769,36.95936584058728
966.4070525449418,239.55652064640276,69.26356791226256,37.499739039759795
981.379766884221,231.8635241506342,69.37517086517398,36.92290148777888
979.7041611770705,223.37572738660182,70.35071065433739,36.031425771458835
985.368670808891,216.5619473171787,73.92110068482498,33.105570611843206
992.142894638987,210.67494142799777,76.04011441989671,31.454462990180602
1001.1941848344304,201.36327864847112,74.93029754829698,32.58829804020067
1005.4009530373243,205.01132569429046,73.16897137810503,33.90163903004393
1014.4423075576323,195.1421418694439,68.67767678908801,37.79164566441729
1019.1109731398874,191.4813806170302,64.262302640569,41.75397889731775
1022.2894409513382,191.00549580705984,61.08221829025047,45.41259761546408
1026.0194000423958,186.41461882849237,59.70298572367476,47.24011687716442
1025.4203802067698,183.48338473091485,59.61560461951312,47.3141682098317
1025.9274587001134,182.54662883445434,59.56894384912293,47.353674289289856
1027.8411084608158,182.5020122099536,59.58009118326323,47.343374136861726
1035.9117701138464,187.1768428380162,59.9755797058155,47.0469994331657
1027.7461617468227,183.41924673502945,59.46884477970666,47.574992809488315
1055.0435350478888,189.90249773146533,58.21337735237903,49.32209002163363
1064.0356651164798,190.55387499829186,57.21104699424982,51.80803296913601
1059.7264631440798,188.39467870971782,54.338861797204274,54.951717418308576
1074.3588554573146,190.70558337803848,55.120229285602754,54.795963951723444
1082.0267755800096,205.80311119043742,58.53802826140414,52.03941159230639
1080.9592446065724,206.67944765749039,63.58588980506497,48.307163143407074
1087.6822619663628,208.36139119034416,65.86109322177563,46.93657949585901
1093.8129109744807,210.6402706300676,68.84907041305948,45.451377112078674
1090.4766559731095,217.77154327666656,70.09822292907695,44.324532044710814
1098.3681581037397,222.9778275042693,69.63773797018484,43.216430790738215
1104.6143308493772,227.56759207750457,69.46549230953721,42.77222745756114
1110.3720078003876,220.2788509838656,69.58972867088329,41.54427160315211
1110.989456389819,234.64222084978954,70.31111804158854,40.57583265255419
1117.0166838179282,240.8301760732701,69.64987931848766,39.93188345589825
1112.9073133321851,246.04853184629823,69.59714259069425,39.57290018132635
1110.8290882444987,246.93466146997315,69.61787966563364,39.52674018667733
1094.775760946203,269.1520212177214,66.56243633131675,43.1967722780949
1108.2162307300687,240.78997781350557,67.72961535489414,42.10764955283517
1110.65319456289,236.9693912094873,67.73170382923604,42.106799674323845
1111.7446299248556,237.3290779391962,67.73293015692482,42.106946902962974
1110.612684177133,251.37876487813173,67.83287931533425,42.0340832637394
1106.047413732537,253.74894111555614,67.83475428045368,42.03339438981219
1105.5818840828217,256.28332074693077,67.83366327556669,42.035621874804626
1104.9804580785863,258.81698500259546,67.83090655848993,42.039786989116116
1104.0587472604525,261.06871441773643,67.82853232493031,42.044693789937746
1102.4679352708874,263.5788221305059,67.82621827763211,42.04949991743826
1101.5255581503404,266.2842671580504,67.82468614081911,42.05387685301097
1100.4568826829254,268.90176833826723,67.8233799826013,42.05823005669468
1099.0959750268196,271.42581085757547,67.8225006594216,42.061381647564346
1098.573574294364,274.1598370935266,67.82087928516779,42.0662538849821
1099.7146616516322,277.72636032402,67.82026379952855,42.067879588912284
1100.1353449946384,279.8443315604436,67.8200718352342,42.06863478986266
1100.2722780051743,283.01773677257887,67.81962477711775,42.070220190024585
1100.555292271778,286.73343064777043,67.8193830824423,42.07088791296903
1100.2370962722578,291.10674151445096,67.81895399030758,42.0720250449645
1099.8656391948364,296.89673413194913,67.8187713762943,42.07266820504863
1098.855100004217,301.5554392211649,67.8187358850048,42.07288402606784
1097.0516782747807,305.7385674465532,67.81859377487699,42.073275295628164
1096.3112644894122,307.9756204079255,67.81842628660051,42.073455929127455
1093.8572504292945,311.7274393351579,67.81818547830835,42.07363706346266
1092.5223841204609,313.3304626816881,67.81760426083164,42.07404417060361
1092.8792823994665,314.22014220347506,67.81698240355696,42.07455492187538
1090.5562038816772,315.403962587148,67.8168987279238,42.074279037952344
1090.0117457255478,315.3460297919431,67.81667426736284,42.073709637002324
1090.1285298397522,316.39979435152384,67.81525546112269,42.07459731357151
1088.5930075083138,316.05475066646727,67.8151028526529,42.074179477099754
1089.508149641484,317.56970940619647,67.81329263111225,42.075373238028334
1086.971303547972,317.8267418507846,67.80977010027124,42.07752641506764
1085.8494734839164,319.3278927672205,67.80670490756621,42.07957047605562
1084.9265935767592,321.01655312480807,67.80265507527434,42.08219790007112
1083.5117217099953,323.4213362953189,67.80038520177688,42.083847913419646
1082.0683970127668,326.8391184141736,67.79089855077794,42.091301253835205
1080.2409555660618,332.2914839882509,67.78064606058193,42.09983628762646
1071.5214256768882,336.2840714552244,67.78068186737185,42.096015113445034
1061.6688994563315,344.24695319899496,67.67911084962273,42.19388176811583
1059.8241937769847,345.07118617801984,67.67338446913477,42.19827323289469
1061.626857983945,345.1528277639055,67.67316383948554,42.192626629073644
1059.5588988797408,346.4279798008122,67.66865875001159,42.196355357842144
1058.9887497566674,348.456549478508,67.64513637180711,42.2171545591216
1058.612768199056,348.3420044578794,67.6401095311274,42.22153589423833
1058.7565099912226,353.4893243030839,67.3773337838249,42.46665774710327
1058.0783903280192,352.57507807743207,67.37127879393965,42.47226444668264
1058.316566760998,351.4911125009205,67.342011546955,42.500216952473664
1058.1166881839813,351.3373000026497,67.33821715226874,42.5037279947096
1055.0427146996678,351.37374275528066,67.31178048060646,42.5319355581666
1051.43475708413,352.18126122795604,67.31059747559793,42.53303385241703
1049.1037412230885,353.26923528831975,67.28006757124699,42.55989601916516
1046.7810661647115,354.99584993099427,67.27707460175809,42.562826802328104
1046.4270932782385,355.785688628768,67.25984743778793,42.578960416187634
1042.1609495082537,355.5412326588592,67.26036713260358,42.57847044927651
1042.7879196926576,356.5586314584367,67.23710103061093,42.599980404366526
1040.8896992990874,356.17044518861474,67.23780955800112,42.59911546909216
1039.8293392409785,354.75492619992826,67.24011527221074,42.59520109203386
1038.818210157304,354.73306368400023,67.24067901779132,42.59421596458821
1040.4901896170122,354.38471657791837,67.24700086009388,42.588221125123816
1039.675622332935,354.6210050328897,67.2481598451717,42.58598226173196
1040.3001197864655,354.27675766901325,67.25448346056419,42.579401835180306
1039.8811469742227,354.3789858282377,67.25733677891279,42.57628981306752
1040.1564029930405,353.65519753845655,67.26000615111288,42.57162127639603
1039.6600395005607,354.35869759704764,67.26060613478687,42.570619866031464
1040.9901653337201,353.84363138117146,67.26667288506341,42.565184179688494
1039.337445983239,354.2970641796792,67.26731083720075,42.56403643240445
1038.6573221975318,353.23465881565585,67.29260402762588,42.54096326839185
1038.6666766204132,352.45292381567106,67.29672371610893,42.53672716026813
1038.3774963712244,351.81900037421497,67.30519359616201,42.52922335329229
1037.9125482311613,351.0386515944518,67.30831930839437,42.52570513351417
1039.0465429000847,357.7397763969605,67.23700241012281,42.598062042473785
1038.5344297400504,355.0835332947735,67.2380129594698,42.596606768118555
1038.1008417051423,353.6398241469232,67.26988369614851,42.56637341052927
1038.126271426055,354.34131568266946,67.27212974646827,42.56340473951895
1038.5313107815239,353.4619283338385,67.27411997473945,42.55985391189716
1039.15274111949,353.7346656242727,67.27857673216417,42.55507690564424
1039.1209845176954,353.5919405666011,67.2838554527496,42.54946603685269
1038.1704365913781,354.0763104936767,67.28720116614784,42.545760727169366
1031.652182544605,352.1974839103127,67.54525924748698,42.354744221885056
1034.5714461239545,352.2367871025291,67.55112820313742,42.347883337420825
1034.9794769505681,350.08086258403205,67.62115432514085,42.280598196253315
1035.0600753827741,351.5113792677998,67.62149756666778,42.28005205138933
1037.4158223563538,351.11816395914315,67.63255878003079,42.26864886838677
1037.0127259542514,352.5744410231745,67.6327377020753,42.26832022517216
1041.2434124884871,353.66888356028835,67.63274654583537,42.26827482494033
1049.0360794694766,356.1361882963083,67.63244504693014,42.26855991466804
1052.9250107440682,355.89534939448737,67.62498159137495,42.27533863493401
1054.099524172834,355.07957588064994,67.62319160556261,42.27698079639031
1055.2710653494266,353.9769193953213,67.6006730455597,42.297925871921166
1055.1038814134322,354.27752769491485,67.5986501838296,42.29987430321358
1055.8270843357268,353.25417062725404,67.58718968416537,42.31057507374325
1055.308559253454,352.9799828935104,67.58193342552377,42.31510971567291
1055.4418077806838,352.80783141298565,67.57209316680414,42.32414897742922
1055.7262638952236,352.48414996670124,67.56941987748685,42.326531320185765
1060.2129618941656,351.53106708431994,67.48017724569164,42.403110340639834
1059.0007696429307,351.4143559468017,67.47597192729992,42.40689090992483
1057.498013531323,350.2541210949753,67.42230842076344,42.45511306070604
1058.0264648595696,350.7004748828044,67.4171397349125,42.45975072993234
1057.290838104901,350.2452185121334,67.3677384466955,42.50331975427144
1057.6186534438343,350.5973236848141,67.36162292080627,42.508537123257895
1061.5996235344624,345.38975521829764,67.22391293364215,42.64454598164478
1061.1341598210483,344.8863860064679,67.22383804161127,42.64254350335725
1059.5073013229141,346.30206765965755,67.18440461292218,42.67841824171671
1058.8187397723923,346.93992451563423,67.17659138126321,42.68529623031729
1058.4971992470826,348.387737015705,67.13219663136847,42.72616868005057
1057.884028982009,348.8557516259284,67.12452288882557,42.73337050580361
1057.5338649681266,349.44705920526485,67.07901352616793,42.7758016241769
1057.5647671546012,349.50580324695227,67.0730527933375,42.781110396668986
1057.2235365347562,349.67559491408633,67.03970516461897,42.81111287449266
1057.5659678449779,349.81456609420985,67.03301817236112,42.817024551768924
1058.0531098022634,350.22052535510045,67.00317343053506,42.84302991437954
1057.593407104304,349.65757721247854,66.99454195788105,42.85061670179006
1057.2527061006444,350.03245073282767,66.95541381287981,42.885178750275585
1057.8112678968712,350.20500361215016,66.94710815541592,42.892378403923104
1057.804957827222,349.92489760288396,66.9310207643648,42.90737660390535
1057.6654944527504,350.2463746527199,66.92407252069926,42.913576809691556
1057.5827372453562,350.05736741338086,66.898802943078,42.93636384777398
1057.2914401238568,349.58921786546114,66.89236894682656,42.9421777546524
1056.8092017645772,349.76111834100556,66.85956095497829,42.97226276295041
1057.1236143690662,350.5978701581509,66.85346254405803,42.97790971001962
1056.9321320938009,350.3037537671962,66.83977445567642,42.99094628535932
1056.9803122556402,350.37916239474896,66.83640816628795,42.99402305236093
1057.7382377463264,350.5362805374335,66.82021314690589,43.00837882898825
1057.9601720602268,350.01324251364,66.80776734873345,43.01902027288419
1058.1693671706066,349.7445322343808,66.78669382223342,43.038744808415245
1057.6291725448195,349.50542642205534,66.77430617923811,43.04951099992639
1058.4968648935705,349.6293784096468,66.7371412578896,43.08494151838058
1058.5381706931769,349.4621215087733,66.72678576928554,43.09414118576819
1058.3613001139936,354.53025215800676,66.56644533032397,43.25150571890531
1058.1916011959472,353.16479206864267,66.55508121640077,43.26214882663436
1058.0636692991802,352.0386096066723,66.51440564368939,43.29727675487802
1057.641292663965,351.941471463089,66.51108996155929,43.30040385197637
1058.2232568783388,351.48043028903743,66.49925184386208,43.31157517646269
1058.5288050867016,350.7275916032538,66.49182763353829,43.31820646076494
1062.2079715827185,345.6920449623092,66.33969381066328,43.478409163430605
1060.1978284717202,346.3201012135431,66.3328575351017,43.48422211987072
1058.9484964312912,348.04611123901077,66.3063553428423,43.509057108532055
1058.4550809418183,348.563225086347,66.28877104812194,43.52561018702241
1057.3840726529188,349.2748941801937,66.24177271426902,43.570563401192054
1057.3962445019795,349.43266922363813,66.23275942577905,43.57847624760514
1057.179267186169,350.14477168503214,66.19707523293705,43.6104721629062
1057.4658172174582,350.2967559792415,66.19312073062359,43.613925199147964
1057.8305895435574,349.7111762520914,66.17173188925784,43.63381557519351
1057.6572428306733,349.28276442271107,66.16813281119215,43.63699873722329
1058.4166407435785,349.35189436464935,66.138396314415,43.66377103151026
1058.626315479502,349.3749825829217,66.13381625365483,43.6677877929908
1058.40094169297,349.6449179679277,66.10189545671017,43.69832232741062
1058.6510827195996,349.7507197700666,66.09578475464562,43.70364668364785
1058.6629525341334,349.5266891536296,66.06566847958443,43.730871318840805
1058.5376012250067,349.5418901608932,66.06284974483128,43.733348694136126
1057.6399679596375,354.5884675973804,65.94090057065188,43.85838306066381
1057.6713106085167,353.45768021998526,65.93298966901503,43.865980993554615
1057.4537511375352,352.6011184178389,65.9166931615974,43.88115876464105
1057.9073943660292,352.50220253232555,65.91275497168787,43.884763108423655
1057.8587622356317,351.90596720539827,65.89035274550426,43.90665730906927
1058.0191274445456,351.49038212065767,65.88844462214989,43.90835690369469
1057.8307782463437,351.13537871090415,65.87828556854518,43.91776131097793
1057.2660506156387,350.4652070369722,65.87584850646147,43.91990397047971
1060.025463322133,349.6496974141028,65.87927136160052,43.91315983521422
1059.4651602050626,349.23454790478803,65.87407436354788,43.917605684879284
1058.5973681447497,349.3491237700503,65.84988046140789,43.940891933337625
1058.2991696673853,349.6059224485666,65.84329716005603,43.94682368053784
1058.8273007255489,349.2827232332416,65.8110019521838,43.9759340581521
1058.133064833856,349.3066455213362,65.8063236443981,43.98007763661272
1058.912001887515,349.63994333657945,65.77242860488252,44.009850283199036
1059.1880684063403,349.06337003599475,65.7642465421733,44.01724254705763
1058.8688886384912,349.3470676411009,65.74237865992573,44.03576916082376
1058.6894503271037,349.307955410936,65.73312939697561,44.04408156750888
1058.8880446214803,353.4209176558338,65.5163823814847,44.2355259665683
1058.611857306963,352.5792022444965,65.50643642049977,44.24484339641297
1062.206097272775,351.40922179562364,65.41945604637131,44.337067363311554
1061.2921050089656,350.2486656684938,65.412652609169,44.34227070872729
1059.8883862844482,349.60470756494783,65.39501037871462,44.35889530224041
1058.8419887299017,348.48888450368446,65.38906944006301,44.36369329930937
1058.5233248875325,348.56411252203947,65.35500575688908,44.395258642070175
1059.1170497960773,348.4870072857825,65.35242928231361,44.397387312096704
1058.6543531938714,348.4569458474678,65.31470476802865,44.43080536699054
1058.6744413213391,348.67289438584726,65.30877218245399,44.4361228733901
1059.3348046857884,353.60231617310257,65.1871863598896,44.54973718462171
1058.7506124337815,352.63523882550476,65.18378825110254,44.552969609996126
1058.895520943092,351.6121929224479,65.14555549413744,44.58729688974264
1058.9445232042676,350.98261018695257,65.14056797621666,44.59164892803978
1057.8246487471108,350.520054822135,65.11216632252183,44.61919429283724
1057.1332480918,349.82587679777157,65.10981207455717,44.621220333057465
1057.758313316175,349.4989969106356,65.10061933561545,44.62904969789796
1058.541747101655,349.54051481847176,65.09792701280199,44.63142083383181
1058.200698853063,349.07599445545935,65.07113402558004,44.65536032017544
1058.9426528823406,349.45765968991367,65.06759577331451,44.6583579476566
1059.2600654325206,353.74102873820425,64.96250260225672,44.75487840362664
1059.6376875377346,352.11124157368823,64.94675664946595,44.768655813789664
1059.4484347817627,350.7843259521613,64.88329228988866,44.828852213017235
1059.3118802693982,350.45861285004173,64.87888518798505,44.83294408002186
1059.300512376902,349.507377151054,64.84381174676267,44.867120285278794
1059.6553884862392,348.83911243123293,64.83176980373807,44.87829860587959
1059.4024365095734,353.9777985446574,64.71103617905939,44.992434481447646
1059.5859127893118,352.8143377276598,64.69538782285395,45.00747314272557
1059.096535883632,352.00744236592294,64.67099069427248,45.03011835075732
1059.6774092270025,351.71224258891107,64.66442088550687,45.036326940082255
1058.5853667366534,350.4969157591748,64.64838708606906,45.05222144046668
1058.8986821012725,349.6017837371275,64.64478904592531,45.05527871557171
1058.5261597570986,349.1667761106627,64.62417708420644,45.07503067094357
1058.1886456233935,348.3734606421509,64.62012641504006,45.07858310435836
1058.8216866625733,348.90563378554464,64.61195089281004,45.08533895990488
1059.0177304088616,348.94076379806154,64.60667865015314,45.089968393587036
1059.0026851785633,349.0690860457476,64.5773775078761,45.11376887788258
1059.1535290803174,348.06850512697736,64.57430203075144,45.1161901615672
1058.8588304508871,348.89669546439086,64.52285601740269,45.159977500312856
1059.0410918854975,349.4910716090056,64.51660427016097,45.16576082414339
1062.1917863113858,348.38236137721685,64.45340225462698,45.23097105212519
1061.3703407148641,347.8399698263552,64.45017087286399,45.233345248819255
1059.728845739585,347.7251990804708,64.44192203863204,45.24026214065431
1059.7053009542212,348.30633974001387,64.42996613810877,45.250784700352405
1059.2008511051877,352.3433405744525,64.31807297042288,45.355475849163085
1059.1687731832415,351.96798634963,64.31397318864978,45.35899877052975
1059.8721611978376,350.5869249798211,64.27222220294502,45.39471398222399
1060.2500243789202,349.78531628248135,64.26915027403055,45.39757110258863
1059.635046296396,349.34581438642346,64.22213056894638,45.438496395864036
1059.5123294236614,348.46487033299337,64.21171426754222,45.44777250798083
1058.6144543521318,348.76686006670883,64.1901655214416,45.46700567606711
1059.101619961188,348.07352167288684,64.18286917967593,45.473439996784506
1060.059875686181,348.3072402838797,64.16412539269179,45.49091847833377
1056.9484666931687,347.6820581101517,64.16523508098675,45.48943329366247
1053.6175641477494,349.97211145477405,64.1622857811088,45.49236874919309
1051.073745754786,351.4800233083489,64.16107922139388,45.493611997609825
1046.7646441738036,350.8609361356638,64.16600304070708,45.488084527374916
1053.2656053596688,353.0110527105244,64.1658440127877,45.488221594023344
1055.2529636583615,353.1224869880595,64.1425760943725,45.51024006311733
1056.239807093084,352.39027866034917,64.14096003810654,45.51174034433138
1056.5794041128347,352.08355127850484,64.12338989377362,45.52847196873399
1056.5935305634005,351.544178581055,64.12190551311645,45.52984481266937
1056.5165705105892,350.9602914982233,64.11287930511952,45.53801621706417
1056.349122919885,350.9701874757442,64.11174996374604,45.539096992784195
1056.5729935066995,350.406877385992,64.10767316208465,45.54297165837251
1057.4032132739865,350.8936175652955,64.10670251674718,45.543899985926586
1057.673282171307,350.08436665440394,64.08790747647014,45.56143606941313
1058.0057826370735,349.7776190321555,64.08629265142842,45.56285825005969
1058.2448199438643,349.5565092531646,64.07545172548596,45.57243367924199
1058.653535559627,349.14708997994734,64.07280657050632,45.57474891215413
1058.159826394521,348.8887858934574,64.05683780717438,45.588488075162466
1058.5548781570328,348.64619933322876,64.05371765293135,45.59110771356399
1059.1715573435908,349.00721997865827,64.03313331813015,45.60910916877211
1059.2741002438634,348.45041062363595,64.02865690355264,45.61308322740378
1059.563213288985,348.7718962149914,64.01665145444527,45.623245615840844
1059.0668919876966,348.5308740702834,64.0114530564653,45.628152220434636
1059.6295691794742,348.70990423166785,63.98977081970704,45.64752904218364
1058.9119931033513,348.7144134472686,63.98841884635811,45.648854110463866
1056.601564913617,349.0787031304873,63.976487521358656,45.65997369050244
1052.157910328396,349.83851961326593,63.97426650991626,45.661900917053295
1049.68636955995,350.69239197018317,63.96637787392609,45.668470306345355
1044.0682825014285,350.6385703775212,63.96682754181107,45.66793928684302
1044.405856509519,357.1689948961242,63.84725400234919,45.792646661380076
1044.5800152932197,356.85342425246154,63.8406497144332,45.80022543392346
1044.5114615140144,356.49349597278916,63.817837757592045,45.8247488104565
1050.5008247438404,357.9796416829962,63.81735131106233,45.8252798177921
1054.994613642511,355.4207582158941,63.8077197951541,45.83384961225629
1056.7719491722482,355.435625380603,63.80551250559275,45.83600718388449
1057.0045727875827,353.3692680836537,63.79196986643642,45.8485449856383
1057.0141633038882,353.0722739496426,63.789537213741575,45.85091793440854
1057.8108402845091,351.7351576585991,63.769192981884544,45.87043187902909
1057.6661422368447,351.8289645042976,63.765865719536265,45.87350046471553
1059.0616531457179,350.9076272063034,63.74647895733173,45.890137176945316
1059.3423760485725,350.16429147813477,63.74513007115933,45.89134537167829
1059.46981187106,349.0784983138627,63.7313085950557,45.904859705440906
1059.4322304114905,348.74038617634443,63.72902051606736,45.90703925219842
1059.6037265928005,348.6902970165471,63.69828451946208,45.93606052613066
1059.735826434518,348.6174869357484,63.66321353950199,45.96785991883531
1059.3444907590833,347.69379680987066,63.657700426393404,45.973141457669655
1059.8190467611976,348.1143984347994,63.64184206806226,45.987966108984814
1059.4464599134094,348.0014827596969,63.63311857354432,45.99585738200415
1059.5269795130023,348.21781243362153,63.59762903349135,46.028756682264294
1059.5424388717156,348.54263546511504,63.59395572212656,46.03221856042799
1063.0707263765194,347.27983513550873,63.515306966791286,46.110594125799075
1061.3125744568258,347.1033298597058,63.51233609456932,46.11318968602609
1060.2172649489323,347.69485318934875,63.46673808841439,46.15821054402084
1060.4304906650073,347.4972665782395,63.45109605396182,46.17173284155676
1060.0459836364719,347.9664887709829,63.41782271126373,46.20323495970915
1059.642114014262,347.85750769328365,63.402250567191174,46.21734735242946
1060.5769943690896,359.29448460307924,62.40884872422757,47.370281426515064
1061.1377343841534,357.04838740171476,62.39312819555687,47.387530284047415
1059.813525128259,354.1840232843896,62.359868650629046,47.420041935445795
1060.2484264062173,352.9981196556582,62.34748767168925,47.43287735872597
1060.0608666418211,351.4003965088163,62.284404193498716,47.49196562971983
1059.7053307211706,350.32997898670646,62.27973183743081,47.49629435489353
1059.3073662113272,349.70489149082437,62.26833656684205,47.505904523507105
1058.5229856016622,349.0479256780347,62.26566436122267,47.508286962379934
1059.2368748272997,349.2007674000048,62.254321270856224,47.51838317461146
1059.2272122569177,348.75957242806464,62.25163730526718,47.52069587564056
1059.5610255939612,348.5770477231219,62.241822988129215,47.52887454487392
1059.683050255034,347.2453306047712,62.24029353638404,47.530163882207084
1060.115372963208,347.1596616126397,62.226285555948934,47.54211538065502
1059.5913426080713,347.155665715916,62.22003439469397,47.547416279107544
1060.1758268418714,347.7489689075582,62.202320104187045,47.562490436861616
1060.3603680418285,346.8144658605744,62.19610675835218,47.56804659968453
1060.0218405430223,347.577242961549,62.178784512445226,47.58330810875666
1060.4116424674085,347.77993976222444,62.173848284331925,47.587789304273194
1060.3324653224258,347.2171970239709,62.1647929307665,47.59555930283682
1060.371855847741,347.37024339755914,62.15517564216887,47.603254194801465
1060.5288038392332,348.10504962833727,62.13171598664228,47.62476171405732
1060.7601373617374,347.4618371619405,62.12353897740605,47.63191075268578
1060.6985415696388,347.7107531477628,62.08563349698905,47.66598151150614
1060.2713437656598,347.79298562727865,62.07543846011056,47.6746470796131
1060.2081647234588,347.53711833580456,62.05240769477725,47.6962619668978
1060.7643919201391,347.57356897060754,62.05073830889342,47.69772410031423
1059.4691201782152,347.24703616472755,62.03916902266062,47.70851974308767
1059.8224822766663,347.02071880375956,62.03516451417426,47.71202616507203
1059.7687988954553,347.15190863613117,61.998420015824124,47.74672895429504
1059.6109177906735,346.94098669670615,61.99584704987364,47.74892615278995
1059.4065573758355,347.32565106350444,61.973676991573846,47.76916941969693
1060.1922059004257,347.4386509283573,61.970365357852124,47.772033510424905
1060.1030459813867,347.98270058955234,61.94001578677446,47.799749231484135
1059.7728330852972,347.41667008649114,61.93448597583078,47.80487713976718
1064.001243604631,351.6299109889578,61.84301661410393,47.90214373266103
1062.2574480160008,349.9323532475206,61.83388652366409,47.90983426970408
1060.615071054068,348.4989719995117,61.824468637379745,47.918503504003205
1060.7689436256578,346.9524219158673,61.80878389921585,47.93017061350691
1060.0831804551933,347.13758479007515,61.791536083574556,47.9461502866821
1060.3747935933495,347.41356660293343,61.78791228719689,47.949170515259254
1060.7449648329582,347.95969872693956,61.77564787528237,47.95993158443911
1059.9811589744545,347.257540008041,61.75355062984887,47.97755161069901
1060.6566273350907,347.5063217452186,61.73095038585637,47.99862460141655
1060.335574516012,346.92733245795176,61.719048171936045,48.008670169663525
1061.0418191268307,347.61973839275305,61.68501554285891,48.04000100216364
1061.2022667348674,347.0445035648316,61.678569249657606,48.04582603997224
1060.9648245525616,346.8476478791888,61.64591213658918,48.07687756948191
1061.2972598983567,346.9051822435396,61.641622497302386,48.08076798453805
1060.9747225878355,351.30655645403067,61.567830531659794,48.14479316890263
1060.8871779663864,350.3235114666342,61.56556929817345,48.14688852146501
1059.4521436058599,348.8854745164441,61.55404979863056,48.157704443405926
1059.2498533718317,348.47687602594266,61.55310720493451,48.15846334552846
1059.023066672874,348.7572238392778,61.54891088110329,48.16246480566925
1059.4206368901491,348.2960528609756,61.54790434814933,48.16329386049074
1065.2422975546872,352.19037859789273,61.452294391448675,48.25824548266468
1062.6871018577308,350.08277087901297,61.44999295241437,48.26018405732616
1062.0992033846514,348.7180530928899,61.41414656036958,48.2920419146523
1061.2356453536029,347.9961995463224,61.40932712136848,48.29627418669661
1061.1867725444667,347.60033828763574,61.38479981605201,48.31737302014041
1061.2445940665814,346.7429135174785,61.371308545692365,48.32888608317527
1060.880304112774,347.14353200709013,61.340656289878225,48.35460042889169
1060.8391679347137,347.12351675485235,61.333067342430496,48.360534699820505
1060.3290799904728,347.5792750753125,61.31399702939712,48.37754702341962
1060.5547107038756,347.1382300726473,61.311935308907906,48.37936690526844
1061.6562459301356,347.18187762865927,61.29329044881044,48.39543573932467
1061.7955629266257,347.187175855242,61.2866034820826,48.40170815313918
1061.5443652714193,351.50772433611934,61.13083977493266,48.558565750710706
1061.357025801108,350.63043977580776,61.12646419900147,48.562532268375186
1060.5414238157387,349.1425178755643,61.09869280696249,48.58800361135788
1060.4894800637842,348.96723417223734,61.09669684665416,48.589837294848124
1060.635033050811,347.7110210003867,61.092272584274255,48.593683907561804
1060.7775049680847,347.1727733579125,61.08897205097519,48.59663147160121
1060.8640843752112,347.56308353110745,61.0752568982929,48.60774868166882
1060.9613553993645,347.01509391138325,61.07227152720884,48.61047061311098
1061.0435021625012,347.40422033715765,61.04383887618401,48.634791025207335
1060.4825645026206,346.5760714886346,61.039906791427136,48.637733481431475
1061.7970433427793,351.1256380865283,60.945418954020404,48.73065694152799
1061.3539978808906,350.3723806658941,60.93979381477532,48.73623360568748
1060.2663534346866,348.85220999522136,60.89063593365442,48.78302893796937
1060.67031731307,348.45916564468604,60.888727483070355,48.784767780279175
1060.846404947183,347.28986545919014,60.87454184315943,48.79818261393266
1060.4965898780042,347.1805674236263,60.870406350794774,48.80175179978928
1060.6371950577418,345.93791247611256,60.86000239328787,48.81097317095198
1060.9636939024142,346.59821229109116,60.85669235176245,48.8137861977789
1061.8512386923899,351.98797236377214,60.77508815103011,48.90005260484613
1061.5260329488851,351.07092146595255,60.76166148992253,48.913193521159485
1061.5634861715298,349.3808643065008,60.726056052619064,48.9491348855036
1061.554993506699,348.78472155448026,60.72411839023016,48.95100262297366
1061.7564969769066,348.0814209426655,60.70614005050758,48.96827369790626
1060.8988484028614,347.4223533424167,60.704122359235235,48.970208403637606
1061.501508765971,346.96107713392684,60.68924860586263,48.9833743646046
1061.2388546553784,347.11877731631563,60.6858691115178,48.986037407963366
1059.7501115612324,346.9007202437741,60.67353768048569,48.998787748229205
1056.951597010336,348.12344024508826,60.672276338858595,48.99991408890842
1053.7230093545231,348.9227934371124,60.66607894311712,49.00580527337213
1051.5701745091847,350.8085075225793,60.66556243460571,49.00627775627738
1049.034782858916,351.85118404851005,60.655224767278135,49.01586989675303
1048.5504537961092,353.42094774127395,60.653803470894786,49.01728341584243
1051.9102571034668,352.5360528433146,60.581870939889015,49.094584183784185
1050.0945741670935,354.0159231796122,60.58047223477044,49.09641687353951
1049.3748519535127,356.1902181932432,60.55367780561627,49.12449339214539
1048.5201121804039,355.946777425733,60.548532112461565,49.130121869447485
1048.4126264678034,354.6296895547079,60.45965169478211,49.22441185214403
1048.0463441224415,353.3785413882012,60.44021039118633,49.24366666027034
1047.8794055643118,353.7312039752758,60.40691785903652,49.27846195664507
1047.2946494248815,354.7879757262596,60.403190429950236,49.282724174052994
1046.3299277889494,355.1963215361075,60.27273580218688,49.43062024280324
1049.8517195535323,358.82628569226995,60.27196509727053,49.43154712838484
1051.6332869476362,359.309946982753,60.25476212516397,49.452749878439164
1019.3279203363834,403.50134094226064,64.86620488136066,46.41214030415038
1000.5847613753001,397.4114165426415,65.80199332354678,45.57669502837643
982.2266066348574,404.0654070607014,67.30852115770391,44.14868454279379
984.8157119657601,403.2976855333942,67.6483416161986,43.88860657651888
979.3730527686555,403.7042005317253,68.69141681582768,42.877195185708835
974.332381172213,403.77566493029207,68.79069003953545,42.801950569609865
984.5471147935269,404.239847541219,69.57138019131692,42.03863366387718
974.505858552729,404.60847406402587,69.90161339129648,41.790716721464285
976.1161411326144,405.4290908977883,71.11829073946022,40.89274218584781
972.561945440354,405.1216186711948,71.69807094081465,40.42910089513061
976.6046093648837,405.54100568480976,72.07985467927962,40.0802853031978
973.0791217941153,405.09091800955866,72.34455395716896,39.8850422004834
980.8228908512697,406.02615231578676,74.07473587459849,38.29816518629955
978.7834604080527,406.08501614361916,74.14771878938316,38.24734995817934
981.8330494979427,406.24286030060654,75.18871261430289,37.34071395657871
979.6656118565974,406.08505734264145,75.26710911052514,37.281704143653755
951.987004356436,400.1065862089837,75.37782981763492,37.03199472334728
950.4267782843308,399.9849564660037,75.35436463968651,37.0085915520462
951.360799053995,401.2580881084755,75.49278972747908,36.856250119214536
950.7858925993949,400.9744163200185,75.47106333003865,36.697872277270946
950.4443071843455,401.40606224297284,75.63798456306503,36.5604437688791
950.6697168572896,400.65041881376055,75.57056562759045,36.56311501431997
950.2746829858918,402.1342134025312,75.56974416683772,36.50562129004098
897.9904609009355,335.96486304089206,69.72872636165235,41.50687389320209
895.9965220709215,331.805039927513,66.6528003488899,44.06795421725022
899.7741995202479,332.6953831416691,62.90977903406907,47.380767449430024
901.82390905976,329.0003574791795,59.728456258984636,49.66002613753783
904.4009034135712,330.71842363067435,56.66415775979717,52.025002671675736
902.7205542357809,327.11157911336187,54.84598066905826,53.11503304922677
905.2270843440949,329.30118746021765,53.23261489517921,54.6178725917823
906.0450189468974,325.87168304443827,51.9559660453236,55.14216176544316
908.6517412064677,327.7411084780935,50.33228135284288,56.22745812255889
905.0247552854426,325.2468912127645,50.009146719063295,56.273143629779426
906.6322907624818,328.0327639747138,49.31579951223806,56.55663511302195
907.0996307630948,325.5680034171939,48.70489843833851,56.831460717197466
909.0027890692193,327.88084657539844,48.32083138167724,57.24953517730823
909.4418327120349,326.24748019912766,47.809286584382484,57.39944187241561
906.5246109315541,326.04320434757705,46.740634899982695,57.75619862559789
909.3066288528021,326.5637262607231,46.50376513796163,57.707275303684995
906.1692821827145,328.26744900264714,46.47521341054049,57.36804471317801
907.9064313835352,326.362415270759,46.49640007626654,57.298108009397495
908.7363165673197,328.6099647787345,46.85919888823235,56.74267144995903
908.9609643809935,325.66882279386584,46.76364156883788,56.69689631859161
910.1091130036999,329.1309891731996,46.95138863685568,56.4574595522031
906.5056362103206,326.3567785295545,46.805669169872665,56.32659865107781
909.0997596774605,328.16009551827824,46.97051013766219,56.30963723909049
909.1575920408739,325.6529196419145,46.8272003165153,56.33352811916787
906.7534813463941,327.86271691592054,46.490901422729294,56.50101500349831
908.7760914374271,324.80277221134827,46.44239869366629,56.49013277567994
910.8012389685725,327.2525512362978,46.508517224667585,56.59896181455662
907.5642042509721,324.54586886561196,46.22271517701935,56.71055491515065
909.2692136153704,327.53416341354455,46.34069751824542,56.776098196909984
910.5662842292659,329.2716063584137,46.701244124240375,56.205195423321605
907.7717082886895,325.45831173435283,46.208841115714215,56.39429849972084
910.1999584443492,327.2915129640737,46.483496772107216,56.39125305970353
907.2847313629374,325.0905766869005,46.384749808832254,56.351334079626255
909.2699831309038,328.1702355871032,46.49986429200335,56.13593975257894
909.4375903338557,324.99140108111004,46.31647322794611,56.23931436911849
910.5388686210008,328.11710230778624,46.45010544683839,56.26017735003117
907.1411555208613,325.0758553153913,46.19021901360303,56.305513799268
909.0146459805773,326.9738491081305,46.23618586333595,56.678932150984515
910.505888016504,327.8321852213389,46.315182552057,56.411405480063955
907.4162890415042,328.19716465004876,46.78038361484936,55.75509482208327
908.2677068166582,326.10164000333634,46.63963166649305,55.75930501180939
909.6273355202981,328.02210446786034,46.38177023814095,55.97743904052506
909.0665998521171,326.1545540149276,46.324142253137474,55.946095263315534
910.4462201252543,328.21412070104407,46.271797535110096,56.05243195715322
907.8880109897871,327.83302567784494,46.280043389357616,55.94352503490061
910.4622332606181,328.4343053826979,46.99746217090718,55.81568350449008
907.3133820337523,325.8261439600807,46.90700582642106,55.8448449041068
909.7144535830449,327.3633804281618,46.80501989336322,56.05685811677886
909.8321427181743,325.49498106710723,46.67775136550734,56.01258827542662
907.1798858518038,327.63401701144454,46.63278351560691,55.99792123294345
908.5902280283692,325.84898513606845,46.36516446246369,55.95356766916621
909.63975876917,327.8351715839406,46.22691483427088,56.09789828370631
909.7338331198135,326.0437275239974,46.09237209180332,56.011300119336696
911.613187918196,328.8916296941666,45.94395564498665,55.8617899913396
907.9018929027043,325.51033120070275,45.73971319077104,55.96377964031571
909.9937166490955,327.59719929195296,45.989025731405235,56.004371746847255
908.4289888137403,326.86746983338145,45.99427557440287,55.784890010189315
910.0772101535792,329.3649027743672,46.122340512675166,55.574538555402924
910.0796734923166,325.97590587325493,45.94304803160125,55.68567702239182
907.5931884975587,327.9511760328316,45.9201283574208,55.922397330985035
908.9569749412454,326.45982289742136,45.7505808301546,55.94496504246411
910.902855077531,329.6096827173398,46.0104194879426,55.70260557489899
911.5645527166713,329.8298556611699,46.15582749621428,55.21693151345235
908.2233561390698,331.2269255548507,46.42702489641242,54.87172437379584
909.6392014759973,326.7002213467165,46.218908717872864,55.07595829055259
908.6624791076906,328.8174971659158,46.1053595026888,55.099654504479346
910.9989245852454,329.6862067032743,46.20749820685056,54.99787152099463
910.1091987409862,330.0635707648017,46.96584186409588,54.25932852327591
909.7874485088133,327.08345748256613,46.74303894413758,54.41819352692547
907.570526978759,329.88997147795374,46.44048044632409,54.46426273082191
908.4774433428471,326.7126280402961,46.367387302116924,54.47024479122622
910.3866952127651,329.18271275818535,46.20754278202272,54.9957101782933
907.4505245983045,325.7282103182211,45.93379398027367,55.13362788857451
909.9893628874311,327.4039759231651,45.76141038984406,55.61791401572266
911.8008585920076,329.2482824455201,45.69509060010646,55.37503737924641
907.8939055345776,327.20842874037055,45.75986217440835,55.588969204370855
909.9601251693567,328.37369473745593,46.05138406741721,55.24221187221796
908.3234510916272,330.24063436528854,46.046481290182754,54.980767614111244
910.4429209426377,327.50535079204013,45.82376072726106,54.86971883577294
908.319944989382,330.2098719562577,45.74489879099903,54.56177075324846
909.6470232265298,326.523414737745,45.61605927036252,54.691769083096155
907.3039121865249,328.8131393414319,45.3645410244444,55.09173767662558
909.8331672583097,325.92790711728776,44.71594442076133,55.37907357724548
911.0067775891198,328.5653821447821,44.61505020567447,55.491999556039715
908.1761137351899,325.18439055595167,44.1456615896817,55.729321669552675
910.7762994183001,327.16203208794735,43.90591730247104,56.516588501801536
908.6780298033059,324.70847579950845,43.41059633348509,56.4899733374378
910.4608252401457,327.9447735001008,43.58109850408643,56.58784731567823
911.5052535989104,325.312517532804,43.66288583143323,56.51377721139232
909.6214341068785,328.37145978140944,43.70029448407601,56.27094230524601
911.1423574337529,325.1671937891537,43.777487604268366,56.28054183278719
908.7915143927223,328.2856587964828,44.01298144084592,55.88280420857095
910.20996380873,326.5615866410811,43.947430369984936,55.84252612557556
909.380922979482,330.37839995101046,43.63783264711044,55.51638937769555
910.8995497177599,326.2166353479914,43.48264851984347,55.501741856438656
912.2905569012971,329.50900079609056,43.817661912321086,55.37756222214225
909.1239584432419,325.09746883765473,43.51738829315312,55.691726450293245
912.141749325215,327.2399596273878,43.13634420697196,56.25571862189521
909.5254277245865,327.21515270967075,43.497921791621124,55.86274850895546
911.4028076164769,324.92102633967056,42.77006229928314,56.261578164696836
909.6118762648167,325.5900936247166,42.83873068001756,56.35568670335424
911.5738552212177,327.51550641135645,42.88520528712812,56.174522413567445
910.2335286003502,327.3152744720356,43.06361095691825,56.04318000205958
909.57035096019,326.2459767975465,42.280993926218514,56.22523297833412
913.3191184065284,328.32386817867183,42.71316179233076,55.81489594438551
909.5730182328549,326.2727624251475,43.05606776330447,55.605246413226176
912.1303863551789,325.75714086273115,42.93946946955379,55.095939902171686
909.2576561172939,329.70947423956096,42.67719898447783,54.73100179002207
911.7112481422151,325.8418704005892,42.604296856022174,54.747974452096486
913.2805605299782,329.5717820471352,42.91081029651473,54.54630173654971
911.6354872075694,328.82774373693604,42.9190546280997,54.773253746047104
909.6454920823759,328.0078166778837,42.55661285639215,54.88917135406573
913.4320045079967,328.23848220501486,42.76963117226488,54.98998195667905
912.0854688417279,330.2607118744156,42.135957471538184,55.24585087257721
912.8157553788832,326.9037912202519,41.81503688784347,55.29896420315202
911.8011096555174,328.5835116698136,41.71525280738384,55.43719204716207
909.866799051501,328.0240967636652,42.01407268485028,55.35677974443812
913.3855669447106,329.90015411205343,41.88700881462975,55.66941381169973
909.7892669896546,325.87564552276706,41.854105280070094,55.69740247159571
912.4251870609709,329.3673328817021,42.06179976344471,55.26319395627082
913.5839312704471,326.2267372222094,41.87805844532226,55.24095519484244
911.0447493218572,328.450844382673,42.08493663235791,55.117459349257075
909.8754596542727,325.3663033442222,41.86924736897039,55.05592056510508
911.9028681355402,328.4950320072406,41.8416377810083,55.3896173375791
913.5359691405206,329.7485169498617,42.191689862310284,55.1041938638512
911.5062675768512,327.6299492337993,41.93977363845276,55.170234401566745
911.3842157437564,327.4202532727021,41.725566462128334,55.60105289551777
913.6251676536647,330.0437636062758,41.90635185129611,55.62330360211926
910.0175541756947,326.3104174391787,41.84718238771087,55.52487857715194
913.0236482874966,328.44667927911,42.155288544295296,55.597805775432704
910.3190329749627,325.3884165299159,42.017738106283,55.762782220628814
912.4389796333943,328.21283996716267,42.453326585684714,55.58053338004028
910.8250133128505,326.2215299630329,42.262862992259954,55.58616292695038
910.4093126561161,326.8627723906349,42.45048914064784,55.71583679939218
909.722641098946,324.9785628695138,41.92953942356688,55.67525487270127
912.2757705288343,327.4094956074099,41.739562740761926,56.053918457272815
911.3078274185663,327.64186653590195,41.82855135921652,55.93610933930817
909.3677367972357,329.5445604193158,42.29433250116975,55.45933270796325
911.4525568548802,325.8559365265868,42.36558002778737,55.25049374339068
910.2135232235453,328.06824439603884,42.44485859989025,55.3235882324529
911.8128677178216,325.4759502631251,42.15504507673057,55.25657718645174
910.9941743405113,328.9604233416171,42.404823184004776,54.78663396296997
912.5594810772891,326.31085662752537,42.2343179906312,54.723813655801905
910.7455015657926,328.51021896364284,42.050672513807356,54.93933868983532
913.4892825219092,329.266879458296,42.265099775463064,54.69261366019238
910.1276056367086,327.7347073215446,42.40803400545914,54.631792948038466
912.1648903346492,326.5489681589579,42.481127249195964,54.51972120149549
910.1532578915837,329.1930870234473,42.94350456017709,54.15481664054654
912.6972126443528,330.5481065543238,43.15896266938502,54.217880815945605
910.0576919838612,327.9014489201188,42.90270373554654,54.618748612736965
911.885008428355,325.26624371569216,42.63483465767043,54.72588950178433
910.3276510392623,328.0469491989422,42.519817160846856,54.880090946783326
909.6809342607067,324.9516595299023,42.207566914399436,54.8242432256894
911.4249538442284,328.118358795149,42.40522840233966,54.585180728063534
909.9047722721499,326.2382465145178,42.137951709231714,54.640840002689544
912.1715626840901,328.5136969891501,42.56175642535987,54.703041012653486
910.6740880125485,328.1350040109055,42.483565147257714,54.798964483352336
912.8501169938114,330.6431763656768,42.90606477521649,54.52238398737182
909.7355912967922,326.1094371607569,42.82032162884966,54.58100848485812
909.0766941399243,328.1418159706575,43.06086426984072,54.785036341741524
910.9344464059515,325.9818370949825,42.871932680520146,54.788297926099254
912.5922989159186,328.8439737170889,43.05591461699145,54.89336847766288
910.4951899005164,325.95907317295814,42.574799624724626,55.128558340796175
910.4592557566752,327.50139843978127,42.13536430875768,55.486761496343654
912.0098503921332,325.61661237413836,41.81373846481326,55.48522356979864
910.8182317332037,329.28445603003905,42.44767756775991,54.87322009207317
912.9974151378524,325.62371322478174,42.59087240015569,54.96182224921867
911.5411463815541,326.9787211100854,42.372234394716315,55.50502870570796
910.9918247964036,327.07243553011097,42.22392991887616,55.324151423343
909.8128094493682,329.4063527158909,42.48215978782805,55.09833079232277
914.50753201005,329.6652357468014,42.86371648226026,54.785369404292595
910.8612292760752,326.78522516597434,42.46337456251475,55.18876024062935
910.3268459542846,326.65546346517453,42.52032530052484,55.38169422715558
910.1069335123763,328.3805972851624,42.4229282757722,55.47061330325952
911.3825304693664,326.19030495374415,42.542092304372964,55.264216192719594
909.8519023564978,328.9186536322328,42.62822870093242,55.05088555403451
911.5877139911466,326.3041449251401,42.48017830570397,55.10550931435026
911.0319528493619,327.87640219415806,42.524217760179454,55.28957539421897
913.4168309180595,328.31311836292633,42.641883230755404,55.0386897295035
910.9174763567962,330.3800661855339,42.723100917277364,54.82175003216436
911.9018372389902,327.310589768928,42.26325261556649,54.93834444786515
909.8030115727535,329.2144704680957,42.43781740018838,54.67712187933315
911.1462491907429,325.7128958063669,42.724063979318736,54.491581494081125
909.4006844251229,328.6556609530042,42.635899782683865,54.77704262155241
911.2207639974188,325.558566565262,42.67412351162734,54.73638146722709
910.5774223893302,327.906792242483,42.30947232285913,54.98123813433065
909.7567542879282,327.12974382743204,42.29484355507455,55.171947022118395
911.6610268641425,330.0656390245436,42.791054567196596,54.89273694634619
909.0683081422098,325.5852785511635,42.78100355815058,54.81023260471518
912.6331891488903,327.6266227456659,42.82806611449171,55.412740138562064
910.5998857991291,327.19598721515894,43.04262918532173,55.41126025210052
912.0350536064992,329.867538633821,43.30367389017671,55.51761315284402
911.283090589209,325.2365128252216,42.643325709058985,56.086160436546706
909.9495878383865,327.6889170172181,42.49778734168531,56.1804508303247
911.4108529961653,325.4036982215547,42.41378685133838,56.05190046083618
909.2462959122593,327.5761091021682,42.71655576615963,55.71071792080057
912.3687541404328,328.18317310220215,43.028642807890115,55.550115487787366
910.0609804242347,331.5277825070376,43.225089955709706,55.10219058528196
908.9704492223467,325.1457465557855,43.37472545290016,55.16546826781551
911.4245567926212,328.2453536298671,43.240944878848936,55.666777019279984
909.6357515187733,325.4319524803125,43.028910708374596,55.88642666564872
912.3509807662377,327.2038402344262,42.671881797948785,56.348658828777545
910.218151403414,327.48544282545566,42.4678277893738,56.56595852905424
912.1044964890826,326.28744671881316,42.46728002831484,56.24345847282328
913.1539854986189,327.85156091004444,42.74325790180534,56.09411550257682
910.2495178333966,325.8610495235849,42.517091341686026,56.27791542278906
912.3488188709848,326.7493721724009,42.58477659332212,56.06747991824787
910.1897546594781,326.7867817919194,42.23818877259178,55.968095757354966
912.4324800512094,327.5607755876635,42.50762604683785,55.81302615655123
911.0585958239064,328.6383585334406,42.48902253603538,55.86713598750065
908.895740944892,325.15188862316427,42.35636876104414,56.095111208443996
911.9601669059992,326.86720260639174,42.38506288222582,56.207865409805166
913.2573395374551,328.503157375011,42.62470318640696,55.96931087020149
909.2999198800518,327.4245095805919,43.054622476341855,55.539695257562684
911.6642980911103,325.8427636267307,43.11782057158935,55.2989897108326
909.11313602803,329.45709003408285,43.50912232073584,54.80521829719036
912.8127108871702,330.0838276892955,43.49896348151423,54.99741120728507
909.2321830031672,328.88985874600894,43.714032024941325,54.52532488006727
910.9274395003331,326.69312416603793,43.71578005889934,54.580215815827216
909.6301607110931,328.80737498770475,43.72883114667191,54.726604976784294
910.8117097250055,325.83055595001747,43.51839873392893,54.95933297983216
912.989855920966,327.60758565250234,43.312231845547956,55.628032821688684
910.6121490971371,328.2497610590738,43.01508945530281,55.720691519539585
911.97660955306,326.2130175777559,42.61837169325264,56.069623705030025
910.4509293992074,326.30391256411104,42.70685973418831,56.02604329879373
912.2751292485942,328.19318098712756,42.778954544157976,56.35070164319037
909.8706963141119,327.95645194098495,43.2212785506348,56.04370891455284
911.4764980608777,327.3264997426667,42.939867766072354,56.353912657636165
909.9803156254887,324.9620681753077,42.530646581094814,56.28183432506905
911.814414420887,329.1688315421287,42.80243259663678,55.74165773485969
912.8923680951783,327.06071423924004,43.22176180696826,55.15964166543566
909.7425331307965,327.3036362679252,43.286674312331066,55.073979467797
911.8032957066713,327.8298765430332,43.08501596088957,55.0214905133261
910.3961076949588,329.23759965432487,43.08966431555252,55.224036548814645
912.5022340871528,326.5105416614642,43.108773397161826,55.26833817677842
909.4999383344223,328.6227364948404,43.55063363660115,55.07029137883091
910.8011976984304,326.40799428974293,43.52141574705527,55.28982009673465
912.1230790355585,329.66160386292495,44.00414223524418,54.958253454337914
908.7085573294863,326.08271345708886,43.76534697856534,55.124010797992426
911.306098855246,328.239445660022,43.83676201588257,55.21551560751927
910.3410368717487,327.71866286168597,43.78172956598421,55.1211937005674
910.6873083876685,328.5888998791124,43.388089015938924,55.50983453197129
911.6798830818457,325.93000076921845,43.18324239056991,55.589901295002456
908.8424097736882,329.3648307898655,43.85719670875838,55.04572314534053
910.5418748512805,326.0039515659948,43.54062300651589,55.24353006262538
912.0036891215543,327.6903842068192,43.440175141474725,55.542211717011725
910.6526385785144,328.03815980522864,43.06852215536538,55.95735516702819
912.3796671506029,326.8452623759243,42.68023372990774,56.380114799768656
910.4053803204876,326.51146110578753,42.62736686508365,56.47139693026732
911.8963293479727,325.68575754230216,42.283699372323376,56.68728293144461
910.0216243074927,326.55807121063646,42.39345338638879,56.60485401911532
912.5447109572198,328.34169186898305,42.675146641194985,56.61394169526579
909.3909256370013,328.7486396048112,43.0525291026158,56.18662296554325
911.051360847732,328.0789936556021,43.133921368837534,56.05169196547822
913.5813169555039,330.1066451430359,43.579644891666405,55.68017943593836
910.9512252820068,327.9550863952693,43.22594760435271,56.01518946954232
909.0694694758922,325.6296864512288,42.90734213589344,56.08327527681269
911.3528910278286,328.12797613196665,43.14115296649943,55.9380848466114
908.9617089608787,328.8908856997974,43.57738100725955,55.43970280182365
911.2815637433365,326.6760447449234,43.17617299111112,56.13401908237556
909.9739325455513,327.5076226547638,43.37529006197453,55.93364993719425
912.0197023464546,330.2985995229267,43.399640009423464,56.038461871644785
908.9501784490249,325.41710315817295,43.369781592429696,55.92693239198475
910.9196593195999,328.16490296270297,43.51007066381011,55.74959249895869
911.4629539140677,325.31497350479566,43.22721458530242,55.84911724729284
909.0078440885916,329.342204386134,43.31627582713595,55.33299986785593
910.1417823758939,326.13482568177017,43.25712089025734,55.338808378268126
912.2838434614242,328.8389680901239,43.1967721986582,55.777371572577536
908.8811275327905,325.23169401833655,43.16643774046553,55.809273918422704
911.5277628449966,328.7958811486302,43.323103505976334,55.74420551263277
909.7022060352476,328.0229829475005,43.682849594651636,55.31330804625513
910.7543395078274,326.93381078204646,43.319234018587,55.81330300143843
912.194329771486,327.9468680780565,43.32367817770166,55.62303876742762
908.0637684889133,327.72497763117,43.68408253071929,55.2696008616095
909.6186149689314,325.22202203422165,43.625007742374905,55.06881316100559
911.7136280896356,328.26880131959393,43.63596597896353,55.53462844585181
909.6489480850038,325.89917576291833,43.479443515235154,55.63714793459978
911.4793766131866,328.08502845288945,43.46047460050154,55.83693093508969
911.8580537947978,325.65852183180834,43.463175481248186,55.81349459229091
908.9480311340134,329.027956759046,43.66532329228835,55.43136235149355
911.0418430586441,325.7562292748415,43.64638821713573,55.50549130061554
908.4672740790414,328.50255727315147,43.73281159961992,55.3460414807533
910.3335964838407,325.7177480402802,43.729016201032245,55.45573810964291
911.2593758755851,328.38981781099,43.61460033803748,55.58549554850895
908.7163229869334,326.10314006240094,43.609804263686854,55.593984502870896
911.5722720668496,328.15254239940043,43.31419829440624,56.09330862449569
911.7191118855515,325.4136146368705,43.12014212105026,56.11437370232043
909.5628304080149,329.2255340123065,43.554875524426656,55.45059554791437
911.7672776702829,325.47708191589317,43.58936707777155,55.480913150927876
908.3319528611678,329.410906818036,43.740046469713945,55.14524338433147
