608.5,344.5,17.0,8.0
607.8097043678493,342.27352064847946,17.122447094255403,10
607.5369335995988,342.63734617110504,16.988278242572868,10.088396802019787
607.4113091589957,342.0556606853031,16.586292939990958,10.170660991664105
606.5951674745806,342.12100749691143,16.492193338011,10.13731121560306
605.6064615424882,342.36748131383206,16.416661495683357,10.127031892165643
604.7475117093175,342.48962350351957,16.396993618041584,10.095316526028567
603.9053863507609,342.2615700802577,16.41370306966697,10.182262452170761
602.6138089499178,342.45314638156833,16.386751641571017,10.182956162310832
602.6176443317795,342.6800782383567,16.21225540453899,10.144679724954312
601.8717673711825,342.57380665001364,16.130678446521568,10.184028776345858
601.3554026460927,342.49769196835445,15.99916634434846,10.197238099032917
601.5094935794577,342.40565781775183,15.740053442635968,10.153621231852597
600.3258212596812,342.83643259166746,15.799328137807349,10.062540991920892
599.4400545884433,343.2920783534646,15.771146915006035,10
599.7973881850927,343.0702266032632,15.59833678547755,10.001127866876937
599.8398718319827,342.7818432976343,15.299939057232262,10.014324693970325
600.3521766811632,343.0039614662528,15.214705653484202,10
600.2599106448356,343.1932585313916,15.275059428321569,10
600.5930636715968,343.2822731360793,15.167303434594531,10
601.2377382267991,343.49440858513117,15.086014588777337,10
601.8867286201047,343.29717641784356,15.025453288212052,10.038771411506218
602.1668496332543,342.96369544784295,14.766554166480653,10.114539317884677
602.8411576153666,342.69524254168283,14.611872046822224,10.11799059281323
602.8814799101797,343.37500322321733,14.525758920562048,10.055174952553143
603.8602954187702,343.77128716956315,14.67896417085235,10.063626490021969
603.7652567958625,343.8472608998418,14.530338708185123,10
604.6461905077266,343.5651705741341,14.341705961771488,10.015399554480172
604.815888708947,343.4446966955242,14.252188025460114,10.051489023530976
605.0608443882513,344.1233656777896,14.30147929737127,10.052954808084626
605.9525201980897,344.00592796838885,14.303256271139492,10.075623922812877
606.0648528795948,343.92352577774574,14.464724072296512,10.062163924597687
606.5221600230201,343.8446211762429,14.512517970451151,10.076036851167476
606.3578923919562,343.8508153267263,14.718250148026662,10.119917454558902
607.0913808857256,344.19503028856474,14.77451170018377,10.113807291204548
607.4536872843133,343.80866653118204,15.047627727623723,10.256586785988617
607.282509616938,343.91274251044604,15.225218062030942,10.18645513428622
606.9433991526479,344.0842485058874,15.42404377986832,10.122518408334221
607.505253264043,343.96631780852215,15.414398820017613,10.122546322110585
608.2292187066095,343.7814821964662,15.4448865235229,10.171366607663945
608.5681538116919,343.9559508929583,15.525446436687176,10.14177090402793
608.371590380639,343.1738428355562,15.449813613038172,10.253668469675961
608.5672010675679,343.2721908164204,15.378788212099764,10.30455378126485
608.8209187355003,343.21725545316235,15.348723048974072,10.268583922549201
609.4675684220801,342.76559117023936,15.20290452126563,10.333431479388654
609.7962001323525,342.6385513972581,15.138530469255024,10.310305736941022
610.260571161567,342.6361784693659,15.141427366896048,10.243970513182685
610.3218812640112,342.54517917840303,14.946335334739238,10.146391780254767
610.7149088806021,342.6688860613139,15.000333600302083,10.165163238489308
611.048270073885,342.4181435284552,15.101214193873464,10.10685811017225
610.7095958211979,342.7527450325202,15.150490735460437,10.033592354086828
611.7449313238669,341.65020895588106,15.187933019001685,10.220369696116299
611.8793078079447,341.55063558025955,15.411194607969588,10.17741735594872
611.2817864513593,341.5301171662015,15.558105855228396,10.190182425135967
611.0956201866202,341.2120605761403,15.537349656517087,10.253836861209269
612.4319088539065,340.1181954668298,15.452932121520178,10.533736722278695
611.881478756195,339.6226816256705,15.486523587733405,10.706599757971704
611.8524029402219,339.2356075405441,15.338790092492914,10.838070978723536
611.9392412316562,338.75613025800305,15.349129454224393,10.890220803376703
611.990473879785,338.9244230162538,15.473786598900857,10.796832415051828
612.2808364269157,338.6399832773436,15.641897425927109,10.862091983585785
612.2936981340639,337.6333065016293,15.810979648632584,10.876395752261399
612.3906469799558,336.8142947091272,15.884846405968297,10.92649080371159
612.5640467265928,336.7241298160573,15.900247917914774,10.936718455504327
612.7611323387277,336.31332765800073,15.779893636813643,10.971491809913179
612.9512611554794,336.35175863440406,15.786048862273116,10.867709309397696
613.4094568796359,335.93551088787837,15.828470544815948,10.899280799324803
612.7387974319997,335.3131441922692,15.852972990922867,10.84158081899937
612.773803384979,335.09859271374745,15.830017972263004,10.707364510200332
613.0975075460638,334.40184824470987,15.83529857059158,10.640545254115032
612.4409411932346,334.20577205205933,15.740562294888443,10.534466854284672
612.9132108065851,333.9907750333183,15.695683178660996,10.60315428404354
612.330936247186,333.5695793590996,15.738548938313137,10.537851948379885
612.5909357884331,332.84624614265863,15.82031954156421,10.573345633649733
611.8129437378967,332.70795084977715,15.77270147169267,10.543563755709531
611.9893337590546,331.986525999047,15.685899944524982,10.535446860566509
611.9558310446971,331.67458471463027,15.69220713224458,10.581879213583388
611.6788401703037,331.0045243955882,15.581526460281804,10.655898252927907
612.0794570728542,330.8489542409781,15.646097625445325,10.659696420281376
611.3861399111257,330.3895901464466,15.70620471101001,10.688911653202032
611.9870543634485,329.4179141803082,15.8451520114274,10.752975984961582
611.8758255099102,329.48923041823144,15.975906758072407,10.71842494676243
611.2752108259473,328.9917986393865,16.067148747877877,10.814031679005188
610.561421929332,328.3483372932928,16.071907403535015,10.805356817939426
610.7188210791842,328.32993438624806,15.944676069649265,10.656488992850631
610.9050107585928,327.9645024368424,15.86403894625425,10.616003640391712
610.895924244427,327.48392905704594,15.926612096602463,10.671554441751699
610.1154355312237,327.73909061738755,16.09010891597611,10.597599935503748
609.7790757241676,326.9093709447428,16.077980281129808,10.673346849343229
610.1777259974556,326.85354648956974,16.07421449026067,10.609635556900114
609.6703122710472,326.6983934904195,16.180864984516298,10.578357289968539
610.1100279163162,327.1080118481245,16.16208518705097,10.464802017772996
609.3661826393597,326.6826806084905,16.115683553082427,10.442755938004627
609.0806116320866,327.0284422713876,16.281239265348287,10.298048424798216
609.3266673835271,326.40118667950117,16.193777526766496,10.347407693020894
608.8928289300094,326.8003001618985,16.341438967588857,10.20631722810791
608.4826142413343,327.15827461228315,16.47361011425275,10.095303675372465
609.2662739751747,326.6023369440035,16.234924789447682,10.193046869864862
609.6649725887074,326.5675429692522,16.120937551262486,10.213744191446825
608.8601750829457,326.67635372738414,16.269751226955123,10.162108855488448
609.2985497176886,326.83490776559347,16.26888470225844,10.179573481716009
610.2892210970584,326.9940909098741,16.24894614788743,10.197718030232847
610.5974654487138,327.23400016504525,16.259248802570596,10.178677011221652
610.2670296063857,327.56050864093214,16.23626543046427,10.057632408137913
611.3532798242361,326.7926141812794,16.091829007290976,10.146114813657103
611.749467959651,327.07871545775447,16.12412996538859,10.100451407607132
611.5687103800182,327.357809806264,16.133420119027626,10.070017911450885
611.7707237179111,327.6707046202356,16.027350088730575,10.063002399546978
612.3190832404574,327.1636443815707,15.922537924970335,10.223959574932135
613.1003726259709,327.43128031327973,15.846550254636231,10.253118902004754
613.7931007875056,326.9744498547245,15.586791425119747,10.33715308009008
614.2923080855286,327.0308074473639,15.509844014094359,10.298879998316472
614.1160494156748,327.14827038095854,15.487281066345481,10.296754868150504
615.0024947171902,327.1931405479761,15.495877570591574,10.370350855826981
615.4153598890006,327.19264383335815,15.574951873939666,10.37631929290984
615.133862264549,327.2652668650618,15.663487385303593,10.32089301843535
616.2357177909458,327.17860519685246,15.661240747106293,10.410118120081336
616.3934087245445,327.44871660546943,15.750473686084273,10.41878184039924
616.9328154964387,326.7050595236974,15.780856805198761,10.490571998053408
616.9223838263123,326.9427463011608,15.771342856171147,10.394233647775572
617.3451867978905,327.21401591356454,15.816311666299244,10.380612987287709
618.1360722814053,327.30742717412465,15.925575254704805,10.41201958117677
618.5431696224532,326.4532125278276,15.929335172466384,10.483588264716358
618.213760771548,326.5710873283088,15.972815740869214,10.391813042458896
619.3048307024786,326.4891890138526,15.964455843455,10.392985342042842
620.2100663688083,326.56926047206537,15.909029924766656,10.384434710058285
620.6573351667131,326.69266483398803,15.868763562038762,10.333396145576618
620.5370692032213,326.6349184831445,15.889054642745943,10.286324688824106
621.8415957580497,326.34773394302835,15.737476956902167,10.41957657178122
621.2768756692967,326.15585393142,15.95677590477854,10.38363492935812
622.5627319713324,326.5193252477954,15.833530316927465,10.472373098475684
623.2480196267626,326.2985739050824,15.651345618669303,10.478259052258075
623.2334460136333,326.03722627671783,15.722242311138391,10.391153970242089
623.4439111178267,326.60032325254036,15.792706413941314,10.262573389015547
624.1158945311996,326.0598112509073,15.782909332640585,10.368541399678447
624.4220743629256,326.3743191464519,15.878504731577966,10.387039355804442
625.076954663596,325.6773484337372,15.816726155383737,10.488165095961556
624.9569038521331,325.89219525079335,15.943797933250599,10.490705153064782
625.5427506297965,326.00163058209023,16.168320889650133,10.53787359374068
626.360065083537,325.5581971081886,16.18083176984301,10.63086639698975
627.0505544867256,325.91423792305227,16.34202432252815,10.655123680703166
627.2610526657616,326.02786226480407,16.38053933392297,10.593337520898276
627.8155058763028,325.94291312832166,16.448439362730532,10.61511813238696
628.2003218841443,325.58138288306276,16.46517243884846,10.694431770030015
628.8510176292627,325.26672737871877,16.378301641436895,10.710209162652063
628.8071295764239,324.87812363579553,16.39540679223129,10.731498443714113
629.5281798880267,325.2413049822872,16.3408057398725,10.761521494348775
629.4930168631964,324.65671132209553,16.21166322156556,10.824288178555062
629.9436321173362,324.76938647326745,16.122152846113742,10.813845224367258
631.1115759163148,324.77692101378443,15.954479330874317,10.797627335982668
631.2580933709656,324.3654475045026,15.905454080267038,10.811628996746858
631.6993580589732,324.5086558287482,15.931782705483993,10.762348011884221
632.7454667179109,324.60515974638145,15.92211615169253,10.84935674790109
632.929427142584,323.84542729367746,16.00235571227369,10.853825243892846
633.6426329899649,324.0189597956002,16.107577871424077,10.936244905441225
633.6107297890801,324.7932569482716,16.226979097448186,10.943438044213064
634.1795837918738,324.4407496370534,16.35984148923776,11.045765367398012
634.6139256365198,324.5231907280719,16.471203774200703,11.053662387822259
635.7671456957748,323.73931473688634,16.51640841010032,11.215328282966464
634.9981276902399,323.9203636238559,16.825978268025107,11.143550905450653
636.9224198096342,324.2106628954396,16.858482047654093,11.128204547151032
637.3487724956864,323.6303200076538,16.84649393161877,11.153704961814187
637.2331356883215,323.96505676600185,16.88206786947739,11.09668973378769
637.3762975870482,323.3260826527418,16.763653023664023,11.187738417499306
638.3741169888242,323.2168547882507,16.647137431018912,11.292176987734699
638.9390278269582,323.20958300206826,16.587407598356087,11.348385197724864
639.8956841800425,323.24307355568413,16.65889546935112,11.41184593495643
640.2996429970904,323.2777131063721,16.693259176808205,11.468460500920793
639.7372215068393,323.60413254355296,16.771480477050574,11.348952126684937
640.8979107834656,323.59918887550646,16.82589943394502,11.392575345268769
641.5081400309562,323.73802022713966,16.8827453498984,11.348119912505489
641.8894730105103,323.7488522938321,17.121996991421916,11.349214760333538
641.8960442023332,323.4021701854598,17.01520454986409,11.335903626412158
642.4700130967932,323.1282774852559,16.94055913555514,11.37607161282223
643.5652001752266,323.5613501763747,17.006787265980776,11.366367191945674
643.3278655864789,323.36449532262253,16.994437888073428,11.317985583465148
644.133939417089,322.7615200271671,16.911783558762316,11.372400901777894
644.5873226257028,322.99666396400613,16.881698409749955,11.294369824459785
644.7505892206842,322.95983964258875,16.812700975421347,11.231904048787888
645.2030647326665,322.9441775272002,16.758502901171624,11.14625110200457
645.4386486666291,322.74120082984416,16.624081189462057,11.168186522578514
645.811269438307,323.29227535180826,16.47978464198627,11.202645364010998
646.0620252860065,323.64180000407305,16.27496499013025,11.185089818636728
646.7233527576736,323.0460717350955,16.204143604878414,11.272270414743065
647.8317062848703,323.2245867741315,16.162988680230647,11.425455321087949
648.4512151914541,323.1289209067068,16.13147299375658,11.448295826522433
648.230131104013,323.10097474142066,16.150094466969286,11.38804114557632
648.1519057869269,322.9209558495757,16.15594414625121,11.330092744907583
648.1176736146556,322.90800019129006,16.22429386736576,11.197532804984373
648.1105221848517,322.86702631847953,16.297093172390984,11.104504350740088
648.1621813653755,322.6974270011723,16.459604612902687,11.11689277441135
648.4673757639478,322.48514212470434,16.607676397060878,11.137242691350568
649.2564178701451,322.21007465606135,16.69873764956326,11.20488720829511
648.8722025060351,322.5331306542535,16.87482558384188,11.038708801607644
649.93012139173,322.47613005840924,16.874399094037734,11.081913995318887
650.2828655659509,322.44421165638073,17.07627660415077,11.055468381542099
650.3654360242314,322.614944350486,17.17591936802892,11.024815854058941
651.0103464519864,322.5154922486081,17.36229360948843,11.151021986215765
651.4607727166562,321.65308262479,17.416986445959356,11.324941847446015
651.8020058978814,321.9091667053109,17.419792121491902,11.458173078055378
651.780870712716,321.46355371791145,17.456456781152074,11.552404247518204
652.0539393499906,321.4574834216374,17.493991910892284,11.715003831593844
652.9790970950884,321.0990667490607,17.59637930060246,11.954119955964021
653.5537419853498,320.55323218387144,17.55383333264051,12.115137898445784
654.0159832668561,320.25559855634424,17.605253207791655,12.207310063110945
654.1514629883735,320.8578589294807,17.651136469768318,12.250319181149294
654.5616033676935,320.90758972699336,17.729085310127317,12.239213544585661
655.0531339331276,321.06452794487524,17.801003622809194,12.23073509618772
655.51941516657,320.67508916837437,17.743179372324686,12.282704799877612
655.2495683595158,321.14730517678055,17.664579403039824,12.397518846297668
655.6128062778392,320.993247210931,17.605593393072255,12.492243906114364
656.0730997289692,321.19062098782314,17.650208107099576,12.48181729687768
656.7217975266577,321.56742048307063,17.81317828396979,12.521037806352155
657.0339645273988,322.0538107330171,17.899669368127668,12.592239693048295
656.822669798356,322.3680935482963,18.154803614931577,12.49542062878547
656.844107292686,321.98551054383836,18.327104195328857,12.457256097044343
657.0255383730286,322.48913907969467,18.43801870295388,12.537516644464693
656.1011902888263,322.9518885867676,18.76597901148763,12.391023277024525
656.6281500739777,322.4626752400919,18.587575438594587,12.41508149827654
656.5354741783476,323.05456611004854,18.62374315187658,12.318931341577095
656.6977396144747,323.04831461937204,18.56817788154346,12.257346308267874
656.1892292276499,323.59869063496365,18.73260475641994,12.105579198063205
655.8272924371893,323.45770744325836,18.759833435111815,12.051503832950043
656.1358389458951,324.0613889188068,18.805943955164317,12.060774201707835
656.1064151419239,323.8714615261207,18.74717078204271,12.031876188046029
656.5670315527208,323.6509017493315,18.60729948073927,12.038881911296398
656.1085151615024,323.52827858957227,18.493330456916958,12.023949068789413
656.3690875507457,323.41137708943336,18.326286621042144,11.966021218132203
656.0684705628205,323.8321979146703,18.3704923628874,11.885025732075604
655.3826546228531,324.1059243096092,18.396177334824984,11.818661461294223
654.773973416294,323.5594382542794,18.291447453250324,11.78895266947271
654.9143647203858,324.1208095900186,18.192582661467103,11.701588096482158
654.1785161648122,323.93446354628975,18.09119327244656,11.721509408383367
653.7607708689397,324.20755323265035,18.169007143572458,11.658062570070701
653.6159412251943,324.7602639080842,18.078323321693837,11.548710054461528
652.6816058574107,324.443139547563,18.119222989642005,11.562028699858432
651.9615331729862,325.1459594864518,18.2506579025965,11.467500868322679
652.0089651140021,324.9982929736276,18.21741973590964,11.49232390590146
651.6083581232936,324.6906103676018,18.15963082912421,11.53160909371071
650.4961005132423,325.52778166714677,18.202828719820054,11.4543594807276
649.513467458144,325.6151973073414,18.233669714431347,11.433595657060573
648.7580412464307,325.66873852112263,18.270058078981656,11.412430009433528
648.6119365332125,325.7691375684281,18.22502108741878,11.42968917473975
648.1810162010688,325.8577400548821,18.180864535004837,11.43466746751792
647.3839139401244,325.44416000058294,18.219239412690314,11.554177033856918
647.529106885932,325.7182284515363,18.025427812661967,11.518154299163754
646.8825100477684,325.47404330700726,17.885007592619406,11.53826719080847
646.4621956264025,324.93518452781205,17.807479155859795,11.647499155403157
645.8265287006044,325.663275283325,17.80820637045478,11.596961465139913
645.4672077642865,325.3696719045406,17.798297332140983,11.626226845545707
644.5206083629446,325.18414004351587,17.892528177328053,11.715403334337898
644.0494853779484,325.4789717681362,18.047835897255794,11.708985758548515
643.3696675344129,325.6143634365559,18.204589890486744,11.786210845752727
643.0517460847523,325.0491671312813,18.216878142838986,11.853630672259602
642.8034271868613,325.851085281501,18.11170923839122,11.793508418298385
641.6215328696833,325.5771248427367,18.26114860288033,11.787203016568405
640.7848252560052,325.5966837822537,18.328530385831908,11.84465331964506
640.6239505977665,325.7580474663872,18.36548721945656,11.858305270807428
639.9560823626861,325.95333648255024,18.51959021717479,11.925770843570596
639.1234413181851,325.9132909577374,18.591712630578517,12.036826947603995
638.7242668141846,325.60326194712025,18.556931457743868,12.109515488705302
637.7712590645625,325.1272121314226,18.66415805184418,12.180287908243752
638.0129464403472,325.53688442869475,18.56831389533908,12.13874584065028
637.350032254347,325.1890468108455,18.480202910535603,12.10472068982448
636.4531464508276,325.7302503641469,18.460766652812893,11.963118183937311
635.9220554690467,325.4059900460199,18.358717792857938,12.027007913609474
635.1428955291118,325.2332614980627,18.373618550031885,11.9813399861589
634.6472381248268,324.8890826173798,18.37878368990816,12.026720688637157
634.4091110715494,325.37637983228893,18.555367219413803,12.069465726821242
633.1905322829141,325.3561647300711,18.83573549385855,12.173109875692006
632.8100583281667,324.903254536324,18.917071064810223,12.24921906437945
631.9609997374113,324.4396369693394,18.8903883748765,12.30616743563423
631.7293091881933,324.87861302927337,18.902935050008914,12.297901025242783
631.2214135964779,324.1998743029517,18.78921642680676,12.349132912471775
630.7608966175575,324.47097525300734,18.810536451179587,12.360209041325419
629.9771684682364,324.63194387954655,18.725866079938044,12.432777050621901
629.3540291033976,324.8661732219945,18.852978554618318,12.411873073253217
629.4601471773049,324.32708268869027,18.83751951213525,12.421308407554239
629.2451667559242,324.6729672715167,18.882601183048394,12.483187522998708
627.8460086145069,324.64169230545656,19.0442511679704,12.54356750076139
627.9097565885927,324.5276438490491,19.05582638631414,12.575498106842133
627.183251168669,324.5027818352822,19.18046605897846,12.630448248209479
626.7582102606856,325.22618209618264,19.290656524675963,12.524415348402613
625.9434740280471,325.6124513501296,19.513591099518713,12.581944177067903
624.8656556804563,325.60110906768375,19.732337669425668,12.694374203900448
623.9651244756375,325.2761687213485,19.8570509160078,12.735543653895222
624.0304348451384,324.9422463348813,19.859171777281126,12.778324530650409
623.9650208035873,325.61927743510813,19.959912152818937,12.677111432217027
623.5859296476003,325.524605835737,19.880427416815618,12.743019029367169
622.5626442372007,325.54391297019475,19.94918940449253,12.844911415429472
622.7155113087908,326.070207942787,19.89908572467405,12.839464929564993
621.8516139235821,326.14272828419587,19.858494131108294,12.818857205409795
621.2303257564803,326.07171975567513,19.75468403266427,12.883541594444841
620.4494641330825,326.4388494376577,19.944296793429245,12.904201342208365
620.1083077030328,327.3150682230757,19.986046999987202,12.882338975268008
619.1922610174602,327.4498640647719,20.05752442626997,12.941210011792881
618.6403392284789,327.7617077957396,20.0741193212569,12.961477601756421
618.6206350944802,327.2432506728821,20.134178667105687,13.002488772730082
618.2497633048408,327.604948798746,20.203181786942487,13.02283951692817
617.683457727755,327.7516513266207,20.331358355542765,13.131061048092871
616.3443436011369,327.88222952235793,20.54751852787696,13.231253404825418
616.290725047908,327.60716558815153,20.424522888925686,13.270096564261468
615.8770256781143,327.3249241062985,20.350076650180668,13.360449404113812
614.7644265080794,327.32626631710303,20.279802129914028,13.370419118439798
615.1908080777898,327.0790947835739,20.127996407981186,13.38124373404587
614.5101158962377,327.2488326044252,20.214114839002487,13.417512405344844
613.711128997865,327.809387723938,20.246678736989978,13.404183814955056
612.9329895750071,327.5959154455828,20.216400432818435,13.370379222342944
611.4158682093238,327.4129212602329,20.364743858841614,13.434165725939238
611.2201727746898,327.01541368554956,20.415114799654255,13.529578986649259
610.4633821943535,327.4927906434249,20.46105865983554,13.612914346258762
609.0784337787201,327.4317563432062,20.691720137632526,13.676840601297528
608.9489913001102,327.3813322492222,20.78391334456422,13.743675093250577
607.7508953764122,326.89982283458244,20.868143064274506,13.789406692038476
607.3695981967949,327.0825468998399,20.963334560006828,13.859256944759471
606.8918872292076,326.5679674798092,20.744054327670455,13.933111221775327
605.9390765235336,326.6349199239639,20.66169465800952,13.995386826105548
605.3566373797257,326.96085381220064,20.666110089332424,13.963499384867625
605.0906816275985,327.09032522168087,20.811089727179414,13.954146158125546
604.4470759835838,326.428751773032,20.774687729190752,13.962910979159911
603.975496631887,326.81069772900304,20.812207857030184,14.008661501338032
603.0693800023588,327.218807516674,20.835776179067295,13.999445245259526
602.0684319641016,326.9187129866673,20.935738227909987,13.98504258755289
601.4548616766078,327.06683364900147,20.943087748171884,13.958219800501299
601.544565889286,326.71049610666273,21.113975909567387,14.014264667149764
600.9900495999605,327.19056282442256,21.222279404203697,13.981965742433282
599.6545725467593,327.6619478391005,21.39084908639641,13.964835938487946
600.5121376543982,326.81927405126135,21.421670881273315,14.146205500173942
599.9388401243606,327.62601036262276,21.566650893893723,14.117997441011507
600.1873138578229,327.3516878243912,21.64240202010855,14.181763351586792
599.9597546079113,327.69847038268233,21.804870744188207,14.168328597515302
599.8470718030486,327.17300971856474,21.768884559909395,14.188369355338732
599.458730930529,327.73427371694817,21.999920471933113,14.118305605321755
600.128950093803,327.19722506750696,21.972205424384377,14.253233914545778
599.8345321889866,327.32493934533187,22.125946013212946,14.312879445085304
599.8758423804169,327.3308843949063,22.188223419115513,14.342119903592646
599.9326788912178,327.32504261112047,22.283687509415714,14.311264336542752
599.6005894952814,327.4038053570062,22.326110045662084,14.420260477442602
599.585771351809,326.9634232958671,22.29291511704659,14.569214626004179
600.3924941421573,327.37003853260734,22.221705387637808,14.629502738682373
601.0775766041788,326.80788995391384,22.029675858644662,14.694477538891634
601.8364545458599,327.103645219145,21.966521382333724,14.663584872561326
601.7590986905051,326.9893136431656,22.057056980629888,14.74561383324542
602.0515666990605,327.2948719507633,22.022058867400226,14.894534997858099
601.6813278333035,326.8376748984535,21.98086453842439,14.934343414363571
601.6774211618075,327.4807489469685,22.132926247772318,14.905894926136245
601.6100570385672,327.046267375924,22.240649011787795,14.915035556552318
601.8207442484227,327.06340413179953,22.31067143646407,14.988123130514115
601.992229516355,327.13543764911685,22.403764607474088,14.972234900992335
601.0230757823738,327.368251537959,22.61088306290911,15.018144854001928
601.286350077759,327.1044885470189,22.788429239709195,15.07791083922945
600.8539919147023,327.0097396451521,22.94572712405001,15.140300635293672
600.8808001537674,327.2373513574748,23.069363132268045,15.105438222868663
601.1088403351899,327.3111197611865,23.154569833975316,15.182685357548621
601.5054048038659,327.4982597966737,23.167324959867237,15.198414212965751
600.7254894317113,326.7347876784394,23.0730365702273,15.241964780306047
600.9163029566613,326.7606489872089,23.114411614357643,15.281611851277788
601.1679409413144,326.66239059913937,23.142728073735398,15.349267334220293
601.0011411788059,327.27296811113615,23.17232170766782,15.308605903442695
601.1521780879677,326.77474646192906,23.016218815033,15.248097559820359
601.6520209441842,326.6230815721712,22.986941005794538,15.328671475073527
601.1747201463901,326.48809130198856,22.94611821154363,15.355151559224872
601.3580922832722,326.463136888089,22.974042963915643,15.346782206365056
601.6449831484769,326.30583682185863,22.991599569974216,15.335582963053394
601.3166814296942,327.8617730874952,23.040533236821727,15.243045463289667
601.772644893935,327.0242984507441,22.867169786333392,15.329012154699646
601.6786566598709,327.1140199226886,22.914924658697394,15.3199740324449
601.9078532756589,327.09787183504,22.956914923405687,15.409276350775599
602.3198027258401,327.16329773010693,22.977043125037078,15.493080466603669
602.5429529159993,327.02360349799994,22.913950989757407,15.46157545480837
603.9415078899256,326.76169412314925,22.860114300114247,15.673785353553793
603.8912427322867,326.6462269390955,22.843166080812512,15.571112316237045
603.4114001796152,327.65293910356104,22.84701649939952,15.592218626954514
603.612523625074,327.14425917412905,22.854895609124775,15.480963940950058
603.7123124886295,327.3170911929075,22.943461844635287,15.428859722852991
604.0850815487271,326.7871816172024,23.00961906173572,15.397548021563896
604.6675662166642,327.0249202879917,23.152991348213998,15.366475371443132
605.0879778356622,326.9667417093206,23.245506931152473,15.3166821227822
604.9962285965557,327.0327918241601,23.410015594919855,15.301322671191876
605.1726842242058,327.1819754022617,23.54528727175834,15.262855995497475
605.5186770196585,327.46913674136425,23.55380759315669,15.196553837502652
606.0936878603055,327.5258534110504,23.5363580859351,15.203301589260143
606.7132362091031,327.536009839437,23.43201902631742,15.180000167937916
607.5687837027918,327.3823070635028,23.25403966432156,15.24073060100224
607.2449727779325,327.15248926988306,23.333229838605924,15.29641874547184
607.2122483965381,326.92976371551214,23.408212204139076,15.362540083410169
607.3436213725056,326.7510727553216,23.432525678511873,15.475235340640399
607.5616235194207,327.6520907915712,23.405721456970134,15.484372826376484
607.5483150765289,327.6426688730444,23.486287799415724,15.547526406178791
607.3032942573245,327.3465177880754,23.538715592952887,15.481479240923166
607.2818676723745,327.1911555135042,23.525454871549442,15.405108815547697
607.8719112779979,327.3695588547712,23.534620871324044,15.491040964056992
607.7994356658699,327.2317689705823,23.540459786958703,15.51845241297101
607.9630758757368,327.95410664506073,23.530805485884812,15.49174557559562
608.0081039484646,327.8308652673278,23.567061477079175,15.54981258020032
607.8583747461767,327.96671063576036,23.740454463531098,15.582793160674155
607.9732234453174,328.0055488164901,23.9038942818175,15.686232650020935
607.7308538663882,327.73522734435227,24.02448681964081,15.735066285767669
607.4395953797277,327.5123230126448,24.155883982618835,15.834595447267617
607.6829846752138,327.63696271321714,24.2809312750352,15.931384160165202
607.7722614934207,327.82957888372,24.460863516135248,15.994840475251204
607.5309925350673,327.8290845584256,24.621386713594326,16.017259595889296
607.2749500714233,327.86572616935604,24.742921772537116,16.052796886919303
608.3283766885799,328.0695299350021,24.801549151932562,16.249509226099157
608.0201841397779,327.7433353183408,24.893581102983262,16.21587278031022
608.1983197711145,327.90805008157054,24.944503113616122,16.285154339170305
608.257834145797,327.9540338444959,24.93362459310906,16.37141568335375
608.187489418548,327.97374907692904,25.121359021427537,16.546971617303605
608.2748053602116,327.91639311473415,25.28836600118679,16.656305985496076
608.8169598748233,328.0383273101733,25.34570407241229,16.65382643708119
608.9142641751857,328.5595771185474,25.446387133903546,16.636863238294154
608.3673141008342,328.7511778422482,25.7391741539445,16.628939459130258
608.8387116639826,328.8399463546962,25.67627399949512,16.634041809563154
608.7760582036201,329.27632919478214,25.835650879294548,16.578685585167538
608.9670326920848,328.82130100496306,25.793285835718542,16.59705355833833
609.5103075465202,329.4099540472037,25.877210298486254,16.655377866885296
609.6336061693639,329.5665721115302,26.002614968968768,16.671522339876777
609.5753939531452,329.942568956032,26.221743524068877,16.6305272456341
610.072054665513,329.27410972479214,26.131198102217297,16.71100351889721
609.3673802039107,329.85813382971793,26.396050942162265,16.640357881677446
609.426240531126,329.8487236995961,26.393215670085638,16.5911492001705
609.4796394007839,329.82818241370666,26.46881049816617,16.521211966875715
610.3618558792622,329.14975168612847,26.46352268185758,16.71896740587306
610.1839098587477,328.7767369168376,26.654119628634824,16.751371692207996
610.5825535472839,329.02213675188017,26.72802458764506,16.952492958230454
611.6654715379979,328.71719987495123,26.941441039993773,17.256290334458086
611.9184029384774,329.2661138102766,26.9109081447831,17.52666288514068
611.7327311997914,328.7252933135227,26.94776549525539,17.601652477128688
611.3741579903082,328.9795777173391,27.13269864355759,17.713174213719622
611.7647646498559,328.61521297649614,27.21115089710549,17.732613250554657
612.6723853543423,329.14547840282694,27.13791066401316,17.820413682416024
612.5638233212969,328.955857867331,27.310811797794898,17.917815650901243
612.4315962387585,329.4582797532724,27.444450486692723,17.909725988878026
613.1130379272082,329.2601234691559,27.595785559385753,17.901500581322896
613.899594494517,329.14349516625254,27.7098531822908,17.88883250570454
614.1761976181774,329.2375924161482,27.75399788997951,17.943075010956285
613.7509138776235,329.70512912134535,27.984021891167984,17.96967480069234
614.0940109280003,329.18719553506384,28.029275725518495,17.943978719852648
613.9221971313412,329.68207983322196,28.270950535073354,18.053751549241362
614.0172355757876,329.9014808042138,28.38911516253223,18.01632537782657
614.45564343256,330.01668414500756,28.622297198316147,18.084902627780515
614.6674391920802,330.00116422910827,28.694129860498553,18.107593815799298
615.243784046565,330.2425007784981,28.62611105282756,18.229433229703588
615.6888554389618,330.62821383072503,28.52826372396659,18.23915895639974
616.0224935377763,329.98784965815946,28.509186011712107,18.333557817545
616.9020372988327,330.3901242801173,28.59902312644004,18.494148379899897
616.334879818133,330.6132944596257,28.85114905242387,18.538302748971418
617.04584548793,330.6589808695972,29.026223795364665,18.63502730167953
616.747387342309,330.1268254237849,29.228685726598243,18.62740850008203
617.3885081601805,330.7787928658483,29.6195355024459,18.730657620738945
617.3636268617485,330.1100952319481,29.794427009255458,18.754341960576134
617.7035147571358,330.6027047315286,30.037925020284224,18.910155061138866
617.9578125548732,329.7567747168187,30.026165848683576,19.101192069623583
618.6242255378412,329.79090095414773,30.121285258189918,19.266797077637356
618.8106078656136,330.57818085781116,30.24199526494904,19.328426015809086
619.1340169118009,330.34935549730517,30.32506585017159,19.358286869896798
619.2584419089837,330.1567311321835,30.39452763649717,19.358411632015734
619.8137244906605,330.9402008625051,30.29166649268997,19.464330171174158
620.8955785063653,330.9922092645132,30.263602420325974,19.694453131466965
619.9750447151288,331.07665741044485,30.617323949675537,19.793874270815103
620.6124138198995,331.1966743839882,30.549430666014455,19.907819523853163
620.774439934568,331.6615726801754,30.552235318057427,19.897440372369893
621.2457660532808,331.1061841650976,30.36199385009451,19.922902890272766
621.2270948218357,331.9405526642879,30.529597078537126,19.940773848778413
622.209573300591,331.93263983234266,30.560152129693606,20.030562283071347
622.0287597926101,332.726629520107,30.824199182150117,19.920782985553252
621.918925123408,332.7296144755374,30.891138189729368,19.88881465367909
622.401746277379,332.90330703723123,30.86257495378613,19.921660225300705
623.3886676274059,333.12731359000543,30.901873885812304,20.035870733014484
623.5530320652379,332.50705075615474,30.782474361931172,20.182922727848997
623.8328062448306,332.25104357434816,30.731118422751376,20.274151902787303
624.6125130483637,333.1405625274364,30.59823398476813,20.24824407492659
625.0220262280546,332.4235320890244,30.683281459805357,20.40044042786288
625.8935638058035,332.3701043402043,30.520538225885062,20.553864818399283
626.344033617699,332.19045720312045,30.436119710244707,20.71422274937393
626.3247011689976,332.41980410806406,30.56058725213844,20.72468147945512
626.7930045685928,332.6857602942611,30.615267326765746,20.777385410504976
627.3217594362563,332.56238651905693,30.555298840236894,20.701914721605974
628.0180462049007,333.14858321456194,30.50314233042169,20.659180744887337
629.0559090807358,333.3684246163789,30.473889843445797,20.731180988071145
629.7073770427515,332.95606598412286,30.29055111599303,20.774446788883843
630.4325265610833,333.7536641783665,30.233980454764506,20.716052096220366
630.7580765522897,333.655299407985,30.22051922004379,20.78969542291775
631.2408430589926,333.4418024754436,30.09982756768387,20.810835360865124
631.4677841176094,333.0532930605784,30.188757499839053,20.82455049348617
631.9081033211789,333.24296879626587,30.107710216757916,21.13192684393825
632.4499653339552,333.0203282371462,30.09637615149418,21.094219485424336
633.5259873370239,332.548885497451,30.024342559480335,21.33283442314677
634.0390115163768,332.8836182353062,29.81845166909354,21.3023951720496
634.5081421572695,332.570974098685,29.668067112505085,21.315578254538053
635.4784835193392,333.3365836477737,29.67610782376763,21.32370585130695
635.8671647860107,333.55697574281965,29.5471562663577,21.4046391499808
636.0565810876316,333.71463153816137,29.495014187932377,21.371633932416614
636.7767977239847,333.89231367653787,29.33645664478692,21.422580184180493
637.0844710300438,333.30684582573764,29.400504039397966,21.504603279541584
638.1527706873644,333.21588247672344,29.13422051493307,21.56708593512571
639.4009219849954,332.9339264853826,29.0278412537927,21.576340100920557
640.1837558647075,333.2669633667533,28.986118468314224,21.569721279928686
640.7085494937968,332.58524313831356,28.85356476325915,21.820814133964003
641.015882218543,333.1318053092615,28.757625960666857,21.878318358810013
641.7525076482816,332.55408728064333,28.510168701272022,21.992095895347774
641.6108707201787,333.95361362754375,28.58004083755018,21.945038288216875
642.567915103901,334.2201835794033,28.658853514540674,21.948727498458084
643.2607920438796,334.02653831334214,28.462348434861138,22.064644818242904
643.3692935315455,333.8523747188301,28.305303004779898,22.111815814248942
644.1472969172947,334.95656502192077,28.166126176938306,22.164447046980644
644.2298869377219,334.76701105235054,28.067108148601708,22.29197036683736
644.5968708322462,335.3911797863859,28.079088018568733,22.32746759458268
644.8461755348061,335.62861500343763,28.175095801425712,22.290511710783676
645.238463740529,335.9988743089177,28.351550767295315,22.37086308206606
644.5717851088177,336.5643553915404,28.555859683244783,22.371807783847963
645.5707882186244,336.6214348333029,28.52241027687147,22.48779031651514
644.9469711667808,336.8415697530246,28.80774747742531,22.4932328646334
644.7055951365485,336.4614185753107,28.83483472437137,22.51032651368237
644.6812190633777,336.88496001650105,28.905723391307262,22.503291288791427
644.3815609107135,336.9500384764321,29.126614545526067,22.60350924161374
644.6506665366521,337.5437593621068,29.274346539536513,22.487711776447266
645.1958543295686,337.37043668107276,29.402635123014875,22.521534528375444
645.3070714850481,337.307791427494,29.5085364846729,22.474025165161148
645.3550330499256,337.8073976185156,29.661848731633608,22.391311146135948
645.6571878072508,338.54312244350876,29.646372906673,22.374196470438573
646.2456666925525,338.59114599603146,29.262939818591377,22.666533946005362
645.9732271325348,339.342366947811,29.120324958695814,22.712510445118163
645.7451158974727,339.250134265142,28.762285753939082,22.966820369291234
646.3492439606373,339.0986379896444,28.51461224155482,23.171336830749304
645.9504901149562,339.04332110717377,28.282071324137256,23.150044684979253
645.6430341394038,340.06511131872264,28.090436944790085,23.193847770563764
645.462378485821,339.92444238563803,27.976914674084323,23.249033946845927
645.0476246251244,340.0999860925968,27.904856068859345,23.43051260348497
644.64185879269,340.06501316797994,27.70302925995052,23.56960322322172
644.134764552087,340.35651447862307,27.775943694258565,23.70799675014031
642.4736021885337,340.066639628674,28.234098108483458,23.76929368648095
641.4051092515014,340.35971547907815,28.355711944660744,23.987371364373008
641.3345770869779,340.51450026872527,28.442182930419936,24.098558870163618
640.8084128828028,340.97223728673583,28.75907519727918,23.995836842580616
640.5437429354381,341.3091938028835,28.908630627172347,24.214122670930546
640.707504834691,342.08649862967525,29.143685804820954,24.366617342641554
640.4929324904994,343.0473975989633,29.22251665090774,24.37409110206353
640.316968864543,343.37156402631916,29.127767827361723,24.36981277940285
639.902720576654,343.6922656919395,29.11127879885351,24.29933200170145
640.3210367214652,343.9006989572466,28.91961215788224,24.152924139557673
640.2415598649598,344.38702034228476,28.465244387757977,24.230791418347657
639.9859538737817,344.9556793153443,28.517595019100938,23.8190016528278
638.9672250150816,345.4530697747903,27.962624290685167,23.706463532740976
638.07506964998,345.65027473541363,27.93713880678464,23.541811158872875
637.1073789848487,346.27382655385327,28.259292650436908,23.212141916353204
636.6433464496386,347.1968858920389,28.19324129534298,23.093138275038996
636.3922645037862,347.497908878963,28.367930563128887,23.057594157040942
635.8613488897233,347.72738310220853,28.39125945570646,22.851828687987894
635.1493207279497,347.9824028706334,27.95838373522443,22.822259391254285
634.7701922079848,348.7507253600064,27.60165244812782,23.016964238367308
633.7915841172239,349.246283636021,27.572579128459502,22.97160889010403
633.6894313962248,349.182571782301,27.136667087413983,23.41414867520548
633.067748183551,349.43576460992824,26.731823464086162,23.940028563888713
632.0833336927706,349.7683863277779,26.90792294869118,24.07686730916631
630.571384164598,349.8886685143323,26.908828202011872,24.41462296245517
629.6682774312379,350.12691931069725,26.85092607291442,24.65302567804443
628.4420951191701,350.9132781094189,27.052750917387115,24.673385501789475
628.0380541374033,351.781151260945,27.192240129894476,24.57347496552948
627.0611000609714,352.25565547481773,27.27457554983279,24.49875235493043
626.0400292424972,352.32539053403707,27.037398854109032,24.558958914076367
625.1137984220152,352.7771226505025,26.86161480758844,24.582397154118382
624.9010508120382,353.6318920591529,26.940166589489223,24.608724048983376
623.2222630250355,354.81361775423636,26.858638321712974,24.46284630154713
622.8805674768097,355.19229305435965,26.86194381874216,24.617884622084617
621.802145840905,355.69987849693257,26.662110273611237,24.722169551300322
620.5935646656748,356.2850357259338,26.461937781389956,24.902276164350425
619.7268170705373,357.1527557301284,26.49788136357921,25.007648719857453
618.719760694433,357.5550510341746,26.725289217907253,24.968084561922193
617.490946098035,357.7625324751667,26.73388753454354,25.08542966238267
615.8021315963763,358.8843061378958,26.707991662220042,25.174561847041108
614.6712344747721,359.1334556897655,26.90233609730791,25.161402858324355
613.2629712879493,359.4740676148834,26.941526827184955,25.206486698232172
612.009374839824,359.10124493801754,27.03080867073181,25.460655486364413
609.9318811640289,360.09683849134007,27.27626442899915,25.365081811649883
607.9254896778931,360.22036486455806,27.433864991984464,25.502980507694062
607.096798301506,360.9340070192548,27.791789598663115,25.781757084683598
606.0878756178478,361.0812023037034,27.82890216740333,25.96493153610922
603.840043437543,360.4333124868153,27.78805129211193,26.374464905904528
603.0559569926262,360.193063542257,28.125196698005453,26.68442115092474
600.6033502997869,360.4963185760967,28.566117557438936,26.77415377333165
599.4942385468511,360.3933234864704,28.79233273487284,26.894626851594428
598.4603060777946,360.53894624753656,28.943868527554258,27.224146002218433
596.709635657575,360.7583341094035,29.0610526640445,27.51562063706603
595.3082942494474,361.50814061943584,29.283617300978364,27.74707050610047
593.7836200087442,362.9113365836539,29.537772587042,28.08970187211318
592.0948081532572,363.2594360679832,29.925859535778205,28.01664907979279
590.2482524451084,363.229905644993,30.353401026767663,27.934336604359274
589.1196883454177,364.024038619046,30.77260283836212,28.29796493954792
586.899345387525,365.18630447845175,31.07045409075627,28.301246130816388
584.8164749673143,365.53875156817173,31.552552782206277,28.285894542948224
583.1932751843393,365.93389715294325,32.052150256557724,28.18769400393648
582.2773292138804,367.002058829362,32.52216714025516,28.134910852286076
580.6259636078565,368.29800795860535,32.92450200525689,28.17172834735469
579.3780865067926,368.543214146872,33.4121781090878,28.167897564573295
578.2852487849034,368.87996305633,33.986640941667744,28.000247616960934
577.212101400269,368.75321098681655,34.363810130148856,28.298718800132622
575.982507279947,369.22405784959614,34.745682325031694,28.209602045627577
575.0791660746107,368.8192932985531,34.7479759741838,28.488743507714243
574.3195389118277,369.50581728117663,35.13052776221309,28.381264871728938
572.2685951378558,372.6882621475492,35.289910188926044,28.641412332282144
571.3191469817649,372.9938499493596,35.84674164362498,28.64936441945337
570.5002270711052,377.01750646275855,36.59500294369262,29.05170597181813
568.5725652285867,376.48772693304596,37.02110595230772,29.48032989873976
566.4757472674465,375.8712174220449,37.27098648632805,29.81190532008734
565.1207166554947,378.96995575819466,37.708608468822355,30.68919576051978
563.6681299862651,379.2178017036258,38.495049831726185,30.78568602908129
561.4582469048014,379.13821314683236,39.03547725335096,30.987183174340934
560.5932690311004,383.68431656609096,39.99865482969052,31.372781473457948
558.5635003656978,383.6927605658784,41.13001408852014,31.816534053345077
557.1952384896758,384.14714062479686,42.46671643992161,31.85317697496356
553.8299643200123,384.5903568232992,43.04264508549261,32.574008143022354
551.436458564229,384.9132833648859,44.13462948409825,32.80450027707699
548.7051427887695,384.87234739687653,44.90428360658096,33.082145158976516
547.0027145594976,384.58407531875145,45.789458134583,33.273777509835455
545.1023321376231,389.44242995919774,46.863394164778995,33.9038442375488
543.5616547363862,389.24593859187377,47.86643776234251,34.439757837484514
541.1670928844741,394.12746585443324,48.939131994197076,35.02693543669422
537.7992799854297,393.4531914540166,49.818739249042494,35.720292637204835
535.902761230061,394.0462459315511,50.84513347402875,36.40911442153861
533.4582782789096,394.6892914094477,52.01235412372223,37.02912552701691
530.6992699652598,394.474537966869,52.76333002149899,37.65840290746998
527.1937123667647,395.6890987119321,53.615080041334664,38.174213401291425
524.2253938106602,396.54236043425385,54.37082373237065,38.718493427259524
521.2368445345182,397.9309091087177,55.22140451197993,39.26584633277221
517.8916448319676,398.3710129973863,55.78029413619744,40.105789979842946
514.9963045932898,400.0891196787711,57.003364349728656,40.682714434456095
511.15335074696367,400.7514348050428,57.98872863875532,41.577812651761434
507.5290744353022,402.1773248039268,58.9974722258233,42.525036731904684
504.7900880074492,403.8480859680831,60.516287853059545,43.496954249630924
499.97410149019356,404.68187009713984,61.98432713360355,44.41586541694784
496.1462755702585,406.08574823807425,64.0499282761469,45.18120421831568
492.34988372349704,407.58684437889394,66.00986466055738,45.93762838412503
488.30224479433537,409.0023414879148,68.16109554469853,46.461844947180694
484.4836814904909,409.5853431231785,69.95404919782824,47.13926134771186
480.4043259014918,411.22870923773695,71.60377104171991,47.706420729694294
476.5790158195933,413.4387838106822,73.21389867087957,48.48605729318486
473.0988768076762,415.1340339532388,74.41915607627493,49.51249578980995
468.0982224678611,415.95457599071403,76.21189332188415,50.08249774963431
463.43845007144535,417.2364520587114,78.12303662545783,50.994342995231314
457.8924044392124,419.5527527234452,80.01365656118847,51.73614657299029
453.74332030342515,422.16656274575143,82.57636598190231,52.32277365972546
447.65695937576237,423.37767511322744,84.41123917389777,53.03791545805292
443.219988172908,424.6389977271149,86.38616233827351,53.50828742693327
439.29765908157714,425.7576453006674,88.27016387802146,54.17867779809305
434.52435207397366,427.76094526245686,90.46939010254843,54.87603495535515
430.2086848372571,428.7260960457859,92.43223178194472,55.85899718645719
426.551544656351,429.04587040792217,94.6402747322579,56.95049358909958
422.99315090415956,430.77093888374674,96.73331288513931,57.73920007845996
418.8857312967577,430.8306842832023,98.35133556017863,59.0289997124788
415.5256315442179,432.30507714025885,100.4629692579157,60.02451870303189
411.01280333554547,431.48673637037007,101.86556830984307,61.335462289623365
405.94116918305826,431.3696765391122,103.75407015058406,62.41541042570699
400.61303237119296,430.616230826413,105.41094649648261,63.62391614158132
395.8485234692329,436.6616717265173,111.30432677865903,61.47380449060368
390.0801712900707,439.5964275707695,115.09811312245698,60.65391724515344
389.60418776300014,441.3157329291161,116.02909620494279,59.842124708544446
381.76625384002557,442.56760428676057,118.2626546713143,59.58956359573361
374.30897878589724,444.157756108786,120.73463313955628,59.539935505958255
367.0189584676616,444.3837990049736,123.03712307870092,59.602036632318566
361.71045449142525,445.111634228857,125.85312757505795,59.96108323891883
353.77100574689365,445.16886809907766,127.04681960452635,61.114348357135356
348.4949568773474,446.22695686010144,129.574775078299,61.774882299016035
341.5515048833885,446.9779665502485,131.61553248265975,62.631659753667584
334.77594495770836,448.3944083453301,134.25027908115135,63.41553689424777
327.7214089605593,450.9186974986013,137.48508254365012,64.2707509689919
320.87742318055587,452.6649021291462,140.4075502202952,64.74728268118409
315.3285686387911,452.80314984484505,144.22530630089503,64.89653661130134
306.9361745989063,454.8306898231218,145.96154854326232,65.95117545433894
301.17512782589904,456.3653141403427,148.17549370518256,66.79009012899435
292.47781965260924,457.52789079170435,148.11804172290474,67.89341816667942
287.6800314641707,458.5006225541541,150.5371401906937,67.93550168176557
273.81841507954357,462.87158625708605,150.9739139908317,68.00927289955898
265.10613238234487,465.61287193109763,153.19744770035368,68.05142746553727
258.53965401006303,465.85927552001215,153.15552727816925,68.37236721687691
248.55665320647574,468.4867432002951,154.24075152633512,68.61023256889645
239.52494212072622,468.83626817581296,154.2209503549386,69.15275702448454
234.84664239738063,469.86681308463267,155.75142179564835,69.14698127087101
226.54061974708094,470.549116679715,156.73334300414567,69.30447190671046
222.46875022486824,472.2991680655081,157.25057190529103,69.59648243926236
216.33870433705187,474.820454505679,157.69086807240333,69.48909069982031
209.43163974510338,476.00932666386296,158.0609540968154,69.44714536225786
207.49138047184073,475.5497739452702,159.4176484284054,68.47526101901732
203.2037963465791,463.9067805839643,159.68005441849166,68.50181590263986
201.3614427283174,466.6068407083153,160.5859895393077,67.7326480121838
