644.5,522.5,110.0,132.0
643.422517072372,522.1763969281654,108.92612335838413,131.4621001940289
644.7193763457262,523.6204267194458,108.1815198257518,131.22332139798226
645.3683463595107,522.1584376232971,107.53644538684787,130.98884493367885
644.8630435279613,523.6707327976069,106.858728625058,130.77195521906197
644.6566419804738,521.7663624401338,106.51737644182742,131.211861915301
645.6042883585511,523.1951841887095,106.37689711836602,130.99857776835384
644.9458637006243,521.6596967666343,106.17938719845621,131.62194628735477
645.3073030137707,522.3760905821537,106.04365306621992,131.6304663202336
644.736210323126,520.1226230185725,106.07055424302646,131.64578853617147
645.7731419636831,520.5094010828936,106.16034791190921,131.53540459295033
644.4272533284125,518.5480078023229,106.10481311351131,131.86234378585144
645.9476105766779,519.6127765297992,106.20317127361173,131.6737426578794
644.5213492340249,518.4653547294054,106.00402531496647,131.60975890614338
644.5750776662398,516.5877890826329,105.99438912739981,131.73784409144244
644.8699939177785,516.0471817391226,106.16329806271109,132.41631993907498
644.6072754531897,515.2220086425583,106.1922291651771,132.7079435646454
643.586542461809,513.659126879783,106.17207205147248,132.57016777592585
644.4848208547314,514.861711047102,106.25905506150309,132.20454163946928
644.1468224857387,513.7916785785337,106.30869835681993,132.60677820269672
643.4886865688229,512.4315508489091,106.30798625243413,132.30555834685197
644.4044219178595,512.4394799096501,106.3272747029586,132.54909692742095
643.3227233254039,511.2146155749481,106.31764008092415,132.0156660547413
643.7890529415802,510.45380006981765,106.30946265771091,132.18898659442115
644.0573593296253,509.64259706854375,106.40067830082896,132.65520375133448
643.044752390224,508.51947695182736,106.45550114455185,132.36755612160812
643.818948599878,507.4474148490943,106.53543299549206,132.22471328796595
642.8725456544423,506.45978700477383,106.5633706030916,131.96824542962514
642.2927396965752,506.1315098422781,106.63300954595627,132.46564054131207
642.8832686377947,504.8154509122934,106.67607335331346,132.19380246484963
642.6727957713306,503.3300971284908,106.7121807137729,132.12657787493828
642.3705161466742,503.3754812361828,106.70405207732435,132.32560693581277
641.9336196814938,501.6126959043055,106.7239114945204,132.06303229584114
642.8147875692522,500.56704215422326,106.8205089293767,131.71306396096836
641.6241750792516,499.54170373358664,106.81184109283433,132.2008666042817
642.4369600195091,498.3913483911523,106.91156401417635,131.88784518961734
641.9458920949551,498.2460291056154,106.93421314033812,132.041968739367
642.6579585193308,497.038377990747,106.99677176650121,131.98277937288182
641.80963365594,495.40744051834577,107.02262092660948,131.8320468862725
642.0680427692719,495.80590855495126,107.05767984094462,132.23812661735232
641.3104775209017,494.4846241466099,107.0778917528614,132.04670152229187
641.8929527078776,493.6535029440697,107.12257139142181,132.0918826700099
640.813250204576,492.46132045074717,107.14164560655166,132.0103977802512
641.4088868577827,491.6306086685384,107.13839384078011,132.2404509671281
642.0893816921987,490.8343859288622,107.19608615112747,132.40094838072278
640.9373434561919,489.67055367275157,107.19729306480664,132.01409124644442
640.9535218752958,489.13437158049874,107.31097101866447,132.18175825115583
641.1109203248416,487.3673921388613,107.40265568361785,131.86143284793167
640.7547395041933,486.73039005427364,107.56950101279219,132.31955415549274
639.8668521755052,485.5045139699895,107.71081343281034,132.25466160779823
641.5265092896268,486.1608588810228,107.73524562828837,131.92763174266366
640.5329003768074,484.505105873183,107.8103648077631,131.86450563821074
640.9243633741055,484.59886973684274,107.86101567121071,132.16905588735648
639.9079114707993,482.96152279206535,107.91479004419114,132.03836976630643
640.4919654173863,483.54664372144055,107.862075789628,131.68433120374064
640.1644897866023,481.93821269597925,107.87195614074227,131.77050077266864
639.7623468640699,480.5883446412309,107.84809481287928,131.91166268248878
639.0506148309037,479.5165604675075,107.79089188416322,131.82874291653235
640.2600041142393,481.06511513709336,107.96612724685892,131.69116989137115
640.5018251500528,479.2706145947593,107.73349481830977,131.33373743188025
638.8091643943392,478.71434004392614,107.71014304329896,131.22886309452076
639.1019969714149,477.88449588680555,107.87068113288001,131.13983851146122
639.5354136901544,477.08407798963276,108.01814279656685,131.3634934910638
639.2402606781231,476.17534214302924,108.0389969520952,131.78559994608113
639.5173227244356,474.87693218303957,108.16126469945127,131.4551551756613
638.1627488247623,473.51290721589135,108.06165090211827,131.34407613885793
638.8935119547219,473.5009283910021,108.15505270654528,131.8103519300968
639.2441937711101,472.0612153933945,108.25851759835857,131.60987909108343
638.6425286677227,471.9771688687864,108.28870644485039,131.89961238293586
638.7149617246884,471.0565283021057,108.3173895508851,131.94781318640236
639.5362995227154,468.6873663162447,108.42920707216348,131.60179324790698
638.6932410730807,470.1320985599306,108.19201977126045,131.2699271129674
638.4267305609417,468.15766344565446,108.15989053461306,131.29431475752006
638.7007139479002,467.5689090988109,108.38249493293343,131.85421931474022
639.0339259391011,465.97216497817885,108.4765048032043,131.54237675499422
637.4856692949395,465.8750171085361,108.09755279382864,131.45671868668728
638.3642993923996,464.1331081575641,108.3651536962441,131.01594147106235
638.5463317652033,465.068787608655,108.48260721922196,131.33001381086967
637.71667773377,463.6256292968267,108.3662987554849,131.25213470622433
637.5491219461292,464.19939348119425,108.44733173393617,131.4014731120482
637.5946453825895,462.67967776684026,108.50493020241167,131.2540861794738
637.5839038937536,463.4784986539391,108.57456823825885,131.5162223326748
638.5913333288173,461.4698885699747,108.57567077674666,130.71524429656296
638.1375884901605,463.4743991746309,108.3083248913543,130.90317829126064
636.8225269858019,462.78036921177693,108.10052055861036,130.8177848144494
637.5956423817003,461.73186435882667,108.35204667713757,131.21200449845355
636.9524146952199,462.05323437405036,108.29245798653037,131.27713513021857
637.9063267264829,460.48886861714436,108.28565170907655,131.09575655186745
636.503353584327,460.13050736745083,108.24266572715294,131.30702343811822
637.1108913686544,460.54012027428865,108.23552084258782,131.35660529789686
637.30101000065,460.92710898617344,108.26084046598498,131.44649521659935
636.7682971960498,459.1742158385987,108.58566352229435,131.6861298451077
636.0785497373363,459.7064090021652,108.53573534592574,131.3947776733434
636.6703073420869,459.3720230699291,108.55996759583633,131.50832488075682
636.5295194366266,458.6638321550122,108.65272131613105,131.6666133535046
636.7140690619184,459.2683844596195,108.63583711719852,131.64869731812726
635.6151340111604,458.1868392116497,108.66953266198215,131.7362501324872
636.4149715100539,458.66250575701054,108.7394884301101,131.47552274178156
635.4796819748777,458.06106101550546,108.89928628384118,131.53975918485946
635.2361879457685,457.8060438110214,109.07021072936007,131.47902875417836
634.9328936497116,457.4622395406169,109.19230940371881,131.36395608733048
634.9199830296199,458.1048616786999,109.10261082970896,131.2230554257428
635.2965855527158,456.80924751705106,109.29018767486318,131.27832951205613
634.5627059262034,457.8955619700628,109.37848110948258,131.44574057452334
633.7418212988256,457.04803815693936,109.43194417565502,131.16698801842765
635.2205020503532,456.51452819314073,109.44730067301182,131.08179806805705
634.2157569346763,456.4809785558671,109.43690584119423,131.42847692243447
634.5245689063554,455.5895730313854,109.58652772694134,131.43870782460846
633.9032544970744,456.20156154881477,109.4712000168396,131.75988416918992
633.2080403236068,456.2119247199996,109.66448194806425,131.8624987538846
633.4739940091209,455.26133458648496,110.00926031559962,132.01806639960654
633.2802540729355,455.3598423997047,110.04742537912512,131.93175531437353
633.1249580294112,455.2435160839239,109.96283342610394,131.93057721084767
632.8722252641616,454.87780508819253,109.85488562271051,131.91767654472523
633.9574172177408,455.0229745472484,109.99791867340724,131.84010865489375
633.962544210178,455.3038985420715,109.91603960484798,131.68247448117506
633.4515333204491,455.1931397629755,109.99961438570956,131.57097096483372
633.3434067833435,454.5128265038014,110.12867439552906,131.85551298859107
633.0160559815542,454.44716205029033,110.08825739301702,131.97609936818046
632.6849358971142,454.40534874694754,110.09253404756913,132.014283453294
632.4532086693001,454.6939906874234,110.2905475921428,131.8911649714167
632.3074486910525,453.1805678198271,110.2498487526232,131.66730951756824
632.6523449246258,452.9026611830515,110.45634003124228,131.86359380251963
632.3292755049242,453.8265543754925,110.45917029072362,131.60204496741946
632.4837352877486,453.55424810863934,110.51026087216975,131.7364516004567
631.8128526740164,453.9306911184208,110.61729347176544,131.6790885448945
632.3317605951253,452.3442552476855,110.79674788463652,131.44619403766205
631.8115459247894,453.38741374406493,110.86914206381321,131.4156660387387
632.0152118171392,452.4665188320186,111.06496660731482,131.91214517481254
631.0862147335494,452.770936185591,111.19233109195355,131.931234075494
630.8622249387827,451.51756373460603,111.32086051168523,132.03272342135736
631.2546141787354,450.8468742894951,111.26848942285093,132.12687881514216
632.4094051198947,451.5228159904906,111.23724358865873,132.1205120948223
631.2407358618944,450.8474669686476,111.15340066430579,132.10056986064563
631.1771957181758,450.6203889458478,111.29694964803939,132.2901773959323
631.4625100323549,451.2037241969218,111.49947045043292,132.42305540052092
631.5980067596784,450.8130713123635,111.4179424738486,132.38968178540608
630.9410603459318,449.2813396779227,111.2756553248784,132.2512877258728
631.4096383424437,449.78613322251414,111.43582286872751,132.2486888044526
630.5558415664877,451.1099151667377,111.54970921677423,132.0796629523519
630.6968834569878,449.52879999121353,111.81604681867813,132.37394191027286
630.4227190799851,449.02272218331655,111.88018153238524,132.2103267664843
631.0452870699924,448.82384788125114,111.81402459156277,132.45391785127458
631.4666894064304,448.0817315206134,111.91064115520189,132.2558542964575
630.8901993488513,448.94997747827426,112.15514235466861,132.4419749290103
631.3669199910199,447.6696742544479,112.1962207212676,132.1936459728391
630.4159564670807,448.78158314707576,112.20995511549005,132.39501911318152
630.9774952938428,447.9429288423796,112.20562910705388,132.40742348578027
630.367813533266,446.7887187932347,112.19818241130385,132.5382949371433
631.0563554356463,447.26057075949393,112.1102370428606,132.70428357817224
630.8630599451467,446.34294635886914,112.41241851128046,132.69469149521308
630.642504888896,446.5194077691732,112.50461161633552,132.7534124479223
631.0226890347603,446.9230773997911,112.68307072004615,132.56818081169408
630.0175718457535,445.2737113440707,112.96283098364171,132.87525447396195
630.6383936717973,445.9225166421303,113.03572795617262,133.14694882092746
629.3925075444372,445.8385911195155,113.15293031800948,133.35723765053086
630.0144872847834,444.3512149354493,113.27500331851058,133.81013108807545
630.1068220940257,445.4446840555131,113.42802390440815,133.43459385750754
629.6490504791041,445.73092346342685,113.67273509632548,133.52545990175685
629.7503138240422,444.9161198040633,113.6542036831388,133.53394307211505
629.9038186578894,445.355638535859,113.62674763745193,133.16087173544256
629.2992424848235,444.2230756910494,113.89447215670236,133.65966992471837
629.6121063329138,444.4475311885467,113.88831346410379,133.32871654408603
629.8236702486986,443.6266138515695,113.80274223310478,133.29946872139735
629.8999427441853,444.2227395020347,113.78828126632213,133.04039751423227
629.589019916479,443.50167853449653,113.96601921041977,133.1472364083082
629.7374983411399,443.24841085147233,113.892271712399,133.3343326314142
630.2065755345785,444.38865050562947,113.7869718348755,133.26200442516594
629.5021927201155,442.566229691104,114.139526945918,133.68546200575494
629.6797045961655,443.1199944613337,114.14114475461105,133.66614948533032
630.2481803062507,443.38163014520273,114.10795166955418,133.7732100510907
630.1590176756117,441.7569363913422,114.35953572567621,133.72884679587227
630.3181126853183,442.54396400399395,114.41387035516792,133.8507754572876
629.8095818220282,442.5573316959805,114.41334966521363,133.62179494217946
629.4009559002715,441.51009452826884,114.68635006677155,133.68567254450954
629.5776652805015,442.2862160657487,114.72668933505719,133.48927504011405
629.9735684995,441.28200576116865,114.72045745245727,133.77666136086782
630.2884084957041,441.31333664108075,114.79263490767332,133.8779032546653
630.5335549240353,440.1643988533789,114.85465257738188,134.10555669071044
630.7763656857462,440.6456042317742,114.8735397877094,134.03535737114518
629.8359672408616,441.02840570440367,115.30439158527754,133.8996818822652
630.0149946912086,440.28054566617465,115.45374226367346,133.6356148760511
629.8624545094907,440.49371505074913,115.4894897115648,133.57082029873948
630.1793926248139,439.9266401720748,115.60959709774747,133.9657199325872
630.5525903047278,440.5148933209506,115.53690600446774,133.9924638045898
630.1349250920705,440.0511813194958,115.89185836824944,133.93526133550301
630.0141982129428,439.21788360808824,116.15841629530728,133.9927152893164
630.0984816382987,440.218761217717,116.23769902822113,134.31056041376308
629.6714576859184,439.15616733512263,116.58694011640392,134.66383178948655
629.7228833172248,440.22005872352446,116.73491270919124,134.51890814735688
630.2313298323055,438.8158022685147,116.92633779331052,134.59544311777074
630.2624334567977,438.1745054581124,116.9487041633937,135.054381669701
630.2947004114869,438.08439111476434,116.98547744497006,134.96819717437683
630.2198861610165,437.51790140197943,117.0657845891972,135.02185604998175
630.2505750826925,438.203629619046,117.05835771497485,135.0508981252557
630.3347540296559,437.0103266896425,117.11269563363112,135.36493771323438
630.3905646185121,437.3342059235239,117.23029703670902,135.77789396715139
630.8172230713502,437.7600119674154,117.30058098352238,135.49781341356336
631.4709093288694,436.5213517116978,117.40222805790813,135.28437974981233
631.5212228459245,437.29365668775915,117.48008264732844,135.2891008666823
630.6916892957107,436.92352535266923,117.86934372034348,135.43850007059928
629.8834546578904,436.8994701255666,118.20462713058193,135.89851715460526
630.2987884167444,436.85182795024656,118.5587030172623,136.15361124364304
629.6717245017262,435.6877013818827,118.85270808318825,135.8934642548673
630.3983546290938,435.8120813034199,118.75932601086433,135.11923361854554
630.3296274988808,436.39238016885395,118.63642506694649,135.37315281348918
630.0219782763611,435.1538325577168,119.05688694017313,136.0095784038055
629.8680954151532,434.9914452476461,119.16787826926895,136.09572068768813
630.3981086381438,435.2454013327563,118.89851965518554,135.69428596432186
630.3123608448237,434.9983267862657,118.87138788911095,135.4542357717957
629.7309920133579,435.0246902382548,119.1343474839771,135.82842808969565
629.2056140937386,434.9757785825125,119.45469060158156,136.13225006031416
629.9029816686922,434.07156528871576,119.45549521226421,136.0146203820766
629.827078680158,434.0188701309646,119.33817033353375,135.840322428679
629.7920558736728,433.8646315335172,119.4684936096756,136.08676461803415
629.2483682418795,433.2616865955867,119.63303709950426,135.97892806872426
629.961842757645,433.84265805810503,119.43802869507124,135.80643404867868
629.5272729872905,432.5218714087223,119.6338133716596,136.079738619188
629.93627141149,432.856979391024,119.51352876586418,136.39766580062255
629.3671628175769,431.9740278950409,119.9960446144456,136.68931168103956
629.755917789398,431.9665542352766,119.85338934514243,136.4902760459468
629.5198595642266,432.42918194272966,120.03216043353711,137.22790200539976
629.1380591822323,431.8063716698001,120.28976514907555,136.95893145342714
629.531347902825,431.6642178704919,120.28313194893698,136.72853935454904
629.2255204509476,431.64763448054373,120.55329774627512,137.03223960674495
628.9905030320648,430.9260512613167,120.7653581978254,136.81366896081036
628.7313731064921,430.8281961556717,120.7856463056256,137.09842268504067
628.1662605263737,430.3065276963998,121.0200796372302,137.20122173365422
627.8458060142232,429.91128549431454,121.17505589413997,137.02206188933917
628.5534090642468,430.866149368484,121.09893227356943,137.39949191497178
627.9414642735883,429.8408357517853,121.30126333170844,137.49857343303725
627.8297379464584,429.184525300725,121.38553803773169,137.2742838012527
628.0758317675892,430.1001300879921,121.42178449323698,137.58538222346843
627.4088087794512,429.3507748621609,121.5946252969744,137.55171054450798
628.1383411275862,429.6139143489823,121.4397996353571,137.43339809522772
627.5993868881375,429.3121572189193,121.63762491093864,137.86955136411416
627.6713510915146,428.79920873738143,121.80523198182274,138.17762690795084
627.1799139235036,428.4858411632998,122.19326674493834,138.05165225014866
627.2739076372316,427.9376685745699,122.12837046383223,137.95764033856582
628.0455773902595,428.06394478876507,122.01493649156686,137.67523838649703
627.5379340084501,428.8908166942846,122.18648511651008,137.96668965430783
626.9712124792377,428.3234750990953,122.36347437473346,138.16398734520902
626.4312903673684,428.01281688447824,122.54070090552464,138.2789265542893
626.4953126600526,427.3542373407036,122.84648380977079,138.0697710256353
626.7640017334629,428.06282015032883,122.98390176738117,138.58104705009978
626.3963216205517,427.461777293326,123.42533369782967,138.91291395068606
626.0574441694773,426.922259450718,123.63780830556006,139.08807917253074
625.6271017657887,427.46000140240506,123.82087657632025,139.44278404421925
625.6407926983709,426.6857519827439,123.87716061853871,139.62281614865543
625.3921394234552,426.52772375144497,123.98689109496195,139.94116686248287
626.1253408322093,425.8997856203654,123.87277378179476,140.0761441626212
625.5566747926121,427.32819248845493,124.22646994666367,140.33119475482647
624.9486472846769,425.5969752988275,124.53350728045854,140.07680317201476
624.8084782319072,426.2208740563104,124.56581900009454,140.12054544529508
624.8497731829312,425.2621044970784,124.54756863894517,139.94000392868824
624.6106247680653,425.23651839273003,124.72019198864308,139.6881036550375
624.4152196314847,425.03146683395994,124.82869630591779,139.39754559017408
624.0523223056892,424.6675584125285,124.92864981676149,139.42568681343485
623.5238287849561,426.56804068832986,124.79434731412223,140.3339035705784
623.2440421745016,424.304707143486,125.26213982034052,140.46280359331053
624.1182823945574,424.6693304610445,125.28418793514547,140.37409565066787
624.247349934089,425.2807641953279,125.32671582066446,140.43034028270236
624.5782603245304,425.10597857354065,125.3352181732503,140.34917704088897
623.4994559583705,424.4626853823663,125.3236562875128,140.14665819862827
623.6386404704547,425.25391616904415,125.3627049147594,140.14664725355334
622.8639429217287,424.8631768192696,125.56119352093165,139.9549045914652
623.1267554323458,424.6543304789448,125.4615433157814,139.62117278070937
622.857519239315,424.8240825283987,125.64858871300285,139.66457583397744
621.7672474635622,424.0521186972018,125.97366685236872,139.46947969170665
621.8319062267191,423.64563770416044,126.09485203162906,139.8976092955872
621.773696159479,422.9441071111787,126.1567069785657,140.0841296681047
621.7651832072573,422.9402680015311,126.1582016979257,140.351685658539
622.0826043084218,422.52002951759357,126.19236775060172,140.49375432076903
620.5498541971149,423.00782409834505,126.53618804729689,140.60538260940808
620.5025699386586,422.0574208904523,126.54570774711155,140.83126572445042
620.3943448702678,421.1194577953121,126.60615233744227,140.80584046285702
619.692734822374,421.2602896854728,126.5796366534679,140.6182783350386
619.5220569228204,421.3433794400331,126.83887669063908,140.3337362725003
619.480934561454,421.4345085617913,126.98360196363126,140.07530940243709
618.1287541198977,421.64820090662283,127.02540953634963,140.3885968838899
617.7536683735101,421.2379968082655,127.13662638969005,140.4631809820176
617.5806923232328,420.9093155699094,127.08101082252193,140.6625300731955
617.2700827426005,420.90487160878297,127.11657882450004,140.72255815481688
617.2074938301387,420.8042093563088,127.166783885766,140.78885562369436
617.2956438267701,420.6669279697865,127.1650965785413,140.67733586671727
617.2661877220237,420.3954398117602,127.1718577376156,140.70191443429957
617.0156137283626,420.04116397926936,127.04528060057842,140.8752548937988
616.702379368933,420.47072271146124,127.1679500597752,141.2630613529074
616.4493673352791,419.67833193876305,127.17373666217796,141.25749095910248
616.0902648001422,419.35127837926103,127.25027955202818,141.41594695219862
615.93470922248,419.71269055879577,127.29430315838124,141.80711421128564
615.688858762583,419.3480490480615,127.49230546930008,141.89057190631144
615.2429696756716,419.5161643120347,127.63097317473535,142.0883436824422
615.1137804927666,418.068683876112,127.64146378014459,142.11213617927226
615.6900219302943,419.4936975416459,127.37777890351754,142.57257179986473
615.0402084647228,418.58051960672276,127.70538586424347,142.45191774863707
614.9081429978432,418.63485765878795,127.84738994304655,142.34422011691635
614.5646887964158,418.57916699245163,127.78659383998091,142.22816484747347
614.4306129026764,419.2104009971539,127.82472203474921,142.26421394603238
613.5113418438724,418.33561021500554,128.14351927931042,142.1374919567479
612.7456987893049,419.3343946586329,128.2472315883584,142.61509296657263
612.486576767947,417.9973375515328,128.88388565959144,142.64764924887285
612.5358595122823,418.2761317543591,128.86037431727033,142.9079240095525
612.1767381763024,418.1981279861146,129.0209692245473,142.7476344917507
611.7398315773085,418.12430986379957,129.22088771914693,142.82689461992624
611.5503363797491,417.03822315272714,129.20718829016147,142.74536707046764
609.8808811830474,418.23220355607043,129.74354932138206,143.68886030240103
609.6907555902114,416.5555578742251,130.1652791372095,143.95056412260422
609.4154256391471,416.6094840373961,130.36516519819554,143.786451553204
608.9581824887154,416.85994098739394,130.42338333156326,144.0421714117532
609.3244681619308,417.7537376473605,130.14508902370653,144.23732850762207
609.2544048334511,417.76599139362713,130.4021266821694,144.5019929790189
609.6404047950188,417.16324541445283,130.63981227539142,144.65058932369723
609.053783352891,416.7092129843875,130.80380690296383,144.55893158384464
606.9077733340558,417.49348300427516,130.84843142519213,144.33331971522716
607.3529152750032,416.79945561454963,131.0145783599478,144.38773475373432
606.7738086876107,416.8099011640346,131.05525272495643,144.67129565681282
606.5345082330159,416.03987221327225,131.32521925762015,144.68450273874987
605.8660762066263,416.2468021472132,131.5496597712376,145.19881373068168
606.0296201852691,415.7762326010443,131.55888360131885,145.503771945334
606.1622619061268,416.02940968972996,131.71948515148785,145.93042924018783
605.4806411562221,415.6093304232136,131.79639034853992,145.75206264962438
605.5362894462108,415.4371325850451,131.98379627677346,145.85555642364324
605.0274661831716,414.95968572481354,132.23858286232326,145.9672237113061
604.8962429165605,414.54502333494725,132.17337652393667,145.96573675207088
604.4193329978566,414.8676781813358,132.21001814774814,145.97786646998026
603.8320255820179,415.199295050126,132.21922103026793,145.82822640610587
603.8272315851818,414.0851128618036,132.2769681240551,146.33877097283693
602.5344919042525,414.4212481615262,132.29642604350053,146.2347816067025
602.725544367265,412.96478313695815,132.29749246723944,146.58230104182496
602.4869257747714,413.73642020615705,132.36600835424724,146.8516707890397
601.8019359791349,413.65212861839626,132.6139283618562,146.8419216059625
602.2836831064841,413.4835332918683,132.77047881540994,146.94220906840565
601.1267982536294,413.37807002195643,132.9882843277751,147.12168320948211
600.9526832998504,412.38148443703403,133.04210671861517,147.3129474360057
600.6954713860061,412.2760918906987,132.99891127264127,147.34403091727677
600.5214381246244,412.16915589326015,133.08056365971012,147.38746936108072
599.0005589904137,412.9141128353693,133.28678807078617,147.37215507670075
598.2496364018451,411.9687729499585,133.54898717076713,147.6030372982745
598.3371973082602,412.0655637435475,133.62061115294836,147.78609865352524
597.9602068881686,412.3829224246747,133.55252526883118,147.56500677001537
597.917437728863,412.26128962883,133.63242786536773,147.7632927596062
597.5085985176491,411.4823385463191,133.96330898483416,147.84245053700135
597.9529652075886,411.5554434558326,133.77243769363548,147.88556010505278
597.5601005848297,411.0762940637702,133.9154627503296,147.929163209036
596.4230316411052,411.51169085216225,134.01840942226337,147.89935385752509
596.9169854269221,411.367797852007,133.82785130360202,147.85987337333654
596.5286507921539,410.70437617356663,133.95432497453612,148.048508698563
595.7243061380752,410.38758188019926,133.9756721396347,147.98329129746273
595.0391776476156,410.8138395397281,133.75126240111746,148.32388370259483
595.5109586281935,410.60041868405926,133.8302263465244,148.33612277664156
595.7162908926091,410.42809188345075,133.93690587525313,148.205251862945
594.6687730276357,409.79249043330964,134.1040901666776,148.51799264412475
595.130902789966,409.6921837636824,133.80898776796704,148.10679947150027
593.6950705580572,409.75647873793525,133.79727801761223,148.14268527689794
593.8132924300247,409.6338213313295,133.72134333847063,148.07716717241925
593.47775915213,409.61982791525617,133.76388052442886,147.9919274567286
594.8529792572964,410.13869577941773,133.60514897422195,148.00626854496437
593.717794106832,410.1684409830386,134.0219285482984,147.95783699073047
592.5846124860852,410.4295641464058,134.26033387353212,148.20112732991248
593.3312773828682,410.10080191658994,134.6034290267512,148.59164566051777
592.4841840430347,409.83768934660617,134.70602518269837,148.46271108864755
591.5701340143539,409.01876063933094,134.92207434913746,148.69383749371468
591.1203820790886,409.0631260600013,134.7454194576898,148.84031519352877
592.6414418052607,410.1491270475246,134.49231720581565,148.84427375925375
591.248916380267,409.5414131362707,134.78350065849472,148.72124769286833
590.35832471829,409.3727643546505,135.09063715608613,148.5560209397979
589.6143765408151,408.5990531531847,135.60537777411264,148.83215006022067
590.7937705624702,409.0465719248349,135.27611191135972,149.11873168424813
589.7014973708386,409.0495349912785,135.47812603182075,148.71658093340278
588.5041507987675,408.0951242037177,135.6631796267077,148.47054582670071
588.5872827667897,408.05348506371206,135.52212662814827,148.98922676827402
588.5099056412961,407.5691515886079,135.9216416159586,149.3995318901551
587.4262233337967,407.9949435715973,136.00201682818647,149.1507379818355
586.4057592510494,408.18054516811696,136.18616374940302,148.82854106462872
585.7652682220073,408.03887622399384,136.32337964270766,148.61120702971445
585.2572703499369,407.8458716694921,136.4652754169844,148.84165940034137
584.455578211618,408.06672029256185,136.3428818291661,148.60137375908312
583.4406275908317,408.00293103483455,136.40459466570178,148.77547767094433
582.2687636297571,406.828253762792,136.54974446857292,148.87277299376186
581.3686300840486,407.17506261796933,136.41666576531233,148.88191478772535
580.6648622014349,407.1387355410331,136.55096764000626,149.28989883184897
580.2406393769375,408.2474674873014,136.61242360012784,149.50976303951683
579.3275320592285,406.7416531591582,136.76828553817342,149.49816638833863
577.4610406224635,408.09758562692093,136.89147355658554,149.54653270929816
576.569803004598,406.581410891337,137.1066757715722,149.86723252417033
575.9105110425437,406.64544763353433,137.29575513425655,149.9749386530321
574.668831111654,406.3077328891644,137.34003404243805,150.23492579424538
573.8643990625179,406.37494500813534,137.57860154322924,150.3421180289053
573.1345141355874,406.536025911865,137.63826294047857,150.45872517453097
571.8894970061897,407.3152633698806,138.0852817192327,150.59107154851594
570.7378749181694,407.3645455932426,138.3585702697393,150.71434781123975
568.2407795464779,407.76829846662696,138.10702012261913,150.16237781605227
567.5138906747995,408.12280524588033,137.93268078147275,150.39418673965463
566.2148367278911,408.8148444780862,138.0310564193539,150.34906284315218
563.7341286638107,409.88481376654,138.45964707754408,150.53410929355783
562.378615444921,409.38359589415353,138.31597962570544,150.69814580689686
560.5385786006225,408.7825907066847,138.3965068818074,150.89662401058519
559.8475121081608,408.6929018240945,138.41273923101156,151.0034994458199
558.0768120911648,409.2423797597462,138.22132948297536,150.98213427848074
557.8685337291207,410.2615340447353,137.99445984836376,151.54259585010416
556.9351862963856,410.0149549460456,138.24135307332324,151.47946950063147
554.4226156117601,411.59171046633645,138.33826463376712,151.15080687351715
554.1971863455647,411.5001270914988,138.2828129416248,151.43826409367327
551.801753625525,413.081554330509,138.33739507939708,151.3048709994726
551.002769845587,413.53236831495815,138.5692672155747,151.64067372229334
547.9853715727534,414.15748061222024,138.76953006983555,151.99287804088556
547.3187960470015,414.6873104809701,138.76049097489312,152.1798796088134
544.6151067814997,414.6277758863348,138.83895343305136,152.58500030984854
543.25228234787,415.7360596660081,139.09981600918812,152.71208213786156
541.9787794904855,415.70312994082246,138.9507484302712,152.72238497055565
541.6247497129052,416.0740104452485,138.9545815512011,152.77311241747583
540.3010861705453,417.9784968724407,139.1758505819504,152.75252662325698
538.862492625989,417.6133301398113,139.51599457642808,152.74895173327963
537.8666183292906,418.7415437639389,139.44916730121832,152.6801062625971
536.5761718365861,418.4262772400939,139.6231758547882,152.70718263428085
534.8464049070582,419.4320470816307,139.92379133310686,152.89580989189628
533.3913456220171,419.6362443902611,139.80228749336862,152.8713139202749
532.2350320783357,419.5639451891367,139.59156028881526,153.15821808409942
531.0009452123888,420.52412328683505,139.91558471727288,153.26096536427337
529.6830750336406,420.3131835244423,139.84023260269274,153.41628192056632
526.9052404534365,420.58962423657806,139.97766503061825,153.38463769083293
525.2271616019486,422.1957066026408,140.35112143201934,153.70397902026133
523.5267683108599,422.21344931233835,140.53415579595028,153.8505844346495
522.3144213353224,422.31577105733066,140.3940206359259,154.0310173184804
520.881272129959,423.34012907120325,140.6200991198187,153.97505348513988
519.4951462207105,422.98292598211964,140.43141844510603,153.70351217356858
517.6895085452504,424.14075890582865,140.72233051286855,154.0005310528657
516.0653693235946,423.60856351802613,140.629537827335,153.65362581845332
514.3489287719949,425.4428172757557,140.79478620767992,154.09596100776702
513.1904094313554,425.9700565298482,140.9878505656862,154.18652205799273
511.1746281205236,426.0332995521085,141.237250521029,154.30994212125552
510.02452801186314,425.98130354078967,141.23601812879176,154.43978864017845
508.0290692137275,426.170306669408,141.04508433803915,155.07251324555932
506.18212985588127,426.17202478546716,141.1143106680199,155.0971729070028
504.39969175498544,426.7766695535226,141.2344224941249,155.46535641528737
502.7048710298677,427.96572832021195,141.48451850368656,155.6137486437189
501.48235297792843,428.07802310135366,141.92076626032085,155.43396618024147
499.8758529987306,429.6402069724952,141.9378755536622,155.64594577949578
498.6188869795857,429.47746060588486,142.14574823144793,155.74375098994756
496.3133585965674,430.1470957832646,142.50345950798246,156.1274626841764
494.6686701791158,430.69339107932103,142.79055372340937,156.30480746155513
493.45455018683884,431.5666924287102,143.07463272201667,156.50119601949066
491.8006129135629,431.03288487985685,143.03961128391896,156.11998969175943
490.49345784563064,431.5467059091926,143.29775529543952,156.28629816695477
489.2105240442687,431.7569186437328,143.37112688452197,156.66793348078386
487.7660663370972,431.51071352508785,143.48734485013466,156.75324402406014
485.68522611411163,432.6261920962236,143.16198811425141,157.04269074378823
484.23080105005454,432.21919668005495,143.51814630587276,157.0543948320077
482.2361528017599,433.2918720131219,143.60178598788684,157.21763004806064
480.4290558103381,434.1408517268452,143.6383606565367,157.30150057380774
479.083906191789,434.1342746053915,144.11419665968708,157.50929761382764
477.78666837373555,434.4663286306097,144.5072691547723,157.3970346966958
475.9745603208394,434.7801499620997,144.5680921445674,157.40438075890117
474.65608948352116,435.7077618291885,144.37534193230195,157.85663616786638
473.0443534051879,435.4558764926492,144.7071815320531,157.6025254975801
472.170347801562,438.1027572605316,144.70469945126473,158.3042831230398
470.4355460945185,436.7714862179798,144.21037249692833,157.95579906411564
468.6984066465718,437.69961083685007,144.48754860771123,158.32993274568668
467.7478160685672,438.1681131572951,144.1930140979032,157.77881995955948
467.0102400952255,437.92265165417973,143.91959786736334,157.5899968148198
465.8010812167216,439.30258596457674,143.76237555860578,158.3070020686902
464.35114836907076,439.18507850975675,143.99088266854983,158.52097454755676
463.31966922757016,440.20192974444313,144.02761609994278,158.3483892027415
462.21074391575473,441.0839173683461,144.2176547194843,158.53705150815068
460.29804112214885,440.8311166132695,144.7951800862828,158.7509531021795
459.27572884561266,441.25905300108076,144.7631065745511,158.84434240913367
457.62868976968787,442.52283281453407,144.73591044585254,159.0206948019567
456.33350337607567,441.7888147888908,144.7870998548574,158.54107815568003
455.4050249901888,444.09065669237526,144.7214151108993,159.09708711299334
454.8801413372471,443.62988688620817,144.78614061962162,158.7736376878138
452.633160898116,444.00593553942144,144.99215765785695,159.08970651812888
451.53950952543784,444.3742596457966,145.1188722817991,158.98636033832614
450.44931229302097,445.77793499315896,144.80722968875625,159.5431890163888
449.74279295475435,444.9270626020097,144.86337017669854,158.89739151276822
448.02596482963304,446.24726657465266,144.8091769529879,159.54165296674373
446.9919666269255,445.60079431776535,144.8097285570724,159.17082823537066
445.6124485798545,447.2941732744283,144.9868926648252,159.56470472527354
444.4741875751131,447.1280937473254,144.84791689446178,159.32450087969903
443.12059175353465,446.69585888375224,145.05099867815218,159.09250394634577
442.0221760085838,448.52466132834184,145.13181115751004,159.7087666642833
440.77531233384127,447.1919351401127,145.2210299162969,159.217667441239
440.0138584306047,450.18547750348023,145.47673904093855,159.87832927746172
438.8106895562541,448.8568288930482,145.62567031648007,159.72775825606197
437.5172963327089,448.80645564173585,145.8364904530694,159.5875100966402
436.3093887274127,448.83657279658564,145.57840839727385,159.78766439968783
434.8991765661413,449.5997806270771,145.39417187501374,160.09889903777716
433.26136377537557,449.77452513898606,145.57097009448466,160.158412556455
431.38294124778696,449.51702798235806,145.73711166226568,160.19998359733978
431.0616304249889,450.2587208047087,146.02409933378647,160.63421443918793
429.5918008868904,449.9220278886037,146.03036946154293,160.20151318281293
428.5512934131354,450.24961019491246,145.69763042269423,160.76870083650704
427.53959470978384,450.78435758072703,145.677543856848,161.31201405399844
426.93997554925346,450.14989863496544,145.73097836874277,161.24191348143313
425.5405257353456,450.3237418525014,146.21708664905472,160.99914779125706
425.4488738235491,452.30100709282976,145.82079293989864,161.85892309291847
424.25306490154117,451.9054249493926,146.0098317624606,161.57760455546727
423.2850407291806,451.5528278411409,146.24770110060527,161.39235890399732
422.64655599305456,452.45665885494304,146.29676720676838,162.11236582933503
420.53436809902826,451.7187068990853,146.6545098180174,161.7034620351712
419.5043060129875,451.7485769708369,146.46072702484315,161.91467107656257
418.78175785716087,452.2730605048772,146.51827035988825,162.09928483619504
418.3099776274205,452.8849761272924,146.57566293549598,162.42358708383438
417.53633749633593,452.40307814920806,146.47188213962073,162.04318612437655
415.81714233665446,454.2621820061663,146.5357571639549,162.22655278370524
415.25879388988267,453.70268755381693,146.31943062858164,162.13422450681685
414.92804311970303,453.54211033459995,146.74828767059267,162.06826391377004
413.1992394366256,454.5430925254591,146.75111040501832,162.1289711934287
412.9269773521539,454.4054180131974,146.79257232573173,162.33373421458893
411.5765126371321,454.24461918672773,146.91616973596948,162.63345104899733
410.4279109487997,453.9424318806015,146.92185752387388,162.39228847558087
410.0159019859073,455.25409167827064,146.84162721204885,162.82908779389314
408.84691003854954,455.170702355613,147.08789887035996,162.54403244601195
407.81713783536964,454.91081556201436,147.57557998307192,162.45018253333888
406.86761178897063,454.96399507580577,148.0069772516131,162.67968185078774
406.60996946141995,455.80495996534887,147.94304977759833,162.96026766427667
405.5558960536424,455.5127904053155,147.9470212639451,162.73054144716224
404.4134886964464,457.28554681278064,147.6911384037216,162.85282786662233
403.07735152483605,456.73450904515215,147.75577557996544,162.49607542946714
402.87684887541235,456.8298982931667,148.06553200891688,162.5751348493354
401.6712922752881,456.5265648270726,148.27962634739475,162.44840543018623
401.7364532839879,457.86603930979226,148.11794792452835,163.1007688827309
399.7279523045314,457.16594319544936,147.91650219819957,163.0942212804459
398.4665841461786,457.12179269609146,148.08709975719952,162.87133662118367
397.8094523119189,457.5957846406328,148.27464824246096,163.0928357977062
397.65005319742966,458.80266439123614,148.51955840055805,163.79905806224662
396.575851791112,458.25519608155844,148.5142205687385,163.52702354646252
394.8714418191886,458.8551195093599,148.6360493932004,163.8826568134258
393.6061044730561,459.12969564042737,148.6663583513651,163.740003519892
393.19315181339994,458.6499880833169,148.59764426540784,164.16469272964838
392.71454233886146,458.6949623825195,148.957887828342,164.53059133497464
391.9134836530658,459.39630500108433,148.74662603142295,164.11571080871
391.43203768780154,459.80296943899657,148.679959064933,163.8439919950079
390.44456577947415,459.49473365488825,148.65755588432674,163.74476532103705
389.6989671449349,460.16602451841584,148.54150484713082,164.00064081119828
389.40842076861287,459.8759899056627,148.88624819591666,164.01459102148775
387.2173697346756,461.1639506948397,148.813090463834,164.65413498878812
386.986585073192,460.21697039069664,149.54476091680985,164.28027929191367
385.4497225560777,461.49873366213967,149.3624410863839,164.38920686775626
385.1568202128611,460.97767737519666,150.11133808801415,164.22967514022773
383.49480697021454,460.69769757436586,149.80310687334082,163.92507461463103
383.7374181830583,461.40616306003545,149.72085473187678,164.4012324608883
382.705258884033,461.331830433398,149.71005025825684,164.36351778974668
382.2539148112107,461.97132600810323,149.48978057824084,164.4791972459957
381.44533210267554,462.7029081420522,149.31680310151987,164.68163780788598
380.90457126300385,462.7191611866401,149.6555310420212,164.8247324858457
379.80767120436093,462.4126853234875,149.95790936441574,164.7760352234272
378.38840706725364,462.04223582978886,149.8785919126171,164.40597670750574
378.313717890644,461.813981135375,149.7911887283036,164.5510557910909
378.13247282754264,462.34885022432456,149.63003750662125,164.35738411910074
377.14540438744206,462.5390951276485,149.60775376495044,164.27110257084325
376.7430153766726,463.510819655465,149.41284298233973,164.83894144283784
376.83113169466486,463.90012337441215,149.4110369168899,165.3450929303815
374.8328872712261,463.1349709107777,149.7518317558938,165.25004404447898
374.77688702039205,463.80219160322747,149.98514358686714,165.33315370022882
374.67267542494176,463.4547689205334,150.26422845667796,165.38241245577657
374.933943221445,463.0000405131756,150.47048767682764,165.58070533244677
373.32299308644014,462.8893882954585,150.57450378774925,165.5395637220053
373.2383441483747,463.01603791252205,150.75553466963464,165.26742196768606
373.0221805082527,462.9438706954804,150.52458241649254,165.26738648664153
373.1818877792877,462.7493062620177,150.50552730235142,165.04735677803214
373.37510337644244,463.5819107301037,150.50930620010973,165.70465570013658
372.63632746493647,462.25540390428387,150.70149089188834,165.70509743519597
372.4397760852181,462.067968479347,150.64778334620655,165.55505026529815
372.39573407070395,461.7029948484151,150.9042546094459,165.73046976760997
370.87043377661473,461.166476224307,150.99666165705113,165.1655260778683
371.1798874100967,462.0931433105836,150.56010095759882,165.03035348826194
370.86737870928,461.49400693447063,150.5685860930922,165.13388048529225
370.6626975849957,461.756386732326,150.2967754343083,165.08886779753098
370.3935965312728,462.2751968955059,150.0795563801025,164.96862434704843
370.1754387671981,461.8629906211491,150.3597895463153,165.1721712527377
370.1818403383261,461.84333776794483,150.3379744034242,165.00959541634435
369.2934043755896,461.19853754858906,150.28404364983527,164.9585215739356
369.89706824251095,461.011111003876,150.23622187931807,164.5769050560085
369.6171206901962,461.5218645163164,150.05624095207196,164.73201326931743
368.18496749730775,461.3399156205753,150.1192339375803,164.47346488140963
367.89942738471393,461.74851518468347,150.1793412456879,164.61199154226347
367.8538641086161,461.48309548728673,150.17365128792147,164.63588127389477
367.58366580674993,461.0093616751733,150.23995683864484,164.8929641525237
367.9841900793963,461.07051390846493,150.2458927775479,164.94182322999933
367.03731261367795,461.63122652325956,150.2299216853105,164.93308034293935
366.1575270588136,461.131738330238,150.62066330628485,165.17568767466486
366.04810555690875,462.1034944130614,150.74881463186864,165.4139715829317
365.1480113238737,461.28413390683636,151.06163022272517,165.5653026732398
364.7870384542272,461.1119575681935,150.90646160645406,165.47608425029063
364.2370058383306,461.0484915244099,151.05997509807764,165.39335016022733
364.1966252998267,460.52034018526854,151.0767753844513,165.42018692473738
364.26640020599905,461.3309053376407,150.84217046880457,165.53736779152484
363.55582883208456,461.0782065693773,151.01950077480768,165.45517123615934
363.57028195695665,460.83669335865096,151.1579386183863,165.42476068451708
363.26298505514745,460.4271887520446,151.49887775248146,165.40383435657685
362.35888673067143,459.98223179063916,151.21978482967145,165.13984706001972
363.01631680697324,460.0873408030775,151.0278331500827,165.1528590096513
363.1616730144912,460.28896238915075,151.03946532547218,165.09744395749806
362.8179671565309,460.5930175367855,150.77965999417822,165.2370424000787
361.4698798700133,459.97557573338656,151.0256733485703,165.52983174046193
362.2610426656312,461.0621130300964,151.14636451529964,166.09579323026378
363.0273692591787,460.8450749473263,151.13592657535872,166.33151361675218
362.9756430519666,460.47468664428385,151.49302342638083,166.17399505872882
364.4097665272101,460.3569431372213,151.526149862277,166.2738605549572
362.8517859506841,460.2377082596953,151.66266984940495,166.0208741888029
364.2834739389045,460.33702503877294,151.43371522153586,165.92797536637497
365.5294337958444,461.1744240840022,151.527026096569,166.2849699166025
365.68318887395765,459.69514290419454,151.49660222807938,166.1725679398225
366.78675842119696,460.0246317811001,151.29614290693138,166.02724382199017
367.58831437952574,459.80812290108315,151.33086971154916,165.91667228806733
368.2287450945678,459.6245267738326,151.48538456797175,165.3379180875666
368.54304687156605,459.76093354504764,151.21099386430757,165.55667802788832
368.1384077488042,459.9135523668836,151.08144686015925,165.56212938649182
368.7239852816497,459.61101135638495,150.99112975947992,165.66907536394058
369.2917644042541,460.72655372651633,151.12678826441612,165.94268270131457
369.1954753738821,460.05727799431804,151.3619942036471,165.94809081224892
369.8762450298833,459.60351348874065,151.31069730611915,165.7521151656583
370.17628358987827,459.2706909121621,151.32857557276793,165.4550498190519
371.00268389835423,459.77336420092524,151.3985574484536,165.84628179186444
370.6338656080337,458.7265728598916,151.3564974453468,165.59997709333172
370.9066711351071,458.10970239561607,151.46136231044673,165.6855660281313
370.9677447694246,458.26250037574357,151.3505680120766,165.38323641381868
371.4472821119796,458.30142468411924,150.755720860307,165.31483082869127
371.70233473758606,458.59534467534775,150.5198263601508,165.62314566715324
371.9245326697145,458.0474984815653,150.82411728636015,165.71316035467538
371.7400668727213,457.5269317600115,151.15584160844287,165.63826906519336
371.5891373648012,457.5333685120045,151.06576768976043,165.84487287198414
371.86906643413977,456.83003687199243,151.04611580461182,165.91364707672886
371.91688451096354,455.8393441190981,150.4694021885296,165.73977392696955
372.20799035788417,456.0916836778229,150.00093336776092,166.3592888355132
372.0742768668197,456.9416039424549,149.9896427426301,166.22819821088183
371.7591285374144,455.27449845122476,150.59478035538677,166.38260844451696
371.35599968729514,454.1268349121493,150.1505816032556,166.36240760671333
371.95013514585645,457.54548536157887,149.7409797454096,167.11647299890038
372.50156190116166,456.2969968631917,150.31223652818753,167.53582185999363
372.68752968058925,455.6618581714106,150.64660897657274,167.25894016781882
372.95917364561467,455.7556474736916,150.35539743392724,166.79587071304647
373.15069084187604,455.2897032926465,150.47842817163828,166.3764919757563
373.0347431656039,455.3259576433351,150.19264538258864,166.11835417477167
373.3942688366242,456.93234352973775,149.86321109620252,166.0978388526194
374.29106589202985,456.82513467648926,150.31227083213196,166.07370811639495
374.84006872982167,455.94266233890335,150.2433227785042,165.83581608731262
375.3252941834198,455.52128873663975,150.1133836105618,165.58495729666166
375.9786501132184,456.35185508404146,149.76653642696343,165.5707999999219
376.1596349958155,454.9971127441712,149.98931904261707,165.39351776910934
376.9607664464627,455.20926800667723,149.52072206062672,165.04817347425143
376.9924794411045,454.9125713624348,149.54960703640432,164.7002664897947
377.71709791920443,455.52737044111666,149.1270417282298,164.8120271132918
379.14538827263596,455.526533512417,148.7588013991745,164.81628525067168
379.25482767367305,456.19432175978864,148.63629697470859,164.80578617044102
379.57761527677036,455.3621816572195,148.54289413131838,164.89131719573922
379.91034369742437,456.2519335434689,148.3436897063826,164.84864556511656
380.39665370538717,455.37727694770257,148.52640094446247,164.89396460171918
380.6180246602147,456.4241135101015,148.16583281441427,164.88873499460618
381.33154098571663,456.3278474686251,148.74397480025115,164.7396232374845
381.84076399378284,456.60432170191166,148.74298328908554,164.54389440735167
381.99888693209823,456.5146202602664,148.59741820359437,164.64330153926124
382.4505285603253,457.00197095502165,148.52355110295522,164.4965784031154
382.85435920770067,457.74964572643233,148.670569178131,164.50622778264201
383.0522314053975,456.82036138857075,148.95100747002,164.54746752846398
383.3707549149771,456.5025069977433,149.2155385195939,164.50573322301798
383.9096572606222,457.47092167320545,149.55908573794107,164.8804797616811
384.15683557077205,457.7833011547521,149.5272487037277,164.88258636436458
385.90373636048867,456.4961588612129,149.57367215328617,165.14562908628488
385.86422797306045,455.47253105723905,149.44687060286157,164.568928967609
385.8943695316692,455.6171983092943,148.72201810774487,164.0885653320861
387.45273068803135,457.06922562708,148.4828447280497,163.98386405764438
388.5774943594741,457.11762158652266,148.8339405159626,164.54006939408438
389.03154729096815,456.55786963344696,149.22175979335532,164.61397705828483
388.2203166032374,456.4472767693203,149.27561228877383,164.3463026860304
389.4815297127459,457.2299782726797,149.19796808841835,164.2277586814249
388.5644186551675,456.66067319231354,149.4761267899551,164.12895019057646
390.3154144032089,456.8436094099559,149.43475784292934,163.86546751560718
390.27602309647386,456.5675101604374,149.26811311613034,163.34746318719056
390.96604117129124,457.6315537822684,149.07556552240374,163.54091725288532
390.64804800163176,457.6630856790751,149.16938729758996,163.44358452499216
391.6772796303576,457.6349908724521,149.25174502021042,163.1831952135823
391.58270500700826,457.5626972466755,149.1663492232022,162.79239012113754
393.0047821820649,458.27920671919986,148.83351641773604,163.38733481439442
393.4540028234412,458.26888660295776,148.9422319838909,163.062718360668
393.37700595441515,458.686390434817,149.01085265557725,162.9307235806127
394.27198060357364,459.4016036223716,149.23856898187887,163.06862904315753
395.0111448280242,459.3554736653017,149.1725234767033,163.1946704894956
395.2291093137255,459.2797867510966,149.0671923231986,162.9932603101181
395.8815590388628,459.0139472528732,148.8828505387488,163.05513153273634
396.3983149027871,458.86893550922616,148.56274745986792,163.2405534729085
396.96898902425613,459.7248084514274,148.46814809350158,163.56142706482436
397.0205304756367,458.80355386797584,148.67266577834687,163.84078844844805
397.64029528637894,458.7538440090853,148.6029085434133,163.78193193613234
398.52416628432155,458.79913346974973,148.39781746648862,164.00823887357762
398.8672388723925,459.1837222465953,148.27048133232367,163.98756178623316
399.603830478256,459.72888077346306,148.30502300176883,163.9412188936458
399.08986981950693,459.7094031194969,148.46618770124402,163.78375074550524
400.98094785735907,458.79979270222566,148.37769164636796,163.97776475193038
401.2474531718967,458.69025969565723,148.1138937698733,163.31151034003364
401.7001818225463,459.1368733613297,148.05733762118493,163.0627676478565
402.01323431559047,459.1572360489737,147.9640426078597,163.0575061421402
403.12351726158874,459.08457925033804,148.22914418298046,163.08171107334914
403.9813001458397,459.2642889461713,148.19182944253944,163.23539790860372
404.584767112493,460.19842104456893,147.9288561758893,163.66853270434697
404.29164773173045,459.6860682693314,148.47947514581728,163.53383791092705
404.94570565536037,459.7884648236109,148.35033201965732,163.03842283624442
405.73083115687376,459.9450426072523,148.12767813882297,162.81594815129637
405.9764394068291,459.09827098085793,148.0650113756504,162.54999311783791
406.07278486729075,459.5287730878346,147.76956910283423,163.01880822551686
406.5313467725824,459.74478882690755,147.86023061253292,163.31985218730094
407.374042642366,460.1712741538936,147.54787060838595,163.3819575507087
407.0290119915543,459.69292300329806,147.72001004502295,163.28934308802187
408.0912594341791,460.68298661956925,147.50277545850224,163.3127151249649
407.98211745836386,460.13825363953185,147.99125605658475,163.11312442629497
408.1748726928819,459.8116410564596,147.92327675600953,162.49309221767595
408.42202838383014,461.24767405871955,147.8527497195014,163.0456203770507
408.63644465020775,460.9585283161588,148.08880705882024,162.83461374501144
409.76381160367595,461.13288014932334,147.9482875722025,163.05271538177914
409.1790136530814,461.430447664024,147.93054428672315,162.6650391166925
409.92516255801456,462.11536090461226,147.85589801093738,162.72593081903332
410.34000938046927,461.79253939495374,148.2018310015794,162.75839570438586
410.84483574680576,462.16405249846036,148.01241799163523,162.77311690910057
411.19528971938087,463.0228838527796,148.02862914419458,162.83163327570307
409.9628397922783,463.09536670125703,148.54263821890444,163.16532479458192
410.18714031608897,463.1414128263608,148.9843753537325,163.25420380921355
410.2387232648905,463.1264400693373,149.19832819025083,163.109844703829
411.1062592892493,463.8381665014462,149.2733967512744,162.852164873707
411.6099137179781,463.77515018225466,149.4515851777523,162.75793641513576
411.770305846323,463.6251088829597,149.42839159403223,162.84269426914358
412.0000030242976,463.0213369828808,149.55731510917695,163.05414521337093
413.0001118570408,463.49227331093755,149.11562968169707,163.0789266195286
413.4262166932307,463.7558222926968,149.01603713006017,162.94707370143365
414.194853427722,463.91214428047033,148.74349101512718,162.90940895962825
414.68221554511547,463.2389120587244,148.56994851394842,162.96932931857123
416.063844990877,464.5403592235009,148.16549170257986,163.32276004318686
414.44775394452364,464.15055967814715,148.56888789898528,163.41886206262822
415.09066240493024,464.46824541738226,148.53853922749306,163.41175650145917
415.88023190619055,465.4067373270799,148.3548713210113,163.11320035445016
416.61137486708344,466.2028008110251,148.3161652112753,163.13489691961792
416.0826123999174,466.28280148705767,148.64646519958532,163.23609942282877
415.9983908744988,466.5951617194734,148.900009825082,163.3587579629526
416.90620664482543,467.38640485751523,149.168598693822,163.4955369094185
416.9643423432035,465.8630746957292,149.46892010364348,164.30475998476044
417.5730221457943,466.613650237237,149.4940875065186,164.1202911212503
417.8092048418721,467.31838076001424,149.3364013197807,164.1570075583007
417.40037263389945,467.47830674034986,149.68775168815097,164.10364534181585
418.6391807068297,467.89756844498356,149.78972586287762,163.94200062326811
418.32769516736107,468.3321545804638,149.83117185445826,163.39286068067491
418.0636251170673,468.3069584806615,149.5127308536282,163.63841256887144
419.66794758430024,468.95428434498245,149.5142938583104,163.6672233264966
420.02025547038477,469.97760174099034,149.46474034438486,163.8535962039297
419.9194652341989,470.44357521582634,149.47589565920956,164.07186786025287
420.4529853553027,470.83116515377,149.38813910745458,164.6773443459455
420.1774519585232,470.47380935441424,150.03583645938508,164.88881118700468
421.24164158368893,471.01711823774076,150.01469144863188,164.58549733680593
421.72276418171606,472.2585568772463,149.7348593537739,164.67068403217536
422.1227478021681,471.3477595841735,149.98447304453336,165.15975884865233
423.0922261992233,472.60810874114406,149.93582796840997,165.16396740841418
421.53826705621435,471.7801965056431,150.46067168472572,165.14757844424307
421.92194162743914,472.831974909968,150.42998117503146,164.80634978348152
423.4287822055381,473.20403762375986,150.56984849791377,164.902988938055
423.6635624340989,472.5526090142063,150.68301660553144,164.76179715642195
424.1731070978323,473.515139277598,150.129191777252,164.74830753627765
424.4483717391296,474.02067802493104,149.94285009288598,164.9112367421274
425.2512483752456,474.80648970679795,149.85224021512408,164.7216048840164
425.7028051810154,475.02583492510337,149.93697810409574,164.7631465073611
425.95357109200546,474.36062018056157,150.01992305108604,164.3434266272049
426.8236249749325,474.8704999335163,150.06460198643435,164.11121435201593
427.92880551680724,476.21159743130954,149.88306308629387,163.96971502369638
427.50661714818364,476.0523045461301,150.3486656276316,164.49438252716288
427.54491165061916,475.33323317878876,150.82738389185687,164.37590633293615
428.52829483297126,475.97225255145156,150.7305255023496,164.28167770247111
429.1967375566527,474.7878963936592,150.8475009339311,164.4694825301866
430.5896440126544,475.7183082668886,150.90675695350734,164.45584689884774
429.35575241933486,476.41916610334835,150.81121401976978,164.28887994705102
430.158574984433,475.65362388187543,150.8387745418104,164.46063027878307
432.14116942689805,476.9215300280473,150.74973411917586,164.69554156775348
429.9884718280223,476.6357134154797,150.9675243173852,164.46362842381293
431.8002616362736,476.23488843286987,151.2626599394536,164.5963951249678
432.66167139947777,476.62271204280404,151.14185423941564,164.53780996116407
433.38043957326477,476.0521471718555,151.2912093045765,164.32933819587424
432.97316119993013,477.00806215502206,150.9122577838432,164.14023815088208
433.78376180694227,475.33578278962597,151.18588691592635,164.63119542598574
435.16185025148695,476.34677489987297,150.85479819402764,164.6270098676774
433.7168855531976,476.0576815570085,150.7135171680904,164.39934032553163
435.2031700702011,475.76731384207375,150.67942207397905,164.3971711781459
436.6548868779346,476.8929197214826,150.4480804194191,164.3093777123275
435.64711055290485,476.59343707095286,150.61767424055247,164.22941761837495
436.85713695304275,475.5853739451416,150.42013559280346,164.30730298426292
438.4179832214818,477.83277274706535,150.2468137510396,164.4725109498735
436.5908516295389,476.76166263804845,150.1329978924906,163.69334945594744
437.6487029545019,476.61184079444706,149.9332351696657,164.2811217873782
438.7438308295416,477.64740193802356,150.14944709574917,163.81952649206934
439.58147486983256,476.57528499913127,150.4700188765411,164.0042160688209
441.03810783644906,477.3563096723616,150.30789115360471,163.83980277830665
439.9959071642365,477.021321588443,149.99130964127934,163.93145927737393
440.89354038027767,476.7941334628249,149.8522636452932,163.83331310772707
442.10902986473263,476.68330664945495,149.5044209964974,163.72171376806293
443.21939135050263,477.97544649982683,149.3204063799074,163.81666547257737
443.6884757491772,476.77513368893057,149.63575294529778,163.61133787781716
445.32260329410764,478.27027703918054,149.66927807928337,164.3083969204966
444.34572757493856,478.48742368191876,149.80206005522678,164.24525183386314
445.66735164805925,476.82473538760337,150.32942686679488,164.06577445864198
447.3795487519003,477.86092480745583,150.2819226031893,164.51079421474694
445.6190931162356,478.0496383625318,150.71624310761194,164.21829575127862
446.90712312359005,477.7635291544651,150.9449385421981,164.66896372662387
448.24594467073666,477.13007297904403,151.15183409841757,164.50866073971264
