811.5,368.5,75.0,43.0
812.36665248038,369.14916395402935,76.36214877840612,43.86967398212375
812.9473087432189,369.5902141558597,76.72289307073699,44.524820044146004
816.8052641691512,370.5115979964882,77.26693857873562,44.272340882748416
815.7214510741555,369.94489536331037,78.37733584588284,45.37002849040551
816.7334551888583,369.9689123343248,79.57030187490027,45.70216391020645
817.5728916695681,370.3409429576689,79.6851408141917,45.881064971448204
822.4197087882322,370.8121494264979,80.31540203127028,46.16209864137991
821.2556513995462,369.89437578838624,80.84982648481257,46.312530699440636
822.225709796268,370.3259024389207,80.22249793943124,46.28917458055021
826.1711681016194,371.02710083248337,80.08030483565585,46.373013769644146
826.6950148386045,371.418949668783,80.7890564119252,46.5206756265401
828.996631621305,370.7527796525774,80.4197348376436,46.500883696175144
829.1589330872115,371.0581987871532,80.45962962702588,46.75100626820248
834.2045805630027,371.7393488484911,80.51718416274814,46.77462893510029
834.9449072439893,371.633454031138,81.74589545340851,46.966101114052755
835.6998182616722,371.4441319796909,82.96298520126113,47.28747930197037
835.0833209165496,371.199963064847,83.28031420537576,47.4019470867115
836.2739597059419,371.7668828174013,83.5093009278913,47.44347183750803
838.1543915478067,373.02532632227064,82.93887026952198,47.543989527094986
840.8004209829921,373.24209922395556,82.2996272179376,47.566049737261594
842.057140080642,373.5465533648045,83.24519652424013,47.4544781412212
843.2207913860414,373.43283998931213,84.27709057634408,47.489785904764844
846.0836825662017,374.0790764982,83.97669369118213,47.58868926314124
847.0682761278205,373.9842576634368,84.1414494104281,47.8387606966783
848.2136108622825,374.2781772907613,84.79041092676404,47.9247856278394
847.2211047234749,374.22841173484744,84.61171189494621,47.99543725923053
850.6988722632093,374.50642543956616,83.49306894346827,47.94612824693361
852.763399453399,374.3762350227951,83.74843305063767,47.869856265133876
854.5429371392925,374.93038080685244,84.91202060457101,48.05483456968457
856.6139613006799,375.0259120267363,84.58247514281894,47.93291696747508
855.879989183362,374.8424312490895,84.57517545140647,47.94844956697529
858.3867600634921,374.9228661146999,85.33055411274658,48.06260943542112
858.3220070591692,375.1361853058587,84.90482711968333,48.420996530512916
861.8466633043406,375.31088639770934,83.43038283155013,48.29588395779349
863.0168415604542,376.17268179223817,84.00546616345453,48.52967453641933
864.1444851804147,376.03357108534715,85.63513719074543,48.70273560953456
865.0261321300299,376.0461603471437,86.20949740528455,48.688011591623415
866.1732116543728,375.8047418404232,87.2075005365454,48.97158683541205
867.1758894999206,376.40146094176913,86.35476301523445,48.987254124358415
870.9055272961187,376.39989977504445,85.15423976887696,48.6827389153216
869.5224985004322,376.3001675856373,85.4809307811943,49.047347841955954
872.6854263290902,376.9902853720587,84.2106171160658,48.59767548055429
872.7666570847335,377.7060451325471,84.43207579749773,48.636500145406586
877.3028165485174,376.18588275682316,83.81314508404115,48.66397914223102
878.1849216279322,377.4427610717708,84.08285378278599,48.73093149289605
878.3720651707268,377.3667271247181,85.5460006314086,49.002467673634904
879.2706649213387,377.8274841147389,85.77757491482217,49.00977638980231
880.9554614763804,377.92735052166404,85.57180111778837,49.08570590872519
882.2942560781672,379.07887999270986,85.32883777824355,48.71841807430727
887.0897443826236,378.2478897105366,85.07485534047319,48.70055020611293
885.2802191345277,378.39388593111227,86.02477574976633,49.18584381766534
888.1242506010202,378.98528916812285,84.9286074433988,48.875770161770944
889.075371804639,379.4330675771214,85.14690732398778,49.01202493873684
892.525699753872,379.97585929409166,84.68437465168734,48.93869788869227
892.7189767736675,380.57304624262014,84.88039170136426,49.001606487133955
893.0586400868614,379.56576451860974,86.07086206632471,49.129254609036295
896.7063756327095,380.1933459657045,85.39438664113231,49.07058140658106
898.3577113757217,380.21431009657795,84.84306269691717,48.94092987477549
901.342383394361,381.0206207051296,84.970918576478,48.969921545054675
902.2515300502142,380.96778140889097,85.66019815409956,49.31516971212652
902.0017983472155,380.4895735023872,87.18226197246571,49.79690253839766
903.4704939102564,381.2823789161602,86.52801675092492,49.76623622607992
907.1228963277296,381.67288847537816,86.5042373256772,49.61388106476305
909.6392988041875,382.2283901807752,86.33878104372064,49.54190570248427
910.163926867392,382.45541036724956,86.5471774384452,49.69950715378106
911.0687336016904,382.36217227494484,87.39890158390786,49.579989960228076
913.2235803522727,382.51802381958777,87.78188844162989,49.608665840850044
915.1310331391322,382.4381928506827,87.71065333147298,49.84160964795241
918.6919532649399,382.4239407460466,87.57506872560953,49.560269661381874
919.0019648604459,382.90755775199216,87.19896076463337,49.655283879471234
918.9025865359364,382.4989467295717,87.81648003791614,49.88190513571883
922.4154819660439,382.6160163448562,87.069120593259,49.854188114889574
924.3055885629914,382.8818762005329,87.21012197989998,49.86061966772686
926.609882660396,383.5379763345103,86.66407050155186,49.9087650018075
929.2835240217489,383.65264426997277,86.44637161444783,49.849999683231644
928.1612859756692,382.9935844235544,87.68547959308948,50.21480000532176
930.7685715391824,383.69356410201726,86.80289155551006,50.2007708289457
934.7317708726282,383.7291233450926,86.57649603574363,50.05689527749885
933.3974058525336,384.0775817679756,86.90497367648855,50.37774884131697
938.658729350592,384.340654707133,86.6040578662847,50.4079771552399
937.015080311121,383.70726363678835,87.39040441667748,50.54672470425438
940.347292923704,384.5683110544164,87.45051465675195,50.400467838778184
942.4226639543,384.8945047998174,87.40171656528659,50.4589310040088
944.6481945117984,385.3895269329711,87.00651883072189,50.472246889946035
946.399759166068,385.4000730421225,87.51831166421162,50.55096057060771
946.7758691207569,384.7538906859773,88.62538819591187,50.65458288368229
947.6462518621051,384.84138712868935,88.67386843789329,50.80791249824875
951.8458339686977,385.0068920308217,87.96834874832899,50.833575755831674
952.61094235867,386.11115522053797,88.1458844345862,50.79854872217854
957.7318243807798,385.01642375877867,88.40775007481462,50.6126132482515
955.4464294562231,386.40847102676685,88.1730932991723,50.796894871943095
958.4146427908121,385.9265096104582,88.54062123128216,50.88841932809554
962.1804669553811,386.0473499129764,88.92263438209395,50.9234187753395
961.6235648720698,385.7541470759046,89.77202844038887,51.23809134430057
965.6088982769045,386.1152792995383,89.55146796540576,51.30348213136992
965.4731282370115,385.79989410879676,91.01419423484319,51.66343922654859
967.0809598043725,386.16344756764,91.41114334758824,51.691351973626524
971.9918112908382,386.22901488249823,91.33536341695407,51.61102419037966
972.309895285016,386.1068075490863,92.39956836294007,51.76974493903499
973.1280775208897,386.6360082830981,91.8577525934325,51.880477014979654
974.6458672810995,386.4957736809174,92.365253879745,51.949626176730845
975.7814328570707,387.0976092217958,92.41440471022463,52.12803564993629
980.1620015228933,386.9375468680066,91.87072610355487,51.984831519166136
981.6879201659667,387.4978095783718,92.74367037830598,52.26296878478374
983.5396158402845,387.3248513063278,93.18452131635253,52.19746313582135
983.199603656882,386.90545913666205,93.01668707538852,52.30860374689662
986.5087477198047,386.704461696479,91.90198667232154,52.200475374394195
987.60218455325,386.4653651350932,91.8574665401292,52.08802276667027
988.9647178650196,386.3105285982804,91.76151597493981,52.12690785616306
991.6862128277184,385.2499180290026,91.83747508137206,52.067411288038464
990.8527370979289,384.7304714687867,92.2907777448696,52.49150782958615
992.2080136571694,385.2282797623253,92.41385566505419,52.78189566660393
995.6022279773927,383.89036097403283,93.51850773597253,52.61694893189438
994.2851939836988,383.40293296178686,93.53769826097309,52.79197511572619
996.3159279870418,383.5721319320098,93.37858044158867,52.63490511431384
995.8784796782492,382.98637760270594,94.06380813555757,52.77213383040904
997.3065158281361,382.9053143805279,93.73432856725965,52.65758066951954
999.4341638552626,382.1242469001738,93.37573623309945,52.52151707332778
999.5509340443164,381.421592004292,94.22805348476776,52.764245540514054
1001.7418337127742,381.22442016107726,93.93920830663505,52.62376980279112
1000.8305598273693,380.6668863825406,94.15408386293686,52.98894524427149
1001.8039807013879,380.90698949712214,93.17978672539982,52.816491713768286
1007.0034152812487,379.84657058702203,92.34416715369085,52.51058388081605
1006.6275243638199,378.54942194195183,93.5345986131347,52.838484886853
1007.3760115715668,378.5207526874284,93.55434675756999,52.93923275833522
1007.286324594919,378.39067657682295,94.23388474284769,53.22975980082164
1009.987746271831,377.25574617058606,94.7074294619913,53.156387266356276
1011.2606532943059,377.1756412949401,95.51727037195185,53.18922010362395
1011.9120185946009,375.9955161677857,95.86765695123246,53.04596250537837
1013.584003131402,375.2594929621616,96.5656667136897,52.9844367196662
1012.5654321220977,375.9983782744836,95.85114600112784,53.259528667692045
1016.064671661723,375.23790543095697,95.60473782565543,53.1286664505019
1016.4204600323927,373.89831799200334,96.46388676371338,53.309978035715076
1018.3330496707919,372.7285334455687,96.3713067453379,53.27331974973907
1018.668151131596,372.26640144091215,96.30838878686075,53.40252634308997
1018.9741810791286,371.8015779132245,96.28168620018324,53.50947271916313
1021.5817039608594,370.8839678607624,96.39367491014083,53.45435106535918
1023.307118916219,369.3110229700704,97.08299888430933,53.501962562670386
1024.2518094514965,368.44778426497277,97.19651936786195,53.493286774623485
1026.6893358761909,367.6964078880144,96.10614974601211,53.123604912451384
1025.9258003285959,367.46488422852826,95.56732123068305,53.083569956032946
1028.679123020135,365.4526983250686,95.13233636625084,53.033004896192104
1029.4077713961105,365.17793535845055,95.86199673519512,53.17266047310687
1032.1738992348496,362.58013549041726,95.55534511502883,53.19502383908668
1033.3089562588116,362.09472877191223,95.79131193296502,53.18242864620258
1033.1645387220738,361.1488273432489,96.39421571128419,53.337003944439566
1036.8583876619837,360.2399630984818,96.82218784489204,53.2997855822434
1036.2711209759536,359.19424220608926,97.41609264305751,53.651681783303445
1039.0815244065025,356.56479188262267,96.87156732950666,53.56198442684926
1039.4795644058029,355.5441392557705,97.51092775200996,53.82898910529718
1039.6544125504383,355.5496882806819,98.48219389178561,54.110564375052554
1042.809379236873,353.1486049263428,98.07216477001505,54.020532044271576
1043.4614765622762,352.0448650200874,98.79690960475872,53.992806921708535
1046.993945373726,350.6193337779292,98.99529147419874,53.943913656513146
1046.4404235279023,349.2329858152895,98.50168819319013,53.948408945882534
1046.3323448970066,349.3653535156143,98.71321651263347,54.11621512424103
1050.1466725622668,346.884183132935,98.50683004960604,54.1202324109009
1050.9704451398327,345.32063395836764,98.5599520373421,54.096299027476405
1053.7697355578487,343.81188922303994,98.65311457518101,54.027573240487165
1054.3772815514094,341.30570945387365,98.48350176648808,54.202088407024156
1054.2176191882456,341.93947708077275,98.69549077632993,54.614839441487305
1057.3397498498935,339.8333220543194,98.56183803076243,54.54152212928176
1059.5938178218096,336.94178005781436,97.69504305792333,54.46434706620046
1060.2140688781153,335.37785326073663,98.01388929011449,54.39237704242072
1062.9853229435462,333.88026166701036,97.67898079914524,54.287257056808144
1061.7620774474553,333.95710382761877,97.52114411264674,54.493070699973515
1065.5036151323554,331.58057919902376,96.91126343736539,54.463768463328094
1064.9276194699576,331.02024735180623,97.37324022101214,54.709750983008064
1070.4949243386818,328.7953878118815,97.61495895188655,54.827290039664184
1069.9553376968897,327.4504042089062,98.50790328961938,54.97754267080083
1069.139215768209,327.18769003794125,98.73774927596347,55.151708353896254
1072.6867991620097,325.80893966635364,97.5360646966139,55.18472036187261
1075.1948298691568,323.7978597364134,97.98858162094238,54.998209128765964
1075.2791402963837,322.5731706205422,98.54422354047945,55.12915622151601
1079.5870984532912,320.48855874733476,98.2768627915446,55.15935523343385
1079.2333050438747,321.6492893748152,98.760014981295,55.58357693326119
1078.5702046475412,320.0991772157671,99.30942777766988,55.536217766707765
1083.315378564973,318.536893930092,99.16190869341678,55.44112715536453
1085.4619298268613,316.89189955967606,98.85965852559714,55.477448064775416
1086.981762800199,315.6866407187561,98.58744291156314,55.26671320984164
1086.2178295824908,315.26639599691754,98.6310876501261,55.46144408427829
1088.8322058662982,314.86762682772314,98.3936432947917,55.56066924603516
1091.6839618421698,312.3044014795012,97.74062076870767,55.63918588715056
1091.756059424006,312.20699385016434,97.82548744699999,55.82773792514165
1097.4577886088696,310.12188999762844,97.65944534466766,55.90429099764508
1095.7476700169907,309.8682095446163,97.90110892002701,56.164543727318666
1097.4808318086632,309.00399189401054,98.47051140708619,56.30754041940702
1098.159625572505,307.6496186227368,98.53555454708903,56.55602919332348
1102.533304104742,306.60115923290107,99.18054958680182,56.37514383671869
1101.3500151242174,305.45623624014945,99.95571202336828,56.514385097337986
1100.2185417185717,305.34274031913765,99.69121661778688,56.69734077075645
1105.158926787869,304.0617220880892,99.76234696137001,56.534698001209705
1105.8401414797424,302.5738255990925,100.89123175036788,56.52988943005451
1106.4658512962098,301.65642791669603,101.3094966467376,56.55318066925232
1109.4887660993177,298.9714970478115,100.89893620556103,56.47670613764278
1108.9324083146028,299.61209479826556,101.00579228078152,56.807381283211434
1111.1021121677288,297.85928462158023,100.3996275631157,56.668242220001794
1111.790693487072,297.43017273342434,100.3760738903029,56.94370399336863
1114.888852894898,295.6383726473263,100.45406995502194,56.752081625662946
1115.010243201035,293.67559530513586,101.67568033586633,56.79791299957327
1114.0920642804028,294.57874114615663,101.82351846086789,56.999197306301326
1116.5963542626216,291.99729548165544,101.24175639041226,56.82507872853493
1116.2956898382126,291.5477668154574,100.87056202679746,56.845357007242896
1120.6192597101685,289.65076182278995,101.29435181016818,56.7423518978207
1120.4907859166728,287.78059204006564,101.98914751808749,56.755947049893486
1120.2588632150337,288.56085564576847,102.53568149883881,56.999530723154294
1121.8960203113515,286.9583917058975,102.97028683134978,56.934651264181596
1123.1500903585522,285.7093738663259,102.88608763393633,56.99546183994656
1126.5505716853108,283.884689429979,102.09417391917017,56.98787117894893
1125.9377317935316,283.57084865621636,102.2673963701177,57.153052303281214
1125.4467139356668,283.22578944799716,102.04176783451997,57.32570888338162
1131.2976691617685,281.50880269013555,102.53504304363248,57.11051581508996
1131.1498859625858,280.9735697744759,102.8321106696104,57.163195024361784
1132.4145916788648,278.82826494398813,103.90171852606923,57.31105680630898
1133.5554820607367,278.04437514532367,104.03062997729089,57.53619588449577
1133.513349862402,277.5753943487435,103.7316743272019,57.55204948309974
1133.6575953845575,276.6209410970627,104.0531807341963,57.673066148242626
1137.1055617174577,274.40547143669903,103.10639433914757,57.52842439520896
1137.098065122916,274.1691117153554,103.34994986837123,57.595420891967585
1140.594833594834,272.4279199986091,103.37702659488481,57.744659183858616
1140.2213536206684,271.9378765911387,103.67121520737564,57.99028105539047
1139.9670666074992,271.3997519018856,104.22419330081324,57.93474873662338
1142.3528790507855,269.6455053769604,104.25795448067741,57.72769279431692
1144.0000137248833,267.83014191138835,104.55236253879278,57.90453965382099
1145.601654311789,266.4888810396501,104.69926532875697,58.05642127202285
1145.86299222263,266.9607287056772,104.42729510685946,58.1826914217267
1148.4611788953675,264.54404176901363,104.770932213655,58.22800129206313
1150.8799401428264,263.75219044591046,104.99288180278305,58.211037415289724
1152.049551912143,262.28200259477836,104.80251275824456,58.15638104548666
1152.713233770518,260.55761154256317,104.70249689229429,58.142240815246005
1152.0414501766084,261.12832945474565,104.55908173453216,58.51284453307924
1154.5539377894115,259.9765877660101,104.50329853697154,58.469860177167206
1155.343837330165,258.1842875006272,104.47905897141791,58.45528644683982
1155.7155519825103,257.17458708409055,104.9339733013327,58.477969350073096
1156.6713945831793,254.81709027419046,104.9480432431602,58.39304241094379
1155.4110429617915,255.32053452156273,105.01631385348935,58.66839979060417
1157.6403280391517,253.20056293319183,104.96417298954078,58.657155642822055
1160.3253344144512,252.0990866889735,104.8061272303663,58.475641006319705
1160.121851349389,251.11332580904264,104.91009162885632,58.6148697325816
1162.9556909821831,248.7498911016973,104.37912014601329,58.71776196297661
1161.3685059535512,248.94732400073235,103.68056158389254,58.745470088971146
1164.1742601242204,247.6901442872633,103.70306165014688,58.46052789161112
1163.492864540928,246.12247185332492,103.91105728927349,58.52878987756043
1165.4751055899849,245.15628716913898,103.55389907612367,58.553613798582774
1166.9050052182142,243.40600036394397,103.72793928385258,58.39335667281249
1165.1790191346513,243.21841688203048,102.87147410356665,58.60630342680253
1169.0563128580916,241.13671672959674,102.23004297535029,58.657553539409236
1168.5981823016104,240.6300412408094,102.18524863072084,58.681969642449346
1170.328143477773,239.27268507290907,101.81036684770095,58.75487752153918
1169.6793681795139,239.03819000599964,102.14255936573957,58.50291311796637
1171.9213922738068,237.11314118824015,101.59655334100245,58.553185085150375
1171.7087933919954,236.43266470206981,102.14502990874863,58.31186101700951
1173.7860866522474,234.01378408536226,101.33158795001232,57.88487129293558
1173.664634754071,233.63215877204985,102.17411751264272,57.843473937439896
1173.7776463845003,233.31862194744983,102.74828553501011,57.79868534203395
1174.3465296825866,232.8861913941733,102.30770904475207,56.868572955964645
1176.4176400296924,232.22301111562695,101.15647684350625,56.40923676813847
1176.6517683434997,230.45823441889613,101.29646803245433,55.942113478174235
1177.1421703597637,229.34604349547683,100.67794195474332,55.97573757354799
1177.24786962626,229.17870879061692,100.50383739233563,55.81853923238467
1180.0885190004326,227.82920567197934,99.39627197376346,55.503437050241516
1179.339113860352,226.3517542195247,98.70725061368093,55.26518299752444
1181.200756792552,225.37518201153543,98.52509815305878,55.10439528078206
1180.7607328377694,224.60225208881621,98.87428528095458,55.52184943602728
1181.7648862075462,223.62096061181862,98.42332583906949,55.29421203403494
1183.95539635682,222.0235514106102,97.54611117788123,55.55061443227088
1182.9618377012698,220.36318358057704,97.06188854795693,55.674847645208914
1186.059837284102,219.0806276517144,95.85071022503557,55.888404632328744
1187.5863875452176,217.08120966251084,94.76900984452068,56.02061291755953
1186.3394156373927,217.18644167766413,95.0818280193011,56.12073417744655
1187.6387434617793,216.35804718817005,94.44608469161862,56.2041500771348
1190.3343484840448,214.55587170833905,93.43793510240984,56.0701141673662
1188.8428282267512,213.2017936373401,93.18538682801096,56.59223562995129
1192.1582370427511,211.50177239052604,92.19334359099983,56.33551671572724
1188.901710417011,211.30587709089562,92.31315352964477,56.402121002789436
1191.0464236129483,209.76296912987414,91.9961614200729,56.480278204815946
1190.0837659856427,209.01415452961493,92.05654568732612,56.57862471147142
1192.718936510346,207.75437392828874,91.91454297486379,56.80812992390467
1189.8816382482853,205.19626496227795,91.51790241173536,57.041002728820544
1191.0143218618339,204.62454763435136,91.8497889840771,56.70903347975887
1191.6849859149193,204.04594138720202,91.5823544249644,56.35999511575068
1192.5129120550862,202.82999911122033,90.99523500233437,56.31056858487409
1192.0560378842627,201.7048629393239,90.6931977213847,56.24276837121758
1192.7557524435156,200.3965687221285,90.16493149426674,56.16821543864975
1192.9656690578329,200.16155122321447,90.0256259169423,56.15345176666281
1194.5255345546807,198.61964218292263,89.41337077621284,56.23472758993749
1191.8003437217512,198.12138577616574,89.35990484304233,56.06540740708289
1194.0521784567175,196.80497910660273,89.4828871370261,55.89071919171975
1193.3940924724163,197.07441364347764,89.26347215246484,56.021285142231406
1192.354849651269,196.44489038729438,89.41883300456806,55.94251780038041
1192.7965262616874,195.3502723168554,89.48954200716572,56.042817373951806
1191.9265830455022,195.32041710767007,89.55540171185973,55.856128821837785
1193.6566314446454,193.86481854475343,89.72507423882958,56.04957921305191
1191.0984786160343,193.40391348206583,89.67670466030347,56.1140944213205
1191.6390263192752,193.02721958877459,90.7683051289897,56.44958972204595
1190.624306566658,191.7053910829393,91.12986409909821,56.60667661385881
1191.3040536947385,190.58466004553947,91.52643020479967,56.90819668636199
1188.89744941135,190.34893161821634,91.81156212286436,56.64739408866525
1191.394289094627,189.36747382435914,92.12939808757864,56.829251603335805
1189.9557034174425,189.61477647587645,91.88290291706079,56.63915293000661
1190.2217428989368,188.72160010259623,91.79812721940517,56.6759616520996
1190.3927419252047,188.0997734698292,91.71173435786137,56.77653515994328
1189.9915618208058,187.7068319263446,91.73816577132168,56.68736823861547
1188.732440346165,185.5755569200362,91.62602928220285,56.892064552501765
1189.2092599597372,185.22755922627738,91.86541397511814,56.81424842087347
1188.8046880937789,184.93338924270296,91.82304128142525,56.615725418623825
1188.9031313199953,184.4792840068795,91.65665091405491,56.47479400642061
1187.8414416915514,182.98831914551027,91.9052176871552,56.25653080084488
1187.1158325220858,180.84231176662144,91.97890759705476,56.23079033630202
1186.1107133427158,181.4514255654501,92.27266975378392,55.94610946057993
1184.7310463239974,180.5282919612722,92.87176576364807,56.07298770714371
1184.2907288875876,178.90507532118184,93.52265338579113,56.94945519562218
1182.8442112854489,178.20462103666503,94.17906434919362,56.75516024578833
1182.4343652374964,176.68660695805957,94.4896752006298,57.54505316816646
1179.996399109803,176.0133282015545,94.86599941616075,57.80634099161671
1179.1608480496873,174.80042539891895,96.17980477154171,58.25866649148773
1177.9064379171361,173.64462237666123,96.7052858461607,58.658000440322866
1175.7735051753268,172.33188763884263,96.99598381688577,58.97331285533691
1174.0557782957587,170.71294463124116,97.62244185229761,59.161832396388235
1172.779025989965,169.58832514072913,99.08086942607373,59.16387970985559
1169.502244350364,168.5685835069089,99.26131859623648,59.34788242577634
1165.6653421514102,167.13505900469542,99.43147709723226,59.690368356091355
1166.0957974330809,165.79416689909752,101.03193056472911,59.64586067237444
1163.5608143849809,165.18200167185236,102.11246694863354,59.81937924007735
1160.6476644929055,164.2176436710871,102.52168442306127,60.00631734472674
1161.650418882884,162.80567303793188,102.71821917642941,60.054405453993766
1156.2943629349566,162.07022201843532,103.58692153401526,60.50800331093426
1154.5664663161863,160.50213227124678,103.39052003316795,60.50562918592658
1153.863761573199,159.04809237967788,103.17219075342572,60.34382943720399
1152.9146447669273,158.34332476685108,102.87315993306217,60.335082988472564
1149.1806942591097,157.7288581833192,102.89310534032936,60.25966220312846
1148.5141303891587,157.13087741340226,103.43121100982376,60.18078183832215
1146.459137090491,155.88024471669394,104.34477789127799,60.525633438174935
1143.827526938666,154.60610820787755,104.59189492725767,60.72096613483912
1143.0429691654324,154.24989548778635,104.63467702245401,60.599372271699686
1143.6715557806194,153.0976622806204,104.44414440754332,60.53938084034373
1139.5869368880124,152.26915000306425,104.2221353971029,60.95497749704903
1139.0419251618353,151.0212042763585,104.72956195137823,60.81906400737582
1138.268912782181,150.03133940597496,105.0430196387724,60.86187596631305
1138.280245981034,149.55821668338248,105.33770628104583,60.734943954642254
1134.8460014521902,148.86466167110356,105.2448935351447,61.08065128163692
1134.4788773750593,147.319446403371,104.99673465596318,60.6722348093506
1130.9863844406043,146.18536123514338,104.64877517804081,60.8443265115437
1130.933956044686,144.50812523124117,104.61577231247067,60.55990014669802
1130.6645924143015,145.3071595783655,104.44932631922676,60.450292589267235
1128.5851645554055,143.9092871994873,104.5316878200995,60.544675452416136
1128.7785656663323,142.80181365312606,104.66750496489182,60.51160904873969
1123.8275425135898,141.64567915060286,104.40150718010591,60.76347113049201
1123.9949202168527,140.2988486908672,104.7986400678002,60.79085344927056
1123.0801545578117,140.0861620210144,104.89181441223381,60.68010643384699
1121.4686835695652,139.98853154299954,105.30682663446979,60.73887486930588
1118.9602323473607,138.11838669985232,104.73782686482859,60.84902711205784
1119.0336301700138,136.96507301708172,105.16643634037199,60.66547660780232
1115.1379340392311,135.9026114981258,104.8338814583827,60.63848647966804
1115.7667473737115,135.98714782955722,104.47683173854158,60.58633179950269
1114.6273268541693,134.6196113834518,104.95638080928049,60.63791465379539
1113.2712156720813,133.6514848543173,104.67793535347955,60.64599750790181
1111.7338199000953,133.0425297183259,105.16307435915179,60.70108577175162
1109.27945932367,131.99676724843758,104.72254424170855,60.69438368744993
1108.6629106643948,131.52173098264734,105.51772170514076,60.650805246187275
1108.6691280186055,131.0811613707705,105.62715820735433,60.61120642854
1105.509388047136,129.3835447975557,105.97910551555802,60.90634096504531
1104.765473989879,128.5160948676218,106.12613739784874,60.82854174539956
1101.6235882855783,127.82864814192455,105.36307815230563,60.83031178943017
1100.4971450234489,127.19361861944282,105.77446427506779,60.64142293743622
1100.112329567179,126.06100051505842,106.14145719927865,60.44385840500933
1098.800208419184,125.59565443319681,106.20422254939149,60.49628864494257
1096.9491504694945,123.81445811413609,105.88416790509991,60.25990918643012
1096.5578548803933,123.43190482975173,106.26970372560758,60.38105450441682
1095.4987340754,122.61949330017174,106.07902876683804,60.35653621874344
1093.404928034128,121.69605012411415,105.55481309440776,60.26640799108564
1092.5068134499002,121.08848710617443,106.07393848116331,60.29084923158548
1090.5014102718235,119.28790893109621,106.42017808202189,60.314147610550506
1087.6144925008975,118.86104449733357,106.0292640015287,60.41269158923606
1088.0243259870897,118.60812719282602,106.33804789965843,60.421414043290525
1087.0160971129235,117.5407988487568,106.00655232844096,60.217690871504665
1083.8094026585634,116.72403387797286,105.09701757688308,60.319772091186834
1083.4430875401797,115.99379766591099,105.42290211162187,60.16110639370565
1081.2097023198473,114.22465315649963,105.10927895182292,59.94839548500764
1082.8590679762647,114.30544453441338,104.64786415205002,59.99688567870882
1079.6517530493684,113.24473159150374,104.34326716868398,60.11636988361991
1080.0966376328693,112.21471592553391,104.82806384145002,60.17875297642382
1075.945227182864,111.30445856324424,104.28899345270278,60.32512689003668
1074.7517722374553,110.40694877000001,104.69476451810387,60.23431738545304
1074.1186157753466,109.50375497128596,105.10737751975977,60.188689845208714
1073.3638039339785,108.78557147430789,105.10394897738308,60.19527385252394
1071.3053834897019,108.21875657619546,105.00374455877662,60.03959343184512
1067.7148608184386,107.09575960759537,103.88527799181851,60.06925302608876
1066.8582685034926,106.16797994431066,104.00872878267525,59.88230804205026
1067.9797383802604,106.01350140430243,103.90052318288716,59.80834449924108
1065.2279489026448,104.92110673234666,103.73822241170878,60.038786590306856
1064.4192329530297,103.83724360243625,103.9602343556854,59.947275322280404
1062.9209382394317,102.27251883978612,103.89259143348556,59.86973484399485
1060.3208580095572,102.21680886965956,103.70340195579553,59.936463933125836
1060.230043516992,101.67955405650548,104.02690930739618,59.85109196763712
1058.7859199141037,100.46437252855227,103.9083897170607,59.78012202526777
1056.2102083845525,100.23518483231162,103.28347515256714,59.896317016662266
1055.0023117260118,99.06445634191725,103.46089924319283,59.79234109606855
1054.139441778504,98.4345555572588,104.01037115667899,59.68254248857422
1053.8748216304516,98.29670487104407,104.2377965092321,59.64928157548505
1050.2559393043057,96.88434574397922,103.5589819150029,59.75292715581712
1049.1049576217372,96.032794795124,104.03344589049115,59.77487206061529
1046.701961202414,94.72345166895533,104.39929228290993,59.77921037822972
1045.885450264377,94.05192193263478,104.86689505726869,59.763575297495585
1045.2790653647885,93.9259994958385,104.85079911376218,59.68497506029026
1043.06769420353,92.97970883214607,104.92566250332618,59.67245961834223
1041.5761429512047,92.06983293371559,105.01524012279911,59.56180675211727
1038.4805595795874,91.4214282126665,103.80705288501596,59.36849161097112
1037.1268462943813,90.38751590120049,103.87787586160154,59.53984866741297
1037.4033094259305,89.83888185092161,103.71238488574059,59.50171730717817
1035.5352622501002,88.81863144222149,103.93332678302495,59.58455578059956
1033.7392554792716,88.04698937486614,103.57748270635022,59.37037669852863
1031.733682142188,86.62932525756041,103.21770347719692,59.3309705314372
1029.9562422257977,85.97754006080089,102.78625733074495,59.24422276966756
1029.6976455287872,85.72361010217148,101.6424174520225,59.260654311682245
1028.8722932712296,85.28182472993876,102.4543204639563,59.29084068057544
1028.1334667243184,84.76835674670869,102.8331105521405,59.294960227434146
1024.961654843179,83.41153085784035,102.07262931869151,59.14948400681878
1023.2524251176274,82.54086131032719,102.71346511638328,59.204540943947165
1024.830671340931,82.64793926413901,101.97969572466151,59.408052157018616
1022.492689120535,81.44696387312752,101.98592521061985,59.37427963429309
1020.5469322470756,80.7662354615446,102.03228753313076,59.39415606652875
1018.2857728477992,79.6722007163618,102.0777853859439,59.31374549440961
1016.6659026832091,78.79597189692828,102.46184071947278,59.26944185893888
1017.3702498221406,78.9012251919946,102.24940605941507,59.48892395107627
1014.4245075900171,78.19703046322297,102.03467313932387,59.374949149853364
1013.340329764361,77.61417644969778,101.90237819401744,59.2323526286402
1010.2835839535965,76.34021511806048,101.74268265505445,59.11863178681834
1009.6533863383422,76.11328341334107,101.7161988229104,59.28673795262394
1008.3239720418544,75.37406639314784,102.05523872150422,59.28103684210094
1007.7002075060188,74.92801528262518,101.86111108445819,59.13827880981222
1005.8538402206534,74.66907651859023,101.41276384519136,59.01685885253056
1003.2845978046519,73.3274349008307,101.70398391050134,58.85632533084748
1003.1675808977722,72.89168654561566,101.32177519629903,58.99092487073389
1002.4827954098197,73.260051834811,101.46992648016453,59.07667395762261
1000.2873925712765,72.1661543666959,102.06726964237356,59.0379736278921
998.1247233805134,70.8860974315102,102.19800219656818,58.87575049074091
997.5567308125059,70.60335201135237,101.37826118588524,58.777831561521495
996.6800695805942,69.78828560664616,101.2871837206619,58.785825155464565
996.8022926799958,70.3324353926343,101.06628679919417,58.78735633967575
992.9370583538878,69.28390380505832,100.41377033635904,58.751954152278856
991.905262276467,68.25355846177354,100.52391526849084,58.7664421792415
991.2170037787951,67.66758634343519,100.72290245197554,58.60706410356315
986.7614704490635,67.22627400432475,99.86513595103835,58.6191190758209
986.1623682632116,66.58233483980904,99.73060192323638,58.85673948363345
984.9089034174023,66.46904741119846,100.10304184015132,58.91940879478545
983.9163434249169,66.32308413631719,100.72466730970285,59.01588168584799
983.5695245938232,65.65431747597891,100.41655915184501,58.818211430436605
979.2048652591078,64.57661113771677,100.007014257738,58.70255911024154
978.4247302119919,65.39483968983808,100.36556482949358,58.95857749180061
978.7956042000582,63.96411659253269,100.49026614983556,58.74581757259608
976.9526269789421,64.19080584930455,100.64304154734407,58.54660143021094
975.429779017372,63.934744162022355,100.02187832055172,58.42960725630962
973.5823135492819,63.070674937225235,100.44620273894003,58.41031001693139
972.2354220255037,62.672463497642006,100.78329061132561,58.61411443067426
970.1411266099477,62.159981225197086,100.508097224603,58.532895327454675
969.1679440659879,61.560106305377104,100.23570325261683,58.66333462117331
965.9404570910776,61.36950842540854,100.31197122404357,58.68615495100332
964.1624493130263,60.61934814586069,100.30716834638478,58.85438703964003
964.5238345819421,60.336335241275734,100.08162741446642,58.880820463517885
964.2737558628024,59.643702730808464,100.01857967019333,58.94268760962028
961.5012456249873,58.78120315475968,100.02630671168053,58.855677188735065
959.3705819137597,58.616686758789385,99.84445691093016,58.93298818130202
957.406833926412,57.793982864899526,100.08211018466724,59.09726405780397
956.4734721245811,58.35223847956994,100.28998752921191,59.31727683816773
956.3977808004717,57.15590388462769,99.4604532601067,59.06536137229052
952.7228103496466,56.76780467143666,99.87133585792398,59.015494615986725
950.5160022123812,56.480770867575835,100.48058816646649,59.129252360617855
950.8463547768933,55.71287825942463,100.51525305592438,59.3430556700294
947.5676754476145,55.86083656475454,100.53070345032178,59.45037726647139
947.8349813582126,55.12809221879999,100.65468790636257,59.5541772252796
945.6507636860906,55.203433868032015,100.21479939043819,59.40800074902536
943.1133788438758,55.357953724282325,100.14523332810266,59.40058393391129
944.5308170315847,53.699772456423474,99.60929141237128,59.0334862340333
940.8633391391872,53.69192880055281,100.04673857595026,59.11452383988778
940.8942588162154,53.717277563733084,100.05129002684052,59.354229888232354
936.5229080995152,53.66074387250788,100.47716654721577,59.461013895248186
936.4409382796601,52.47045808047028,100.53745628011194,59.638967357222555
933.371952227275,52.87795995907318,100.52343606386779,59.52433474621884
934.6530279272797,51.95790062420723,100.46590211647992,59.206282954296086
930.70904340972,52.190345582898416,99.86483935991205,59.44645500905498
930.3318811446591,51.56618405129797,100.14585961833617,59.56392370404603
927.1337483511443,51.327396453797384,100.19386146482617,59.554967790429416
927.4267589507319,50.69246530760826,100.52659031333452,59.70348098650945
926.3382970311923,50.530591726147286,100.66575007999559,59.64810282255952
924.2418315192457,51.414308881377835,99.96954622000821,59.56896781038486
924.8710139761156,49.92510789750312,99.45149477663198,59.25303870437331
921.5891104316261,50.145337353899116,99.65999285605893,59.35173551324574
919.926543671746,50.17293096137524,99.83128488030525,59.42190878718509
920.5262306960809,49.263297790581554,100.7060921499185,59.46736629183552
917.7760219504565,49.14777476742885,100.93677525853779,59.25669912422033
916.8379788261603,48.993038392258775,100.88138264913621,59.165552516736156
915.1712128812163,47.999752549694016,101.37069628493478,59.17107764443922
912.3577960284666,48.367935375826114,101.31913662648155,59.24354767742817
912.2327438619384,48.42149470633427,100.73426977003928,59.262343768895214
911.1284724566724,48.19694116632414,100.44733156631935,59.04261461291542
910.3131180137625,47.47340259964521,101.15507528318619,59.10304964784646
907.9642405239109,47.2447191566131,100.8367808778186,58.87802077766602
906.5654074467324,47.517899545389646,100.32399075623574,59.04274275663225
905.7601138988205,46.59283344103764,101.45319834308756,59.201805123951374
903.117133062452,46.389954041648565,101.45735211634927,59.20233939084056
903.2419150252758,46.290298309441646,101.2444094111116,59.3606832306199
901.6120766906241,46.03432666568837,101.85217601381024,59.36546627175423
899.4699744631807,44.700780248313734,102.53422096857501,59.47029275671101
898.0928161272263,45.88183976164288,101.67341913691334,59.46934306827904
897.7226268250903,44.04704091007698,101.3952800085652,59.25426979858675
897.8178243999496,44.9633716347469,100.57240167450902,59.301768561763694
896.7503195598547,44.5282715873536,100.86803883902039,59.32643427229965
898.0701527251767,44.85739651640277,100.16223340639402,59.16156209974818
896.0795093069432,44.77144468611729,100.66508258073641,59.22607841130963
894.5663248696742,43.5495236138476,101.2298685561808,59.28972970654482
891.4892875400686,43.39765332321228,101.40352691747948,59.2546381776489
891.2910586404663,42.398034299590414,101.49233355453651,59.38227714671423
891.116242223242,42.621856865420874,100.71176183061269,59.37029583436636
891.9385045557411,43.171695248054334,99.62771656815643,59.218004022598286
889.7059700176422,42.89845698998858,100.66181473714295,59.27162010229027
887.7021269439012,42.23015144714306,100.4733214946713,59.23599648587102
889.6013340213514,42.55949944189116,99.21428717489998,58.97334436324761
887.817682142595,42.117316439989864,99.06714867929989,58.88284612258914
885.8621434736855,41.90675574769946,99.7855303994432,58.96406814603638
887.1142596253856,41.20111267467196,100.06989281879086,59.17157376020813
884.4473084146315,40.86076800752838,99.92681836880845,59.01393389851904
882.6876134284452,40.69394306380003,99.84259281879646,59.08406291934328
884.3084359097512,40.50626356153576,99.75826215672154,59.14765851807195
882.0106126699159,40.21569855444976,99.35170564872121,59.02339825771927
881.198450644449,40.13932184219272,98.62914068064242,58.857552726363664
879.1536038184845,39.68799482503714,98.49118225966515,58.7665063159765
879.0763789052671,39.405209919512345,98.6868283392506,58.815017635319236
878.9919085628773,39.12351566701575,98.89783863423851,58.87891114066528
876.80281237201,39.35125798550004,98.22473668919092,58.65077802018192
876.6988829858462,39.04318212237535,97.65891101947503,58.84419900254626
873.9115748724332,39.09226616557332,97.41674286443448,58.63139273660969
872.593760087142,38.29595273355288,97.37811086504038,58.51647229363609
873.2522817715857,37.89254207094518,97.61921516499139,58.5100006386574
872.6629900331509,37.57535826214921,96.79550910824575,58.32860120645992
869.9097876736006,37.67116068293705,96.3705507215724,58.18507593005167
867.8129875765068,37.490208286637156,96.58067046226886,58.348296924338314
867.1189829800554,36.900102929595306,96.28452478704573,58.503045249429704
866.1491490709114,37.02252349611249,96.35371063740766,58.66311918096862
865.5111008751403,36.46839510844817,96.16479125994518,58.562194885969504
863.6027568863625,35.806897870084626,96.0631061295905,58.20130784147161
863.0862623556264,35.801187133621205,94.96928225618717,58.00096666259735
860.5489950827101,34.90446639584286,95.52856135081734,57.99151783740331
860.3242082755382,35.3353266278921,96.02706565112831,58.170269046316605
859.6094394158445,34.97966020918284,95.83736916622374,58.0440641182322
856.5165737655938,34.7540419587875,95.90815839290312,57.95530715407614
857.011755028364,34.48733720050886,95.77789834205225,58.06753743565187
855.0291633635211,33.394498343658796,94.60966931059295,57.76066763729756
855.6946327424471,33.639558909501986,93.98176847035495,57.80372757689261
854.4708520222558,32.992363757744265,93.63646344230781,57.57205241161991
853.4114189991292,32.93529372747594,92.66922485713702,57.584675472852275
852.2337768100243,32.69693329012635,92.03632502170854,57.36173568871508
850.6617117390103,32.82295561385348,91.45354218842529,57.17834018424139
850.7051337179622,32.82997693286341,91.71791487457025,57.137818221895614
850.7189278821197,32.037801393996446,91.05042365652652,56.716805358436915
848.8323639949706,32.02992950291099,90.28298737061358,56.81516088769388
847.7037337910169,31.647643122206333,90.28808842145017,56.476768651811625
845.2779773752451,31.515542903008793,90.06762173028862,56.62820906047352
844.4146318520457,31.63774470826857,91.53882637775234,56.91395538662999
843.6789699215655,30.92211084563995,91.40064553900562,56.73728005387332
842.8915524653925,30.460215567737343,90.67829002357135,56.74313207923343
840.5433746474856,30.252189191916045,90.06400913899947,56.688769983740485
838.7990963728049,29.674704526609588,90.08088600086073,56.74341241863959
837.0528603276306,29.71496935257406,91.50283435234834,56.842658436881436
837.1584548084411,29.066649387651232,91.06109007988198,56.68736736697123
837.5943842918235,29.119720575447197,90.75817944161207,56.66723516434244
834.3210958029126,29.231376682748213,90.64814211584505,56.64972322971535
833.45744910885,28.078701947194922,89.63997307683101,56.46204596742349
833.2767941737715,28.040745067880145,89.9860737471274,56.57053459574537
833.1383094142741,28.697736321939644,89.53340808707945,56.770085560641206
829.8632886621278,28.107700405765787,90.05030702469094,56.85710762835574
830.097682587721,27.483861833926568,90.19260446918186,56.853952571983825
825.0722016010312,27.547309159256926,90.53494446380165,56.959762441548634
826.2818129708152,27.355209542183808,90.88365866919526,57.082783301404405
825.0403306885619,27.722198568144904,90.63953096761905,57.176051855832156
822.5775849524567,26.848610735761085,90.07658478724149,56.820080967560244
821.7956744991301,26.520096825848018,90.24111072147494,56.72509981283422
821.2282318613366,27.362289265912413,90.5671848689225,57.04118390205053
821.1041826629628,26.82977439965604,89.90728148516008,56.92115384872038
817.614588685341,26.044248416683384,90.10988624567096,56.82236535961045
815.0714408252227,26.34428130000929,91.02501793011065,57.0397233538496
816.2058436092835,26.142954344703483,90.57134676807877,56.808546776733095
815.5129830331663,25.387051569337533,90.42537648831403,56.893273245929656
813.7481830916332,25.212029909091356,90.98048906669251,57.13961323894503
812.3653215605061,25.07299217135688,90.64409625942474,57.21852462187324
810.0299476013488,25.349252616131405,91.09916262485251,57.48474964344556
809.4345970800529,24.76419197998594,90.77705653663057,57.478392291392616
806.6845320593313,24.024626212017782,90.55585736588512,57.3029170081761
806.4030704867147,24.70563675521873,91.02995766947411,57.53875220496207
805.7733364869337,24.78467213942708,91.23429471047905,57.289082925803186
803.6605720720232,24.326180489070346,91.22774641856509,57.34236053184121
801.3795269970976,24.584088631184883,91.5272866912496,57.4593251571504
800.0122726569647,24.50939821960711,90.78293380115727,57.331551385646144
800.4926916557538,24.68204293808522,91.49666326459291,57.35247157488774
797.8571589146368,24.162012344136798,90.6656560310676,57.40850257565461
797.6332927310369,23.59807373243418,90.28927413520954,57.04226957242868
795.5635066973366,23.58528939303089,90.89460285734968,57.31070114636637
793.8487270208778,23.67148706091276,91.3355393064432,57.330240813406434
793.9310093693795,23.604963650187948,91.3005226077492,57.219317464238955
792.4119735842586,23.291955675979338,90.93445060613732,57.48756079412399
791.3560080761986,23.211426944845872,90.64093151659024,57.49404496485078
788.2062265635811,23.321726119260845,90.62086821049576,57.65940329083506
786.3304421603375,22.924858383776648,90.77210356475835,57.65481787233049
787.1957336195987,22.997227382756684,90.75941603483889,58.04267985996994
784.6550053494376,22.360741819137658,90.5867493642543,57.72035651165257
783.6982993786994,22.37131672763288,91.17745794421937,57.78692289411977
782.6974916661713,22.67659494874958,91.27456883169326,58.03215468278236
781.4244158089595,22.113167562844172,90.74417292343632,57.8151850679965
781.7188321042426,22.143684837384587,90.59211464631991,57.84158953442337
779.4949165136651,22.18259605819641,90.80625794981984,57.87781193790394
781.2728824678377,21.78722308388859,90.12638295103571,57.72494078103557
778.4447201957331,22.44089225629468,89.86880282834441,57.99432434288538
775.6465442800796,21.600415282634565,89.67543412437297,57.791050179892196
778.1233643572028,22.233621888303524,89.40159924890469,58.104356750429886
774.9994884779875,21.82685030103375,89.34635055720099,57.851901847576855
773.6903366983865,21.109017851950647,89.03066101528296,57.67792924688747
773.1629893707282,21.376982045834723,89.3199416710423,57.746258204318906
771.3037332797975,20.736508757371077,89.0009754059432,57.55043938703538
772.6039707745025,20.78309647975496,89.04075491406122,57.76775610020371
771.0782461926302,20.716025904351696,88.96163724240218,57.92819855861396
767.70371716838,21.02307031107201,89.55367138419503,58.235665562300554
767.6181124903189,20.213494833767555,88.94584678140527,58.11831839946257
766.4758411511405,20.08827517720373,88.99067722145038,58.27841097389412
766.9674789119669,20.41537028773109,88.95506298042967,58.566530013207746
763.8679300321398,20.40317562157359,88.80985617846856,58.76075665643297
763.9796184226539,19.859623653826745,88.23670590105111,58.89147390655526
763.0797847131921,19.470205687937256,88.09934872662151,58.84402757553212
760.9775238543702,19.315028241728143,88.14594674583988,59.029002801264284
764.067169577402,19.281050900059256,87.5564766384299,59.206886137246215
760.4301727758868,19.02266208905606,87.4936653746694,59.27734212281424
757.5635921007408,18.795487712351587,87.4754968261272,59.165480248667336
758.4259013166146,18.635675325589784,87.32800763918407,59.33405359029664
754.1471684140188,18.223796565972393,87.96153326264363,59.23635703753283
756.7604094061655,18.41271282871241,88.73376858639458,59.705939959287896
753.7227777269275,18.159445790419483,88.53739164411998,59.753826665535314
754.8946459948224,17.889371664251843,88.17810902487963,60.11772729132755
752.6334100682247,17.886114057193765,88.27148131829111,59.95506661237539
749.7989335315399,17.226651784237305,87.90794938342104,59.7659221198972
751.2379168484962,17.505738121996114,87.93247121958608,60.03808267725922
750.7015306464745,17.31227708290434,87.89598985947694,60.31972945231738
747.4274559744147,17.401184761490782,88.04637165980374,60.14895023067646
749.4977452881344,17.51597523488121,87.96355899305759,60.38937646506321
745.9508403901158,17.41102549673354,87.51985648669611,60.33040645192717
747.486019921586,17.000198909058405,87.25464936314788,60.13912434647757
742.37338756563,16.253650501416438,87.83713186375613,60.15517395679019
742.9712730113289,16.654258426317178,87.91896352572596,60.45591375922565
743.1345753804737,16.87994107768094,87.74012057938083,60.60434773189638
738.9385549853512,16.228285380077352,88.20358823806458,60.804475976812114
739.080855948128,16.217140203392624,88.64846300280338,61.00010258275172
740.7803157328921,16.66126945963661,88.03022218235961,61.39300096780861
737.8968372283073,16.20240930602665,88.4091195754404,61.191031214412995
738.4129983021561,16.445459254233956,88.26356147727283,61.168404906226606
735.5690703502991,15.496458003494912,88.6200813595635,61.31603797811638
736.5958129572161,15.82885431750207,87.33759998808327,61.51814168141233
735.0221492075524,15.321148895661928,88.07202823165807,61.34125602011825
732.0468489474197,15.728300112679413,87.37912031762794,61.07708192680441
733.2115672167133,15.655688485508499,87.41323921040653,61.29713040095625
730.3978796151015,15.518916745609445,87.70582561434433,61.14362382668102
731.39070593233,16.035756793491153,87.73751936202854,61.23871145972315
729.7586859937803,15.072953363682839,89.16046617577328,61.359777685184504
726.8805250038528,14.560968835203518,88.39938741405128,61.304154752625934
727.6696339209757,15.17304181220922,87.07263016182331,61.12049787618258
724.5260846949459,14.975736944923483,86.62885026076408,60.953666785291716
725.8273346353923,14.931620038460736,86.80387508957273,61.31359698693868
726.1908777125865,14.695058402280871,87.33875182580928,61.345969779600225
723.1141883439659,14.90297476526375,87.10478048065312,61.21275503983671
723.7482566502274,14.766566116724078,86.60464190785258,61.270473032001576
721.4363371655533,14.415620846402234,86.72199207715204,61.361790221262055
721.6837367479061,14.692527254442751,87.06753930841558,61.465038505187124
719.3716453718877,13.980855814505318,86.77395644308189,61.206190370772134
719.4522569548598,13.815303105551997,87.48733088618089,61.661985360238205
715.8549153059411,13.347142770834637,86.89067860128519,61.53414842450172
716.1082056950862,13.439728380581297,86.43509143689361,61.58167630121125
717.1696152733481,14.031677309480525,86.55232045045948,61.666981271820084
715.7036611794141,13.412853025308426,85.96480658403684,61.39518631866465
714.1319031027156,13.18185495416219,86.23663985512479,61.350268322163174
711.1800144702555,13.319856465659235,86.5159197064097,61.21643386575367
711.1844168997467,12.670831566600096,86.4661646161733,61.39011785729236
711.753140181876,13.126387527159991,86.39582739830438,61.52476406433877
711.0078876219773,12.76755390740707,87.67313741767529,61.70945270954148
706.7484272889056,12.389043797865178,86.94619226198013,61.51194805393807
706.7294517455707,11.477889344181037,85.94124612422375,61.19084127183797
705.901507608103,12.240676417491624,85.1778743741347,60.95313860520489
708.508988829059,11.902406479254132,85.09983715271203,61.116230660539586
705.6232689696027,12.222452064492408,84.03247834867554,60.94050735657915
706.4795190595901,11.916200263062834,84.1197265894162,60.60492368441007
704.0519532437498,12.123692807977019,84.61375420956102,60.529147495510195
702.8836792544771,12.355373480689398,84.53761202544773,60.47745799719046
704.0728241253818,11.537553734662417,84.47674586571546,60.30338805950352
700.4630190164473,11.762433637129533,83.4735920683865,60.42069134775471
701.1356868017458,12.185996295806518,83.19782775442717,60.30695600404118
701.1058571088389,12.17806177487546,83.59975644165539,60.09477798791704
699.5611906338331,11.53162299993462,83.95622834964436,60.22787992306026
698.7431652494283,11.374995903935321,84.87501398936455,60.26207488377757
697.943503329802,11.100501646641867,85.95309604452146,60.5775511010918
694.8938702298201,11.182279113448203,84.66656760489776,60.27359788864669
693.7238626395008,11.026238968171072,84.43068533032094,59.77133031600363
693.6553820614129,11.167658126572228,84.0237559506654,59.46668467133476
693.8612531913808,11.230216785771255,83.55902982931303,59.29684099234744
692.3690589024758,11.778948399609902,82.8517551418948,59.29772113701512
693.307858484778,10.601255710390916,82.49859245113672,59.06527883295797
688.020586014863,11.060909412570645,82.8161936882689,59.17728115245258
688.6385124810819,11.20148327615858,82.05491114939363,59.338078322451544
688.8554395630033,11.29866294701852,81.64442900053507,59.56178080338448
688.8088479371214,10.128959151673357,81.84783111250788,59.449029942994486
687.168755744541,10.474681992086396,81.03317878578522,59.459538209712505
685.3808847805566,10.5430894375814,81.14132752069976,59.275140591796884
685.8811916651634,10.195444292870665,81.49796265380698,59.38675263567392
683.454321592908,10.225738855419891,81.08705579132952,59.22987848032969
682.1359695357814,10.650327879945273,81.58906938243501,59.480954847744684
681.1874748681391,9.968828295053925,82.08440268611088,59.51763551510123
679.2620830124442,9.746486565166446,82.48110128588266,59.52043293728807
676.3807747562003,9.771718358214105,82.55548489965844,59.43072845821623
681.5617426440341,9.540322317770556,82.83585068343902,59.639225577412425
676.1762086124198,9.904310215652266,83.31992571993419,59.41117548445929
676.566362658992,9.234566788484763,83.19863006365645,59.655262601436206
673.5256151300173,9.297866510023283,83.29225919677083,59.29688236111605
672.1249051428363,9.641486053591855,82.49614236884105,59.34101592841692
672.7329400290098,9.887639283552183,82.6145743398107,59.55892509664339
670.3188514042275,9.708467585640626,83.12621134813368,59.66584239173561
669.5405920551611,9.556296958893068,82.95076676940343,59.909285654169516
666.1875820047924,9.087764402923064,83.81667323030938,59.72757515995413
665.7221819496436,9.457665110801372,83.0931342655182,59.62999871167722
666.2729884585842,9.366559849265549,82.6938589298844,59.779729684059404
664.6025233467694,9.249724742333171,82.57969648498053,59.54872187863896
664.3456531444035,8.622325150562425,82.56392990833955,59.28386535768216
660.9915227787861,9.063127797691749,82.75330121238929,58.902388153805134
661.9375987843672,8.983251880605856,82.52437723620025,59.06012422548018
660.3023559962763,8.492144996653494,82.08908373675943,59.070328155757494
658.255239464147,8.13698308137485,81.66492090029169,58.89220792026711
659.117938575465,8.345447484525543,81.09970300793223,58.8195225510175
656.5735572172381,8.095407037238466,81.27829993764301,58.346204700531686
653.5098388247322,8.299160391684186,81.11469534844811,58.51998901155678
655.9266411036645,8.111200240350549,80.75541263277717,58.94779333583408
652.645717198925,7.998453516921131,80.8844420294753,58.63515143294239
647.7315123716256,8.187446287242906,80.4648114847944,58.76692311304393
651.2645992272842,8.079997564155232,80.11696720310374,58.88823620052711
648.4545632776072,7.870499705390031,80.69657994642131,58.598642900666306
649.7701181041461,7.959532040714905,79.73593683558732,58.81635438262734
646.0054380745919,7.816028992433033,80.04534383454569,58.614278083160656
645.4696230076839,7.776630123091763,79.78017053208231,58.83550837739949
643.2380650573554,7.55384443607911,80.07768804025285,58.74184636490823
645.6064663088056,8.084229568972965,78.84088768311972,58.5779451624979
642.4048176005437,7.910550388357301,79.08064712051761,58.23214376468458
644.5375936775691,8.232771942964693,79.12015010791559,58.63402538538923
640.2792806760567,7.434235599968101,79.28246321421192,58.50635947351254
639.3595507776075,7.730261192036195,78.66230539636416,58.54025624164686
640.3849660722303,7.756513915666524,78.60728078589372,58.72462746093207
636.46887518397,7.332230104127081,78.85925187668425,58.04689203110873
636.6375640473199,7.525203002788576,78.58754435712746,57.88217890135109
633.4717423332189,7.68780806299597,79.01590752715069,57.612400217683614
633.7896751258756,7.923675164652515,78.72795446200743,57.710575110134684
633.7868576292675,8.003070115783306,79.0261190680032,57.98177123773646
631.7860755182807,7.9040668133434835,79.68116000506484,58.003371503805184
628.8325937729534,7.872169331371783,80.44944494499916,57.843861659608784
627.3252242721646,7.728584675659803,80.59262671085895,57.856294268590574
624.3202107191173,7.596974666574582,80.46259911419465,57.984753862266274
626.1489874983047,7.369151647753576,80.21044630884136,58.413272335954886
623.7811617937292,7.034600258874171,80.46247421335362,58.197634463059856
620.8659539088201,6.846834820436797,80.7382268018668,58.072007042872684
622.8649291318677,7.212376876845628,79.94576360705338,58.31919477205789
619.6847070900433,6.626268573074466,80.45193007992333,58.184831670547176
621.854676132745,7.003907749984986,79.2924383808572,58.34717862476294
618.9517359583733,6.237701987213313,79.98848072071992,58.15820049900776
619.1005627424242,6.747720591018929,79.45457384634835,58.08824475902501
617.1504169753073,7.013169595709279,78.96954090243288,58.01362489495757
617.3381721882703,6.493236398627246,79.34414092391378,58.151318127614985
614.6480391026657,6.327071827755471,78.88686932962001,58.066018385043044
617.6943525294693,6.736901137558089,78.84348878720053,58.05824452629444
615.2597467116054,6.979112303258287,78.655082758591,57.85570746119806
614.0440409177457,6.800149935918313,78.127332349469,57.64614286987779
612.2000984106764,6.501313449390334,78.0399907705901,57.580902103252505
614.2524078396319,6.3086441773579836,77.54648879881799,57.6004490284932
613.3042543319007,6.250664583710204,76.96314889312272,57.92188163879291
610.6638215634928,5.6139247223057325,77.34531466950139,57.74509798059752
610.1465192163222,5.7454267415092914,77.59450991331164,57.69643664064526
610.6633887464117,5.789984415007186,76.99537972983784,58.027323098478114
609.7764867506902,5.91470670751152,76.95269998524266,58.07689007176374
608.9020924689086,6.284159667790519,77.80270844130777,57.92246187385055
607.2000250229889,5.730123067771441,78.40162511338981,57.95322892249863
607.2155834115803,5.520113674287693,78.09663894095114,58.404498033566384
606.0575243447673,5.306629235050902,77.77331820700803,58.05059975267336
607.8726309442447,5.185049786631605,77.62883136455946,58.053332377358096
604.4260745835334,5.0918632961303665,78.09413437071123,57.579021905277536
603.582402192738,5.62070566704428,78.35051742420615,57.55659915208954
601.6363454221598,4.9384546353629375,78.10007811273184,57.409090521902115
