674.5,656.5,15.0,9.0
674.6479138234668,649.4229249954224,15.014834980286764,10
675.1889601331483,643.0869352196848,15.145033959243559,10.000040655295834
676.1248036903113,636.9899096488953,14.976002160316723,10
677.2784633675373,630.8671460151672,14.858304492800178,10
678.2451773222838,622.9039468804523,14.703117860048273,10.01413439919072
679.190566111806,616.7374687194824,14.687520525449578,10
679.524551158739,610.5025458335876,14.682486046169496,10
680.60572025451,604.4117064476013,14.597801501096793,10
681.1539648879833,598.4372892379761,14.592163660274597,10
682.5988434077492,591.1057591438293,14.520245289565974,10
682.967082601297,585.0584230422974,14.4861140618561,10
683.8016596156227,580.1133560006208,14.373235877778619,10.075114475809176
684.5883083263042,574.3414878845215,14.194961921572148,10
685.4079338861499,568.4014720916748,14.162342438500435,10
685.8067391165316,561.8389716148376,14.12678838804948,10
686.8126895281563,557.1377148628235,14.056764333866058,10
687.672836883165,550.8956699371338,13.979530546471235,10
687.8289432078548,545.9989976882935,13.938645750294569,10
688.1329323387181,541.037296295166,13.981219642155365,10
688.2484520895647,532.9817237170831,13.957423642602091,10.020679610511422
688.8403981426395,528.2016839981079,13.871537546508087,10
689.95742255766,522.1919493675232,13.936625116689772,10
690.7084866610476,517.1495943369555,13.909628540812378,10.022775590005153
690.9018263033915,512.1216979026794,13.847085125865814,10
691.4825364531362,505.9579038619995,13.789962941153181,10
691.5748151698247,502.630735874176,13.85345801541516,10
691.8952142701271,497.7333641052246,13.78572533414305,10
692.5640102295881,493.30229902267456,13.801326698302201,10
692.5856251920815,488.7336597442627,13.825208801914254,10
692.8771438361836,483.8325386047363,13.824193763408676,10
693.3229278910177,479.41266202926636,13.90907573938037,10
693.5344744138768,474.79695987701416,13.88943461321793,10
693.825656275617,471.4994881896299,13.851865926053373,10.02657255567666
694.3946402773289,466.89494607472295,13.84463856517719,10.072654771330445
694.7599895431908,462.08867737838807,13.750282022493495,10.204234179075947
695.54892323962,456.26229921946265,13.757047503170519,10.03408209543753
695.7034738588349,453.2164518358885,13.786122187372996,10.012314891302823
696.4021097489181,449.03324007987976,13.827054099642801,10
696.5052965897688,445.9450590610504,13.85111315183471,10
697.1877277723889,441.5483047962189,13.864337472728703,10
697.4033705225484,438.3782994747162,13.807018874904301,10
697.939174216823,434.2621328830719,13.94234951469063,10
698.7038688912405,431.01364718089076,13.918502444145416,10.111262595463405
699.1794933908673,425.3179666996002,13.987424371939692,10
699.6291745231499,419.4892785549164,13.943479895402923,10
700.2378534777068,414.9845564365387,13.915312254805803,10
700.3838383427736,410.4981520175934,13.872232537174764,10
701.0131510728241,405.98805356025696,13.777012614679094,10
701.9244817379767,401.59079909324646,13.681925513614301,10
701.811989164904,394.3469202518463,13.787702472894885,10
702.5301561854353,390.14902424812317,13.836536054398454,10
702.6652768629184,385.50130438804626,13.817925542117937,10
703.0075558478528,382.02858077583414,13.759663973273058,10.022697705076098
703.6399362946878,377.17030024528503,13.581845633123365,10
703.9705569164817,371.17349123954773,13.66815112196117,10
703.8661017241914,366.9283330440521,13.791570832761376,10
704.2951600604226,362.64074206352234,13.929814223851686,10
704.3181954311294,358.131014585495,13.966851296630978,10
704.447342832979,353.2871572971344,14.019501526958852,10
704.6700860084627,346.9041311740875,14.05875287025497,10
705.0982429240396,342.1511194705963,14.045007913460228,10
705.1070795760858,335.79696011543274,14.106932238974538,10
705.2346252511173,331.2793610095978,14.163890039378536,10
705.5423752268911,325.39202904701233,14.287283596742041,10
705.8869625173393,318.98176074028015,14.268161186599242,10
706.4684367519924,312.60272240638733,14.170206575630457,10
706.6337280661136,307.4783957004547,14.144031275755179,10
707.0976656524101,302.2781460285187,14.048581637887409,10
707.1388396047071,295.71106600761414,13.984967510399134,10
707.2971276300265,289.02660489082336,13.905138113674976,10
707.5215954004339,282.4110085964203,13.903388685263877,10
707.7774140590576,277.307968378067,13.938345570534992,10
708.4197602148782,270.9504554271698,13.896162266347527,10
708.4136268786824,266.0666091442108,13.887686194531824,10
708.538254215327,257.9858853816986,13.882539557403092,10
708.6573126253617,252.99327397346497,13.862006334040178,10
708.9225533920169,246.9990017414093,13.899994503927193,10
709.2898035740159,241.88536715507507,13.801035936613435,10
708.7515423828003,236.15536952018738,13.880078999472177,10
708.9750753074279,228.71772503852844,13.898094841958905,10
709.0941716496972,224.17394423484802,14.014371784562437,10
708.4307195158071,219.7847044467926,14.013838889943042,10
708.2573330916954,216.41059064865112,14.06981963058465,10
707.9701316413126,210.65018892288208,14.186635229619101,10
707.4829516216964,205.86128282546997,14.172885501414472,10
707.5074512402381,201.16967964172363,14.217652067012612,10
706.959778563011,196.93983602523804,14.233235677921195,10
707.0032542601689,192.19270849227905,14.225373083260916,10
706.9839854542987,187.83639478683472,14.264118170635223,10
706.3962462231225,182.04604530334473,14.339515546828736,10
705.7654461470906,177.7560305595398,14.453717227060277,10
705.7286837487096,173.05014164852818,14.435281012531702,10.019626943116958
705.4609841944941,168.61469316482544,14.474648508804963,10
704.7884767728829,164.1016187114273,14.44207341100261,10.12155639275818
704.449230656434,157.82582496940128,14.486431232088561,10.19852687241571
704.3968735041761,152.95968332494095,14.42494451135662,10.228918262227474
704.0479899044,147.0095925904813,14.432248287180048,10.22066295593927
703.438000452963,142.57224306214778,14.279574420965268,10.271370237093622
702.8879871774144,138.14128243641815,14.193206399804431,10.366647964382935
702.7399920501667,132.4321042566745,14.175784852246412,10.267024701983042
702.2609677418296,128.29528686268958,14.016824663645558,10.240430417382065
702.1597282880552,126.75200757203125,14.016442023724178,10.233360353755504
701.6872416936066,123.7664574896553,13.980467300882264,10.27898349061433
701.0759420281585,122.27280873584729,13.829772516712003,10.353064884186162
700.405728708014,120.70439673164961,13.93880713105344,10.388521418979227
700.2481716185241,119.083622354571,13.99437628182335,10.468354665629114
699.8370666748613,118.46608692923786,14.07515773430039,10.494075407195066
698.8143795351293,117.32095982072502,14.060647465576865,10.569125385329118
698.9620933103436,116.72340906463442,14.077094155785339,10.534758671077537
698.0744217264713,116.13844470961016,14.129125899274428,10.582556629516263
697.3516023180903,115.57223353573042,14.039265262491803,10.671996518207449
697.1840758761506,115.16485249299741,14.019388788604186,10.625049366574748
696.2376793416847,114.6814557312026,14.019639495322735,10.666282058140741
695.5170673106251,114.17128380952181,13.928197947128716,10.739231292051059
694.8055001315543,114.33923822422155,13.570546267825208,10.695644859883618
693.5681329852076,114.32599417275493,13.262813433672138,10.736848285110197
692.6065878140206,114.65538158290487,13.113761890288666,10.66881343024918
692.1351544997597,114.92491190451194,12.739363246670031,10.534284504335421
691.1459492419116,114.97147426411553,12.441696253439853,10.440531000945786
690.3452469261573,114.72884979009855,12.254765919242617,10.29411150053156
689.7551881138681,115.39908060933904,12.066709467740647,10.176494820355952
688.4113042045017,115.68481034061207,11.87139227403764,10.105422489977679
687.5300582158785,116.05663969295145,11.429847061800366,10.125224481042498
687.025007841936,116.2366325473415,10.988868202675322,10.033434580196209
685.6836247021384,116.61220794596011,10.767204569703374,10
684.6045094507516,116.59797571558738,10.484582430417754,10
683.818294399973,116.98818267841125,10.260577771881435,10
682.9546222775712,117.4816621686914,10.200326386992916,10
680.9850201417066,117.59170775074745,10,10
679.4690723229505,117.6945462669828,10,10
677.6934797723936,117.62073793966556,10.570094078622287,10
671.1656727083721,117.77441379387164,10.546744926941258,10
668.5123254292714,118.30178120691562,10.823049222538819,10
668.4604827390025,118.34844439063454,10.853269345193606,10
668.2077504486374,118.72249792848015,10.927279028997074,10
667.8425636627155,118.19508336816216,11.076540454463263,10
667.7127429308983,118.1149630281725,11.254164064241529,10
667.126808978401,118.21821649704361,11.309422515081321,10
667.3532826214877,118.25619936321164,11.767659897448798,10
666.7409745451683,119.13071054551983,12.211483694549967,10
666.0749914081056,118.57109880779171,12.48429152427104,10
665.7049547080879,118.52289020974422,12.640242385739551,10
665.2106477240416,118.63098169822479,13.05074995048146,10
665.0838965077055,119.44084890146041,13.48639687601819,10
663.834378119868,120.11093933839584,13.624935700185791,10
663.3296703093125,120.14754166040802,13.734907754497454,10
663.2673117023933,120.55723785195732,13.833894064144289,10
662.1897820314712,121.26012699637795,13.917017990720504,10
661.3594804851926,121.1863695118227,13.946473937052566,10
661.1976009203089,122.11443433497334,13.874939711832056,10
660.5954906455678,123.03403649065876,13.841352152984443,10
660.7305024149034,124.36504933569813,13.794432867724527,10
660.4481982865631,125.7093004915514,13.681430727066278,10
659.8277650619459,126.4873493644991,13.520206984459392,10
658.4091888095628,128.6922346088686,13.677811225675903,10
658.7344362634137,129.06833375941974,13.590949283061942,10.107047774051079
657.7547425072514,130.9670910323423,13.31809945636667,10.275357355403203
657.6207697405329,131.6271422104001,13.544261824617315,10.289514270909311
656.6439361989537,132.8247261573472,13.694163372421016,10.253846069932052
656.3749877056096,133.43760460843845,13.807605401862391,10.305149080431065
656.1417273343533,134.11095847821616,13.817433895792195,10.412325346422241
655.8250622185813,135.12197529510382,13.859776743016937,10.41200020111128
654.901593300559,135.584098177601,14.022253700689138,10.544853182416677
654.4035048377807,136.02272683515898,14.283634400221175,10.570270125055984
653.8669240526693,136.48677365706052,14.359101418499161,10.748710008627164
653.4225919576219,138.11569227290485,14.370586105153281,10.72517410559756
652.3838733422302,138.5052307391033,14.539179341795966,10.776988365160044
651.8574600662718,138.97136267342452,14.608309373384305,10.690997799549505
651.3099893088371,140.5453298330665,14.53682041492614,10.657792884715032
650.1387569936397,141.07684601762307,14.43718976562711,10.513412692458871
650.0882197160103,141.33921704322856,14.446412795877457,10.268640482489754
649.3748779860359,141.946472371135,14.405775694417123,10.209622251641742
648.8022296369055,142.32901712494905,14.357205424523132,10.018419317328338
648.9347508845151,143.26396619115258,14.516488425262128,10
648.5963839373233,144.9067767742672,14.722714429659852,10
647.8948857034528,146.34238253865624,14.548479251816602,10
647.1681667899751,147.12504093680764,14.444395258703707,10
647.1401772208892,148.34376196895028,14.295131599143186,10
646.8727779018178,149.26254181895638,14.281959942333533,10
645.9957873927259,149.82927285466576,14.326619819274427,10
645.1328343561531,150.4773010495701,14.15715612427724,10
644.1523929260667,151.25634311471367,14.054820629271223,10
643.9262647537373,151.6590582910576,13.950073297038728,10
644.1821006164424,152.4735887828865,13.980761519786629,10
642.7412503153837,153.17405464086914,13.988135177552914,10
642.8439283730471,153.61308564577485,14.070774668887044,10
642.6047843456297,154.40245695743943,14.082968617286108,10
641.7006184254567,154.6275748643675,14.111127394353755,10
641.424895690573,154.8537867400446,14.079957905835151,10
640.3103641061155,155.29713037941838,14.106098253705042,10
640.0330783325306,154.85324436757946,14.100971517202336,10
639.1017966135144,155.58265227411175,14.0939724485593,10
638.9683331417435,155.40899038646603,13.915393713447202,10
638.9313629983293,155.46011406515026,13.875185413287241,10
637.9350546602864,155.81490132544423,13.936397260347839,10
637.8242326033936,156.2321514818468,13.952943981931838,10
637.1454471911661,155.81553072069073,14.00684249269681,10
636.1053844911677,156.42800653312588,14.068808980034941,10
635.6582002029307,156.32421901408816,14.130146200173963,10
635.7648961664689,156.49643146578455,14.09030422322062,10
635.2415030582819,156.81621655408526,14.112282628811238,10
634.2435791075231,157.1915990820393,14.200350836725299,10.052812903629462
634.3474672889765,157.1746201175847,14.199702179034873,10
633.3597996718671,156.88706938921948,14.13891389907822,10.014606378166798
632.6840952283973,157.94231521670008,14.144174295112157,10
632.6586584283137,158.14710087660933,14.17681069564492,10
632.1301902241835,157.7319387603202,14.224706748223106,10
631.712917134335,157.98504001979018,14.098943482061866,10
631.1759260454515,158.94115669612074,13.959769794159715,10
629.9176545139637,159.2302626777091,14.011024933322421,10
630.1538398354073,158.66964648250723,14.020304374692419,10
629.003746267289,159.23342178348685,14.05866404205694,10
628.415033975377,159.00553963665152,13.998114697429486,10
628.402116017329,159.00310277246172,13.918841972437324,10
627.4923425129706,159.387166970002,13.90619930200835,10
627.391211152412,159.95944827102358,13.794441419230402,10
626.7399207356781,160.7527710130089,13.832492428441427,10
626.7587649805616,160.74763242068002,13.668702251123594,10
625.7012031926391,160.5326331621618,13.762652111377236,10
625.4918234922411,161.1593718296499,13.736814893759373,10
625.1784921769537,161.4730528658838,13.825225766712396,10
624.0201626638603,161.4408135144622,13.857407797431135,10
624.3325670920051,161.45822715113172,13.80355922442102,10
623.3846426464197,161.71556725456568,13.767286838736364,10.009865701106339
622.3690663485455,162.21861638972769,13.72530167432218,10
622.1844874898231,162.32685233062875,13.719072259599287,10.010219885771193
621.6784205901124,162.73532443631632,13.710214852851442,10.056193455272258
621.0986090937571,162.75105595324143,13.641278828380795,10.087779179034706
620.4337592085628,162.50349783603752,13.693303566153649,10.151992336316999
619.6135093721965,162.86941422672817,13.715040507334216,10.146731174446346
619.2414435029924,163.38499070661453,13.683710631610456,10.131645719556433
618.4041246823215,163.19666896377572,13.640443586024602,10.151341246764666
618.2979817478321,163.0552986289337,13.683152914414096,10.071808402177902
617.5850427467719,163.07108519186784,13.634132935844253,10.139321367232018
617.3729495070742,163.36995070051546,13.670167292742216,10.15095313098461
616.5806314806409,163.6198302433393,13.639369652676613,10.196120688708517
616.4712054629535,164.07708438459105,13.619774886150557,10.224493155907464
615.8753911871858,163.77643230957258,13.592459126544155,10.313223646524387
615.8023866461788,164.34630013645642,13.607935183889257,10.352692933552607
615.1199115590647,164.16613136616468,13.605576145432796,10.362570928285317
614.7778818711614,163.96819349515758,13.695056301421388,10.38242239428138
614.0917237883882,163.84701847479207,13.704436923907485,10.402481621089507
613.7520906444217,163.862810928547,13.786421636637552,10.387073486814856
613.0477530316361,164.04458295134663,13.85006238211379,10.436124862291432
612.1943753141404,164.81429821435688,13.85315828265077,10.375312362050657
611.9033445513537,164.66218711441914,13.834775550964896,10.370590664440373
611.1421463450149,164.68457943810776,13.726367067287846,10.424893814168463
610.2452417423374,165.14479654380338,13.818134885084888,10.465515835229601
610.3489002825921,165.38951070508804,13.726532637715863,10.419544281649852
609.4650984495269,165.1222171117263,13.703091114942405,10.44603298528771
609.2505117578525,165.07954088982228,13.655589524326597,10.459827951979142
608.4520558593169,165.1423089069736,13.706189704500101,10.491800872082326
608.5125722464134,165.70133797485445,13.689901930908047,10.458774364929312
607.779456876768,165.9893733669026,13.674289556299584,10.464520969367538
607.5273024641087,165.54642781847576,13.532825686076558,10.48767578148839
606.6489184674115,165.9880912791283,13.589084727330386,10.47930344144402
606.1874091783945,165.66628926910928,13.562225506806914,10.429175021010401
606.2875031856622,166.1735383702292,13.663216960903402,10.371486935538456
605.1188996784188,165.94419873243547,13.581591196459556,10.389352639911237
604.8761579243086,165.80781398734047,13.649669188770751,10.404352992480316
604.4387820194077,165.77449172381566,13.56795211839617,10.394252687431468
603.2962316878966,166.4885308150064,13.604928420379952,10.435670039946785
602.7587461429624,166.56667308546,13.626999553545195,10.430351100245424
602.7053708823224,166.65154796064922,13.609364255986142,10.39202340761482
602.0344992020955,166.8328186057501,13.67705690385437,10.385741463421388
602.0832159117824,166.10324460890888,13.55455505797581,10.30022245156485
601.5788687557442,166.44293854489675,13.581534167720811,10.241233339431055
600.748797067899,166.93948862127385,13.611702701339794,10.188260499813898
600.4589343931661,166.57146988159974,13.547470376302085,10.124132564351969
600.0218617195044,166.7293570380071,13.60884130384108,10.11654081889524
599.3457642538239,166.92039363508846,13.569288283694469,10.168475299188174
598.6143301231925,166.94664704347696,13.60640438202391,10.176017032778532
598.1861863661915,166.9519903101206,13.579235665862466,10.19224633470786
598.3634753217154,167.31398960010455,13.539909582054456,10.19756834046769
597.2166492744279,169.2725355803983,13.553107279427833,10.23403458643839
597.1911172210492,171.25193703124262,13.50053900313673,10.22168501765078
596.2788972262721,173.84423454231742,13.472433969726563,10.22313802635446
595.6431855241093,175.90628012571563,13.56285869107645,10.20301595669549
595.2922244500456,177.88487681103368,13.504059632538608,10.198920406341356
594.8948538252856,181.516669081677,13.589993354039644,10.309877147708523
594.5970847887129,184.13719014168439,13.608919014255694,10.3107650356283
593.708816034406,186.29018895573213,13.55990239040794,10.365199555512586
593.5054446594639,189.19372214779352,13.566148389222,10.364370392153965
592.7588356091165,191.90522470903187,13.720436836748965,10.367657212273665
592.403112327812,195.93365751481844,13.673412566056749,10.373187650200071
591.6124942765275,198.92548344304078,13.73762462840347,10.351349720452141
591.3421954302494,201.95760695173175,13.607596932337426,10.513309959387353
590.7687262706332,205.97723833985714,13.591214114141422,10.430680750946618
590.4706515352148,208.7740356438177,13.595070322496756,10.498920382985203
589.7565472625713,213.04180060666056,13.593567287507096,10.612975227502147
588.8305043278928,216.8280263808387,13.556097344982225,10.707770974525516
588.4056550938566,219.91201881124445,13.525543988198663,10.69069649121643
588.3965830504978,222.99127242739337,13.57724496465871,10.552586922035074
587.5406244427095,225.13454739416213,13.459164879133775,10.675040246248994
587.0730004092264,229.3023453311555,13.52965767323456,10.710942480172463
586.5941771473746,231.637058633529,13.530906901940112,10.711344290342414
586.5903520806343,234.65608010423563,13.654715632592175,10.735284934286819
586.1111383635969,237.8813206876258,13.795210341714254,10.701026339833176
585.3160594894813,240.8885357662862,13.896495919497166,10.765301970171041
584.2727680575766,244.23305734405398,13.930474108013316,10.808807528319575
584.0716248704064,247.47327710671505,13.958804994149041,10.858101660834347
583.0196477186796,250.80024144514775,13.832610743754305,10.794810667837336
583.7471106571718,253.39910375331684,13.600418722017292,10.679250815903433
582.5737319712255,255.73027238875747,13.420290822837647,10.751927506814162
582.4957992339055,260.1616747509778,13.410493084939803,10.64941102089891
581.5693572144212,262.5765162686416,13.425004893378667,10.595930187414496
581.3352579241076,265.5596537379923,13.42568326683919,10.556918031763733
580.6406028481425,268.37121840539135,13.55546096713964,10.557201782903093
580.4849231770891,271.2870983366869,13.55019632347917,10.448285567315203
579.5191431732899,274.7903307764989,13.58821392213436,10.537426537910966
579.2320851559006,277.1494111345209,13.607679590606669,10.562424162320953
579.0419466886644,280.6693375422184,13.480216623536222,10.476629040407477
578.998539441299,283.4428089334077,13.507346279167399,10.423565099428926
578.448133836202,286.12747406206677,13.569939944805721,10.46746478443265
577.1642208186138,289.09972097329523,13.585177993989774,10.561632441925665
577.4384292500813,292.872602359728,13.675268497235272,10.598744920830255
576.9624233081637,295.8177908824956,13.692758050309614,10.582105687337211
575.8108666348281,298.94286677821157,13.640741201362957,10.591423405030008
575.5262924271244,301.8715572020551,13.560570504469586,10.588409336670392
575.1384736427443,304.8527863835585,13.393529085249948,10.642214458618385
575.3010253093302,308.8020237905569,13.304426960502685,10.647549668882974
574.8082620705956,311.28673504513404,13.256690231490069,10.735729565276813
573.6647597612282,314.9950863466599,13.3475908005422,10.747093692724404
573.3897577318104,317.8452285464051,13.283507456557121,10.712782002889709
572.6445995139097,321.870206713194,13.101063286546466,10.699653710388608
572.2870639524522,324.85104324303455,12.99109609559581,10.605020331188513
571.8537154438627,328.88423469130794,13.004737158795248,10.509878908793299
571.6619266138247,332.13471213667896,13.127708500158997,10.4703068839571
571.2705261975331,335.57424800473484,13.210541173543513,10.41224907530502
569.8228921073566,339.21810298714854,13.472432040282634,10.278477880771748
569.8792640507768,342.10660475156834,13.671798905309547,10.275838346530632
569.2221197132088,345.73925216977125,13.817108412507212,10.389773532555218
569.0507656731933,349.5134656176981,13.8306577989862,10.404593840528374
568.2913638625452,353.02178863395477,14.007092579111312,10.39981914590561
567.953918018449,358.44730291859975,13.99899949795926,10.403916957536083
567.0622342880224,360.8938006935081,13.89757641907082,10.544448781986926
566.7971581785516,365.67244807606227,13.6629412024809,10.497008333590054
566.3427180742093,369.45767239429466,13.4396978216498,10.552633534405611
565.5598334271278,373.5770111778686,13.269915877752654,10.426290218661471
565.6253539916145,378.67131988647986,13.106803806556478,10.46312140983746
565.4185385288562,382.5850376220434,12.937683100336159,10.380159396046755
564.4658197046032,386.1489155260735,12.887082035387111,10.382175297428667
564.2792943846778,390.4267032093857,12.975924526520025,10.347735261004416
563.8122668684321,394.0495139202222,13.05576173169118,10.33816206091972
563.5690242532032,399.6888466901605,13.175252700407382,10.30913221745418
562.851126972556,403.5199005615821,13.144355886922888,10.341100059022564
562.6012965300009,407.17200997282885,13.24456796002534,10.150829104876296
561.9963730833758,411.49179319764,13.24108792227576,10.126712560649473
560.7582138357582,414.5384436768664,13.278528358123724,10.033581356224996
560.7365935348148,420.01658765698085,13.28065358291227,10
559.9576154525224,423.6628065981528,13.29937665900372,10.028809695323252
559.1570199776985,427.3572707429134,13.206322747048734,10.118259701700596
558.8874369610087,431.7505148257919,13.232358294416901,10.00198046691278
558.0041840268989,435.525146645552,13.238968241882963,10
557.7960081485197,440.5909210863174,13.10535014667061,10
556.9146452948529,444.3825823488296,13.08567846459232,10
556.4712144573525,447.2216946306289,12.923676132596999,10
556.4262694181494,451.28531472111354,12.870779693263694,10
556.0935981086443,455.2503205957473,12.954588522639273,10
554.8550419429836,461.00322930241236,13.01496854271209,10
554.3764250837778,464.6115943613113,13.128815611038213,10
554.176533830037,470.0602714242996,13.140441227650514,10
553.2989256374747,473.50263730908046,13.2307831783041,10
552.7875609743725,478.65391437435756,13.262574675490873,10
551.2681073019614,484.4595331373275,13.21558362095986,10
551.1663406013902,488.49479762936244,13.18985946828662,10
550.8522752517106,492.714564877413,13.161761386899412,10.019206691948131
549.9066477256274,497.07889741913147,13.079870358094809,10.041138608633307
549.6773872020508,501.64258806133876,12.949407929086126,10
548.4194830188953,508.0711664381088,13.025195972597384,10
548.3214430602283,511.8312215032638,13.160702658502716,10
547.7334005070884,516.2551881918521,13.260727946514661,10.027141963094397
546.995324217561,520.4311119171095,13.289659604053092,10.044270151922795
545.8025061224059,525.0865281938162,13.194417679662802,10.103604377073925
545.9211833370266,530.8928331421184,13.201288871644955,10.236879375794093
544.4673578033304,535.4946423667275,13.171552949443843,10.196687325807009
544.458499821366,540.1063967853602,13.10347568641536,10.248148543168202
543.8564188934932,545.6966337506519,13.137868612679233,10.29012582260654
543.7108031129429,551.0422038404337,12.996521341868794,10.242811174048946
541.9804257235257,557.9977843250975,12.840710893194776,10.297417111459586
541.5245311248436,562.8164487521832,12.782691154439817,10.490905479883446
541.1917635754256,568.2898283791565,12.71456269431594,10.41019789982613
540.6280541859097,573.5797009658094,12.598401012799313,10.443321989215468
540.2896507514828,579.4521067802418,12.632448141300591,10.427606773009261
538.9190673831122,588.1998874351768,12.698380560262162,10.364117148930308
537.7641289269936,594.1640180907652,12.789523208125388,10.340208025863795
536.8655549456378,600.1577581408417,12.815074381477082,10.111720120840388
536.6225598649374,607.2197980947668,12.906689486849503,10.048806022621363
535.74629692308,613.9818683261142,12.878914634137184,10.084857668080895
535.0443719121357,622.6027739756393,12.82717011638332,10.025821866467355
534.4385839015814,629.6830066862167,12.919024128786774,10
534.1990751086253,636.4616707983078,12.834453453094644,10
533.405180376971,643.303567809111,12.986276901541295,10
532.791613966537,650.1060265722335,12.929747641644376,10
530.9841201334027,659.175526541716,13.149435873251255,10
530.2680401237358,667.3309582891525,13.25782703844381,10
529.7230709821783,674.7139267149032,13.259110803431101,10
528.4675970148238,682.9910101118148,13.25439606800474,10
527.4323646380085,690.4229611578048,13.259636650950602,10
526.3623793970758,700.5562882741505,13.07222409143424,10.012676974584156
526.4019197856354,705.304040549173,13.082488076580539,10.096383659585412
526.0432804443616,707.484615912796,13.044447581023778,10.21998320318281
524.9525014169005,708.0686446465945,13.079935155599268,10.449181990735802
524.711348266635,708.9458483621546,13.131207218983972,10.546193412421696
523.7775686451546,709.5728451978554,13.22886530551924,10.467673907890267
523.1775289374605,709.5021720791024,13.20621265379945,10.42965720758827
522.0412974459873,709.8812333368074,13.376663956142753,10.304028426537782
521.2619043744219,710.6792609602929,13.481401465698017,10.110775050866446
521.2010579985073,710.6686746301712,13.460288760412087,10
520.116632941878,710.6660218195175,13.428953336332274,10
519.6147139778978,710.6497298230533,13.559008987185546,10
519.485159095514,710.7558449630742,13.702689276049899,10
518.3773309941732,710.9266211812501,13.68311121817214,10
517.6383222231439,711.2153722469811,13.730965257537777,10
