521.5,308.5,103.0,111.0
518.68467762713,308.2452904666512,102.45922703257474,109.26066230037833
517.2760026502954,309.3991403952713,101.66685914032713,108.11329536130529
517.7737741545424,308.25009192511527,102.00004659581477,107.65267595678391
517.5322469616344,308.41592372425305,101.95543828717665,106.9769999788621
516.7411504831606,309.2637187959141,101.49244543975709,106.23444095822441
517.3008412213401,307.5576643702277,101.6774168429223,106.41176210703684
516.6270473235818,308.4121483953429,101.58300818324649,106.00873456564885
516.9561645067696,307.1417547836064,101.91162521104722,106.4096292109968
515.8098719244165,307.5813522790641,101.35790333649273,105.84980454946155
515.2536187422228,305.8122480728386,101.46755487681398,105.74141343073879
515.041048529413,305.67689343709884,101.76725884742207,105.90107808671122
515.0974412067835,304.31590912710965,102.14827645736851,106.28021366454479
514.0562219175289,305.47791721211945,101.48766541429569,105.82454847719117
514.3609871397817,303.87142464762707,101.79948366077666,106.11023744452443
513.7170146411212,305.31560136985246,101.42139348277412,105.54618595815771
513.0802849583171,303.45840196232075,101.2087001994566,105.12721628109462
512.5167447349789,302.8193262011632,101.4588864701266,105.60742576105889
512.281818712572,302.8116540011279,101.82394246296141,105.67911102692037
511.7679667144079,302.7428149562824,101.91182426232913,105.58012292896737
511.7627211261819,301.5831890354784,102.16253360131779,105.9420249933537
511.4889412236132,301.3416863735217,102.10337385298448,106.0701699816787
510.968395189323,301.4835646630662,102.19067877356609,105.94104269269361
510.0132576433553,302.1188806450202,102.3120017533037,105.43430933985427
509.3679896649361,300.96651853896464,102.16474838919632,105.72827920511789
508.7878497945053,300.54759139649644,102.32762301826827,106.15998934790339
509.00030593612934,299.37277293460227,102.75003760975315,106.43543923136284
509.502784829844,299.1403634821346,103.168051309369,106.803842169549
509.4117345227634,298.5970350176314,103.38960258760343,106.99221412684132
509.8894810915076,298.50695554369685,103.82609367443453,107.32142308694131
510.0933495474715,297.7931957639582,104.05309043941713,107.52352384034259
510.3555844597837,296.8881023639028,104.28315694549269,107.8578585086097
511.24350304805944,298.1750496336619,104.50972684291588,107.56876211438575
511.66489482007586,297.6852732267338,104.21969317109063,107.21410036010384
511.68477761090827,297.62958725079363,103.88871726585367,106.97992341400251
511.5018341967959,297.3544372682291,103.71122007851822,106.9730010724032
512.1554541995529,297.71573077009594,103.59087818530128,106.84352790829583
513.0413508442008,296.45385518581656,103.27841450110797,106.81623699692908
513.0722279983671,296.36708802641334,103.34187687056026,106.89336143611067
513.2861367096202,296.3832751053099,103.38401828985488,107.04235069701586
514.6668072030676,297.40974535544547,103.49177072108147,106.64661553999116
514.9299781358618,296.5866678914855,103.52449962146513,106.48156746498142
514.595583637469,296.8529122302013,103.0744910775861,106.23317341922177
515.1437045045228,296.8222830531541,102.98232832773904,106.10276613880328
515.1671377122764,297.2498955733678,102.71659629412206,105.87673076846181
515.448381721358,296.65004495399114,102.61064638693037,106.11833741035234
516.0318615682465,296.81160240566135,102.37131950183858,106.22237072993511
516.0628353526903,296.4227060348197,102.01141340991606,106.4560294508131
516.3428182407611,296.4188337452321,101.77593511131548,106.41958337731977
516.7465268511323,296.9297119797838,101.60908567011386,106.26960432349195
517.3513364938734,296.34237627621445,101.93752383111165,106.7007986245363
518.0030563233348,296.3575218758227,101.91322059148503,106.7529137971517
518.1556319146272,297.18762102303197,101.67350471413809,106.57573080157661
518.4424773678868,297.2821607113285,101.572448063505,106.68999537668564
518.7260690540319,296.7105291966067,101.66645013461606,106.6840144552854
518.5542934022416,296.8674292253842,101.67103465133533,106.95156579715201
519.0629964655442,297.9207267484738,101.51584946770416,106.5610596420023
519.2723692766679,297.802697477596,101.45174459753379,106.50958934107028
519.5996357404764,297.89381917114736,101.39163979196039,106.50102183380359
519.3876559358215,297.71262885581893,101.04606952217712,106.6134411031714
520.2311921736601,298.24365564247523,101.32694846346914,106.74766502905781
520.8320052392842,298.8466176715778,101.17552649005034,106.66383321786194
521.1730001197086,298.28454683406335,101.07645507512959,106.89170056465903
521.9796399316053,298.91162807821644,101.10006073671373,106.98241877646419
522.2267944562318,299.16015677353886,101.15541058199952,107.15614955472657
523.0542099941549,298.6368724265982,101.03491488098554,107.09008275532938
524.068045334656,297.91356938551104,100.97861096309836,107.57074800441194
524.8736420578896,298.2203335080012,101.13893074027925,107.62835899969646
525.5611724351543,297.90130428855565,100.91866837423098,107.94074230869718
526.3747637755015,298.7137471302901,101.1921216512545,108.05558066525975
527.6421649309398,298.180199001634,101.35140660729988,108.37694991995122
528.0293792603466,298.7281767717735,101.47540865355684,108.40470739618223
529.4579724563757,299.7549923227148,101.45362331969551,108.15134422909878
529.5379669134794,300.30805849728523,101.35424132099175,108.08207449172853
530.7172278480306,299.9023680111569,101.48752119062854,108.25430699024565
530.7833542823148,299.1813202566659,101.55343096716172,108.2782244177152
531.619651969989,299.20128179744705,101.41020673420049,108.31850533871201
531.8932437230172,299.0017652181657,101.44067997405475,108.61456797910299
532.1734619225716,300.0882330125369,101.47971883949536,108.57478678260301
532.6051219912487,300.2820944686871,101.57279224204669,108.9143344138779
532.9593992850124,300.0080849296264,101.97216545374403,109.27809939704096
533.074960193245,299.5385948765809,101.99645740795454,109.70461456258408
532.038625011664,299.9630594165745,101.58216855213769,109.90055943546244
533.7093696878992,300.74166962521423,101.74149888274223,109.78241031582857
532.4666569719855,300.82871058282126,101.60833729751029,110.24017661667132
532.6060733975485,300.4907979454896,101.75019170462794,110.43504763170066
532.2092346636853,300.49773913947547,101.83370015503935,110.68036912475418
530.4718150242117,301.50791503161014,101.3254399733849,110.69719776422139
530.7721883404273,300.84052728686737,101.53137652366988,111.04342008731749
529.7247012438602,301.4368672525369,101.57887704775192,111.35137327651526
528.0435232999937,302.2850019601832,101.1802246728508,111.23520105970897
528.1213299099074,302.5884254126525,101.3753979303506,111.19291254157301
526.8741769849759,301.52903532967855,101.59461070160049,111.89034055946489
525.978905277842,301.6624255444825,101.60855685443931,112.30094259903422
524.4575954171893,302.2321718246838,101.24015987309276,112.22900570460146
523.065627519778,302.04312077320463,101.20962799938218,112.7172374768685
522.1006263327903,302.8309514222579,101.09403353536,113.29543865511081
521.6576157831607,303.06215866734544,101.01745869498288,113.3089919595925
520.2161569883257,303.10209262480635,101.0004336481631,113.80379877020317
519.0102379725083,302.8104852262951,101.06547016040398,114.22692966236326
518.1709377310433,303.32706979269415,100.9968106688543,115.03150774578984
517.2903502249892,304.05889439952983,100.88324901428324,115.04918666188692
516.0509527675661,304.60518777907816,100.75465018752178,114.93548871247117
515.11098515733,304.61352047708675,100.88523700597055,115.26114685809526
513.6537425110046,305.57083746555486,100.75920210742886,115.12040194594779
511.8563979472384,306.1568190271735,100.53943167265942,115.45327967354062
510.90238800871543,307.0196713790825,100.22284074419395,115.5168787493246
510.31014757271043,306.5253549456587,100.0079813442542,116.11284906119297
508.46695779415097,306.76282570284815,99.80685584689925,116.29394499665077
507.3846673213971,307.2825217676072,99.66795378306857,117.04321851940782
506.12167851176423,307.20212858116133,99.67025023854652,117.27532762397325
504.83251535221206,308.52212220636665,99.61331645251781,117.72804896120908
503.2519040885816,308.4683839589595,99.521988616238,118.05542092318548
501.53600096752564,308.55960640420096,99.48376288165008,118.81456562658994
500.9714645882224,307.68293936702514,99.50226485187316,119.26064765149549
499.4449764688528,308.73024744664656,99.27518747504219,119.67192281534226
497.5647255990955,308.2677030547362,99.29599604973141,120.13051447592144
496.6486563155447,310.30285589692744,99.07129634283095,120.2157249391525
496.01366658049466,309.5286838170135,99.04042482549663,120.93136652186635
494.32409233971526,309.4325050779181,99.02564859392066,121.16888971765883
492.71234763465594,310.0675448808106,98.98194993183475,121.40078231036028
492.42464568778786,309.9806794894387,98.6232072424906,121.61019011633597
491.15286318805175,310.6477340665579,98.36971222914545,121.4986785611271
491.0890532441981,310.283097545175,98.2092555670843,121.91574408388483
491.823213921591,312.03738135438,98.02871020564572,122.80186793276005
492.00779687413774,310.5918106300755,98.23627896260813,123.40108871944274
492.6432638276385,310.42568230992566,98.46638074591421,124.23373952525836
494.2208636989903,311.85795331272993,98.57591646349204,124.51702705227308
495.29013225284723,310.7651159179457,98.85360407387199,125.06696406508523
497.7003608134008,311.0203880049178,98.76220807947394,125.48571614625283
501.00507338660634,311.55812845597006,99.34570409471435,126.10030110489652
503.2821547547785,309.83526445742666,99.59607579364227,126.9321043602383
506.95912060737703,311.31930197769526,99.92858741730267,127.20166970056054
510.9860720495426,310.74949952656743,100.43880482563505,127.61196224252944
513.109843728443,310.5962174408043,100.22455566873154,128.11282649936186
518.3951494586559,309.6997664579365,100.90114898888451,128.26302934266857
521.6179116076112,311.33849705512296,100.70261203380824,128.58801947275862
526.1471411705407,309.77886368836886,100.84238460503157,129.199854222319
529.3627284229757,311.7075718001274,100.75286630820008,129.5992939634625
534.3407251669128,310.60843552414724,101.49118491596795,130.1237686695824
538.4123473654812,311.1340391498493,101.60787303683648,130.20730248606472
543.0172600226497,311.8820515056668,102.1015398871114,130.11774604663879
546.751893992689,311.4880680816374,102.02865237153229,130.62431722094578
551.163075578481,310.9127601073068,102.01767340099806,130.80807603431123
555.4520541515174,312.76107009136683,101.68713370487649,131.1053742466567
561.6926648812376,311.25978726320125,102.40237869135879,131.93284148379848
564.8624969429021,311.94887902538596,102.12055825318006,132.5884075398124
569.0629499638543,311.53476029216006,102.50976089200061,132.88827391060676
573.6352263053849,312.0670257410337,102.67544609346099,133.00340512128082
577.3571562463184,310.4804074356129,102.46120809880105,133.69639900293546
581.653556018198,312.90104210612714,102.4196847620121,134.8261956599844
585.1115077887154,311.1828073262903,102.24650230175729,135.00812525307478
589.4051901217216,312.0259124123964,102.58850756219745,135.1844538954073
592.6557102101962,313.03201949641914,102.77214641662034,135.9022991126614
595.3851373440816,313.2080965269009,103.16157257868964,136.54301293871808
599.6784750855326,312.65987706031547,103.71728353225015,136.93390793659003
601.6415867718739,314.9938055666007,103.60764283931604,137.02568827982398
604.8808318142294,313.6145123199376,103.64184902077925,137.08738918736526
607.6861229282749,315.5631389955756,103.66186295357699,137.1978114838248
608.7320553799149,313.8876508942774,103.96434929426982,137.77082380969705
612.6370643783264,316.1501465382623,103.83440646605652,138.70774801473877
614.286299468616,313.71128731509566,104.036841560822,139.07848556507594
616.3544117976472,317.8931347817761,103.59115292494576,139.58475713867298
618.3409402982124,315.98661713761066,103.70622449055725,139.5533665103321
621.1952399731313,318.4248443458216,103.8615453525117,140.4869463689652
623.4650797192756,316.65809504177616,104.0480597650996,140.37289439417034
625.8629150891728,318.57422165875136,103.94591004810205,141.6384027912319
626.1383302054077,317.5177184693912,103.82561984086655,142.2699943750304
628.0831964098408,318.9806835766799,103.54449186315273,143.46591465102307
630.1693578963897,319.01055269434073,103.60734545331773,143.67370816828765
631.3363954748348,319.21901500378107,103.42953007158914,144.79656690798095
633.370219232034,319.5824653664195,103.77089582852264,145.5583566781951
634.7750296170921,321.1097250223702,103.71983380855919,146.20909907359965
635.2772617490104,320.0556675895997,104.22178896496453,146.7438550457462
636.9884173096506,321.49943936141847,104.46556880895545,147.68239349330426
637.9089569990981,321.1631212049895,104.63454902516844,147.97498629953986
639.0519706633183,322.7744119462805,104.6976294390375,148.76462233862537
640.0610241465994,322.573960729456,104.94776220903242,149.06306338207708
641.2423345491144,323.54525037027247,104.99261639866168,149.7602357731889
641.9324949268386,323.9651232959046,104.97474528920961,150.4589072612496
643.2158103878173,324.586018601145,105.16612618518404,151.19313817901286
643.9228004328576,325.1725222900463,105.42300364381737,151.7724426269625
644.9535168902569,325.80978813693326,105.75337685465958,152.42940040080944
645.8454258552557,326.51782881729605,105.99545714281689,152.99072601869105
646.6991957078903,327.02406346665987,106.32826334475891,153.61021425093878
647.6946338563507,327.7756410525609,106.75342961413764,154.07840736481165
648.6892123665065,328.244474199509,106.9902576440275,154.3956312743914
649.4944298808709,329.6107826667976,107.25654960027614,154.77256004751683
650.4142790051749,331.5353335349048,107.25333435337737,154.99429008696774
651.5728483512355,331.6957059526191,107.6679718987439,155.33115656202116
652.9652098307846,333.00605535534436,107.96896518720433,155.6135007882632
653.9315917552954,333.3206127239514,108.20837889135973,156.55756565367216
654.8594450526929,334.0179113830432,108.2786842165398,157.15274017844501
655.731201612958,333.93528408389153,108.55639774052567,157.95643180944796
655.9720394420025,336.12186721429543,108.63518884879419,157.95011497109493
656.4754732224415,336.8674903229196,108.7835993745785,158.3468325256667
657.038129637292,338.18507428806157,109.12274071891929,158.44355050541697
656.9081260988842,339.86291898885156,109.16092849925545,158.7641072700662
656.8362780234511,340.56712213188354,109.23849852705106,158.96620441913714
656.6938803961826,340.7726745171596,109.27963914305909,159.3439699236056
654.7746217868595,341.36041365334586,109.34077208054683,160.27396660011615
654.9539556474848,343.59173670222094,109.62366342368455,161.20091505726717
653.7093519932023,344.3578110438735,109.7085736188309,161.7727404778897
653.1564806602058,344.96806149753945,109.92472858445689,162.56174293512066
653.0401980991617,345.50909470839815,110.23333451838205,163.3500384375748
651.6097574225969,346.0595079594292,110.60023641747111,164.0716369433328
651.4070379166299,346.2453291201225,111.10876178175342,164.52829068727664
650.6321827580218,347.3025547227668,111.41371408905877,165.29904522768518
649.6505187413509,348.4243799656805,111.85877496770716,166.1876162022001
648.3717115967247,349.37372845846915,112.13478282118378,166.72432113312672
648.172452761721,349.9533230017499,112.79084050855745,167.45597686849524
647.0484268881771,351.1007718432392,113.01141928277556,168.05405308535785
645.9125467498319,351.40711409590864,113.20291570639269,168.89794361606786
644.5671880076648,352.3962816109444,113.6233032384871,169.56641911761258
643.6630494318395,353.6134082514774,114.18752905289546,170.3771113626697
642.6098944073843,354.5384609895717,114.61578202725903,171.1651293987491
640.9202159104091,355.6950407744248,115.00613917761213,171.57430302186827
639.5881995793286,355.75288408734775,115.27044783312024,172.17775638921302
638.3618314164511,357.4839256099773,115.41333251245186,172.86370457869515
636.3000494862964,358.48448705008104,115.97731127830943,173.35661479670847
635.4024356002524,359.43219817840145,116.3764808486076,173.9472531594219
633.4151235756614,361.6476768286462,116.37282149248566,174.49745077760318
632.071519714314,361.717864350517,116.94429130014116,175.3920315930458
630.4489374637234,363.4138224851069,116.98211031563528,176.0441693552381
628.7855213044386,363.45647678069327,117.36203368339925,176.83633745626503
627.8471572830679,364.6403335752994,117.72161192011805,177.8107924366176
626.0594918571131,365.88939932210394,117.99952799236436,178.49639249894727
624.4543619479141,366.7508574446123,118.25467344613841,179.1866177429595
622.5365517021703,368.13740634790656,118.43071346849459,179.86548693733224
621.1495785419146,368.4969661977041,118.98208555499718,180.75075297134154
620.0247644447356,369.7780663311465,119.14869139332183,181.87153109610415
618.0359369664911,370.5238402123982,119.76963496217645,182.32453146363605
616.3968405313277,370.7235441111347,120.15775214890954,183.35770306431837
615.2561088628796,371.8039114534678,120.33918768619938,184.2365570694563
614.023055984823,372.8630505593801,120.56758511215813,185.0708774294089
612.7755156040178,374.86440896023254,120.80313866734792,186.0755229934267
610.722513102016,376.16976217349304,121.35824774201481,186.4500477280232
608.742117740265,376.2822261500255,121.8554976730515,187.11759418787642
607.8861554785058,375.85759497985856,122.17021934718186,188.04696685461965
606.7095526111383,377.18875569022276,122.35982416028605,189.13498398827355
605.5258269599932,378.51340772584626,122.67613873047479,190.14022498576747
603.6756452428172,378.3672123871459,123.23614133261242,190.9212868169519
603.8466977768621,380.42209812189833,123.26227733622366,191.61302329727613
603.8346936001524,380.0638354443513,123.61457856612506,192.01430660029206
602.8778615472523,381.30457784825205,123.92641922279043,193.1872245253396
603.1931624265877,384.0205471688996,124.0099748070303,193.5299150001029
603.1618248136472,383.10850133055084,124.32583822575587,193.61397746098768
603.5302758411635,384.8247535776813,124.37418892064318,194.61757869487624
603.3777790313917,383.5665248073379,124.90836442590603,194.87931292509245
603.7515066400232,386.45993673953194,124.67394039331633,195.81140976840697
603.7617245143385,385.8133089412097,124.93152136092756,195.94465657694266
603.9428429894557,387.45073663229863,125.78924903414443,196.31633492241062
603.9314304240044,388.2827761174021,126.47442917078828,196.6699351666813
603.9423158951254,389.29407316806504,127.04677724090197,197.16306095594985
603.8428366040393,390.14056933471636,127.82394182578628,197.48302834135146
605.7537613783608,390.5633110211138,127.45992103729048,198.34570095820342
605.3689173033001,391.2467627248157,128.35650913016764,199.0106109339021
606.5849232420205,389.5256434909308,128.4951828778031,199.6003506319117
606.0076362938602,392.3669546024282,129.3047144858204,200.02786396418426
607.9834241854769,391.46104188003653,128.96175123997088,200.427254950235
607.3395509774934,392.6768904088594,129.6122456827856,200.96224414136861
607.4429953996898,393.55695939570404,129.97234238593535,201.34599225700424
606.9694828045372,392.04153798111463,130.8126992082588,201.8180858872695
607.1615585187662,393.3445619130365,131.1206115286372,202.5732955765263
606.6330765061398,392.64761320425987,131.48390492343526,203.514240162096
605.8046108138915,393.6870261824703,132.06801290266597,204.07965029347423
606.0716543388126,392.2758209857693,131.89350747232504,205.0733477466602
605.1813605270913,393.06212831407265,132.16804617799693,205.6682137972221
604.7595637729761,392.0662473533049,132.6724665182835,206.4248765223235
603.1296811688743,392.3569922786972,133.0135033748941,206.9500539517361
602.5381515908766,393.1131956372435,133.26841664542184,207.3363139741073
601.3933311320393,391.88958350042907,133.90523947933352,208.02469315687006
599.7350941118431,393.0446829539501,134.23503062788012,208.14149906397597
598.7632498571102,391.7010767802705,134.75009712997593,208.61196675000392
598.203813410207,392.6714426885038,134.9762484304025,209.05193409125215
596.2703055826884,391.090728560936,135.5331380192318,209.48418320248217
595.526268629434,391.63418948595597,136.01483530163313,210.18454679956287
594.0825238411649,391.4689204399053,136.25704785485598,210.3511840543621
592.3150578264729,390.15482619437626,136.92622456464454,210.87097768419875
591.6166792683489,389.98372726655805,137.5649811282384,210.98946203754733
591.0123639246071,389.69489060764886,138.35643372133467,211.63685586203377
588.8529393149558,389.5607458261343,138.6289901588074,211.80819413409796
586.96865569226,388.5192718038331,139.08726659075307,212.39086775891576
586.7398783738874,387.9082684412065,139.623155536659,211.95484015952297
586.8522039454513,389.10264102688694,139.84396116657388,212.64801179724407
584.4711033065051,388.7645679252389,140.05551613938206,213.12708692510066
583.2329621533245,388.56004047892776,140.0726543302954,213.52372090544975
582.4277555038339,388.5440904891934,140.30257637256264,213.81971797945428
581.5180592465421,388.2925631056755,140.2384244421085,214.09550676267003
580.7605243645177,388.4229435169526,140.11596626349973,214.2605268920927
579.7213515605257,388.582997976457,140.07368279929446,214.42594766406475
578.8862406682704,388.1911807815714,139.89278983389656,214.35188569944685
578.3667743778882,388.84853272661263,139.98699827210953,214.0387911347733
577.6981648569528,389.8706549705043,139.950122112488,214.14742493144436
577.7726709485944,388.67328999606895,139.8976714877495,213.91717300012706
576.9606577952617,387.63460684619884,140.32388154170653,214.33108309831397
576.0641443836913,387.2531589918718,140.65692906911664,214.69925527238394
575.3252702643982,387.3197175167811,140.6290166545885,214.96983616029223
574.2308115302121,386.7007829385602,141.10151657192011,215.323190210056
575.5392102067343,387.8329596582148,140.75618404355222,215.81907494137067
573.0219651426635,387.9737390062977,140.58773942971987,216.14915747340393
572.8771438497953,388.1308499223387,141.00866075383573,215.73316070291736
571.5505820291106,387.2617043020022,141.7741266336314,216.06693858452047
570.9302080727672,386.3344556367499,142.11161240795153,216.48943837741223
572.0793820126652,386.8743335574544,141.60936609828485,216.71286585318768
568.9875704100347,387.3757437207203,141.91428094096662,216.76883287254202
568.422000443433,387.41914973665234,142.0278341661009,216.87138743463495
567.9704206005592,386.8814181154976,142.14489620608902,217.1273991660383
569.2568372661367,387.2648627928568,141.7975303184002,217.25725614873366
566.9900473023002,387.3653002245402,141.85498691309593,217.74703550356367
566.4694543820376,387.08351418741523,142.2003013408672,217.9649966313967
566.6380218334016,387.6488669414556,142.00822745422184,218.79255309002139
564.6759157193247,387.43258783829305,142.42587244261426,219.27175754862094
565.5417650960728,388.51843585346217,141.98432313942024,219.69136915835838
563.5335995290185,389.1162008025519,142.18025570442185,219.55619981105937
562.8638639147081,388.471570513087,142.56359398464403,219.807670806783
561.6115496942565,388.1669171438484,143.407559297648,220.26129730605953
562.7009583331833,389.0295938120621,143.10152758803167,220.2298381175051
560.4422295830317,389.4048932643633,143.4859971122607,220.11262320223685
560.4567945626793,389.32670755607984,143.8807158415679,220.34243131861135
559.8607936484199,390.31268967551,144.07182896483323,220.69051112043104
559.147237600768,390.49029355922755,144.00995778663074,220.91234593264673
557.769397824425,391.7667223730658,143.8492776763072,221.23580532920118
557.9585407505685,391.36409430848533,144.16650751625406,221.7334411416183
556.3340645200003,392.17598252109065,143.9611116516612,221.9887525221557
555.805083084591,393.40896737832406,144.08408727548954,222.63220167670738
555.3760352598158,394.5417322017608,144.29446962147398,223.35264681849966
554.7892776645017,394.7420860722407,144.5160235927916,223.54545530812317
553.8538338624926,395.7090238223743,144.45178870688045,224.02747336254336
553.0362219678645,397.5920959668688,144.37978037848382,223.7375110575021
552.7441679955808,398.20236228743636,144.74782997940224,223.89161792747547
551.6569019799736,399.2094096469848,144.21613113178685,223.97018745016928
551.1465418428652,400.79560220439805,144.59365398874434,224.16869533689916
550.9756213061366,401.83108468009175,144.57111678871445,224.3887908332046
550.7903305562664,402.1020027503383,144.65166533543092,224.8718283070228
549.2505365108675,407.21697214302844,144.03625873819453,224.9605330915888
550.5836775826384,406.2809324012927,143.8643720891139,225.38938111162798
548.5611233376495,406.5919513616144,143.99432278413934,225.819183138685
548.5571604392436,407.7478763214692,144.40176006724306,226.20648688070327
548.6179560056269,411.1701092949646,144.42315043391005,226.63982721575604
546.8156320353855,409.42045361854343,144.29005571196296,227.47783624048864
546.7931870078773,412.8318494909207,144.94843074565495,227.84199088779337
546.440320751376,412.6346187599403,145.43643681942007,227.61433286342228
544.714327877224,414.55971020018444,144.7074681113947,228.38863595247744
544.8544290511555,415.3563174865237,145.23111373211017,228.91269256472015
544.3423163370903,418.8539921487079,144.88515342739893,229.33025656280046
544.1102469075588,418.1853926927208,145.12581390959673,229.01520744983424
543.7208494293543,421.16905098681343,145.05935307386483,229.4877845841831
542.7621036815973,419.84118010328984,145.20730175607758,229.4828105328251
542.6585086819161,422.4076403813756,145.28841484852035,229.8450271913144
540.2352933930075,424.0381942976687,144.70529382492788,231.58133108663327
539.7723548447336,424.42914479819643,145.43428803280088,231.66188610927097
539.8360699801594,426.461556399324,145.28891766539198,232.17148574331952
540.632121405539,428.7714351369493,144.91734329802387,232.68806507150526
538.1331213477778,425.4029800360406,144.52476132889043,233.97235667438457
539.3134542202979,429.1729306172107,144.5246161851229,234.41613909816505
537.9392997381058,432.4784995251051,144.63995958477938,234.22119810549637
537.2706820597605,432.0972402306388,145.00627574963255,233.93021997602227
537.6520403239124,434.9182063932674,145.49534891039264,234.26287604493024
535.3783446164754,434.1462923661101,145.90475414210036,234.12395089394533
535.1531661711524,436.8414383153422,146.27148970218693,234.42378207668844
535.2132793893192,438.41434806466066,146.28252743089723,235.15783776115705
533.0723681422783,440.00542863170404,146.09992531484107,235.8999424885815
534.3999736526442,440.7163656025011,145.90705011907556,235.95836182091304
533.6736847607915,439.82738219323136,146.51499730375906,235.97417704052225
532.4839547792405,442.800529742894,146.66117040925616,236.34550651013615
532.4834814464592,444.03920160956966,146.8762579519464,236.68080344374658
531.3926497437465,444.1115412827014,146.8701478912617,238.04887424625616
531.4259457278222,444.8938268107455,147.37953867257238,238.26902611440056
529.8969468944583,445.25764093517563,147.3499668641262,239.038205798394
528.807806567302,446.90319743171847,147.1430262755341,239.4307003835859
529.3565745983717,447.6610568420943,147.98838061904965,239.74661584589998
527.2345115561191,447.86601298205534,147.89521927756013,240.79412021961102
527.5113938561242,448.4310843583976,148.21872740265496,241.4159141410446
527.2191520228793,448.8397169617738,147.9453328609846,241.89883139603074
526.2765393955082,450.4255107126394,147.74514632869364,242.02617573138156
525.5392461269271,451.7426480901195,147.68804930166982,242.64075895142747
525.4969783150917,449.693044900634,147.67400613700042,243.933100591934
524.488777021258,449.81366717442705,147.5095031441471,244.87085987907236
523.5951263212312,449.92774039219137,147.53219329999914,245.63998074939462
523.2057714900392,449.1047578261223,147.8626929017866,246.4655275832884
522.2212015570357,450.75375090691557,148.268416882822,245.98297373180617
521.5890518057655,448.82990189067027,148.33886872911236,247.24542448608327
520.3665851938946,448.42759001422263,148.52889053012478,247.21601939891357
519.775150657278,448.44457887652004,149.21587408218448,246.92875152772945
519.1589978036094,447.68695839441466,149.33554834935902,247.8176760041511
518.4551938130487,445.36961096334744,149.33862556685426,248.78765748356457
518.1639856571364,445.32065678622746,149.70558017752415,249.55583157200027
517.6992185167031,443.49999292883535,149.8489724071708,249.64762162809308
516.9103191569286,441.79338323886884,150.2737483606066,249.7506591518706
516.0418144079482,440.51438435080024,150.5143031428386,249.88937329954413
514.903823174848,438.43199301021303,150.76080968168628,250.478457366598
513.8421480651277,436.92274385980323,150.88923619030345,251.31086495963868
512.6288044658718,434.82475467907125,151.23828571639118,251.76208328463417
512.2772682838233,433.91087765361226,151.03215294180472,252.36938300033944
512.206370493946,431.5184223873506,151.0827192243388,252.33461808730607
511.97258096874265,431.72000661711576,151.4018775087494,252.25571141232936
510.08994823815163,428.0453520296305,151.66854654010663,252.66076523527957
509.7394404461594,430.609645317356,151.33925781138512,251.58832766571845
510.1139926958263,427.7097705306538,151.2925911897063,251.7864746848016
508.501966352972,426.6825504910007,151.43153535681455,251.53021792382148
507.3875030217574,426.8418151429149,151.29635679463416,250.94120312943252
506.8481591319056,423.2061877718113,150.85106777151194,251.52699682732833
505.9862386214336,424.9270673318877,150.6925136441787,251.0752434387581
506.0731237070421,423.75106400095984,150.8511600371878,250.36726112508893
505.52609754230417,421.95078214599346,151.0839607144229,250.1580468599393
505.34531824442183,421.3292219780908,151.4167224939428,249.09535483688848
505.1233248204677,422.8314433007379,151.1447019899758,247.6236799642689
504.9639300490796,420.5807772381535,151.17006415481288,246.74554555577674
504.3261537991177,420.03490264850075,150.8895100873538,246.05793801701884
504.0242119611064,418.46829276385995,150.8850812161695,245.05298468296786
503.67582610264526,418.3815869369495,150.82785691849674,244.05660523437945
502.83919382179033,415.1488686261039,150.9563326427737,243.01145511748433
502.09209690587306,414.0668907096325,150.82356059421437,242.11546965861788
502.1753006265574,413.29716544568805,150.8079171264394,241.0893305201403
501.0729994870921,411.6514978667332,150.75850181389356,240.07000197794616
502.22210985017466,410.14257245441695,150.8157000082454,238.98576673537895
500.62314122658444,409.0308333004241,150.71628446459331,238.02668459948654
502.38161226293414,408.25310118301866,149.8419925193047,237.73084299189782
500.67224679887386,405.50387586282386,149.63034806214085,236.95874910332617
501.97499114258915,405.47133482121035,148.9030311762774,236.46144294526215
501.5414583497617,402.3615767414934,148.80870137905112,235.22052800575807
500.87641122567817,402.79646908360166,148.5854658018169,233.99353137410048
501.6216251001448,402.1984940975574,147.94307750114487,233.54262849527504
500.5950717047643,402.06612139146114,147.41833704955056,232.3635833524672
501.09434044597003,400.1218659698359,146.44186879036417,231.75868551575564
501.238398308127,399.5896478764592,146.02264113126915,230.75254980309487
499.3623449661802,399.23033356856934,146.29958817008213,229.5658453767299
501.0299521221694,399.0960368726861,145.49079802764427,228.8393121634624
501.0867381391308,397.77639763119595,145.17207407817122,227.82897607391772
501.12817867794945,397.1967503922125,144.94207867894437,226.79835322591114
501.3953569708156,397.1539760566261,144.6739375070209,225.89278042615564
502.0911295420832,395.5781800060293,144.03942869280152,225.10907241557868
503.2610455244699,395.5145967822415,143.7992473494422,224.78511333076563
503.50240108737466,392.1374458867457,143.56350651953875,224.47090554305242
505.0202254752768,392.27040463721045,143.6840130915587,223.43296668887808
506.1816688267908,389.19963115829574,143.67937799833285,222.43175098572723
507.8298593519039,386.81317025609417,143.7968176916674,222.11343715246568
509.9055136891633,384.3301343223024,144.1252057677896,221.11636710186679
511.0936235185977,381.8206692123087,144.5506380635715,220.5025429959875
513.1602444888648,379.58265405275574,144.76870065413473,219.60075711483705
513.9309809351059,381.42933505346787,145.4255288385415,217.37330519050778
517.3666156401332,379.5992155230226,144.67817271660363,216.62988919921332
518.7842914858626,378.9732080914548,145.2128986351607,215.2042154637161
520.9121275889489,378.531213010984,144.94457045555345,214.37310140236005
523.1094702429355,378.61890355539686,144.76146542406968,213.29295363472426
525.6824069833881,378.52134392702715,144.503843247791,213.11488204144422
525.470871190106,376.164991424705,144.6308305495727,212.72887793964313
526.4454968477509,373.8655362327071,144.66049432961222,212.42380186962896
527.3279667554966,373.4177795023454,144.58615431327698,212.37145741399712
527.8525219890195,371.23505117585233,144.8032436734254,211.88515797109707
528.5026883920126,369.91840802696356,145.12225522111498,211.27405902641243
528.4601078196883,369.28023051323055,145.41240141811065,209.77937266059843
528.7578163830365,369.0229394434209,145.56539898667728,209.24969620570477
528.0365658015367,367.6808041253888,145.94139805540829,209.22940942294576
527.2968031825723,366.8280099623111,146.50968563626682,209.6157721994033
526.3584103363876,366.489623806061,147.15648704518892,209.86797806416868
526.0796254926079,365.37990631546927,147.73718476357004,209.63043615478819
521.7744777226225,365.53774961029626,148.86118508030478,208.8326641881563
520.353486723181,364.1985428715357,149.5063534958134,208.41055252491503
516.4140462144933,362.49860262588686,150.441278138067,208.10313950577574
514.1153427992117,362.1276978702311,151.2932165905632,208.26380319408545
511.4307190007824,361.0601728590626,152.14924769190782,208.02285877252896
508.1810228583545,361.1213871668266,153.05083590724468,207.56362469416376
505.2645396284336,360.9839368610503,153.94864506804458,206.99728448244744
502.7635156207042,360.2561399667892,154.65639395783202,207.01273552022968
500.8030689609871,358.7861399487809,155.14392932324094,206.31417240011834
496.74258070430494,358.6013215408517,156.11316099407605,205.69779568429186
495.06374344529945,357.0171952537899,156.54111320297446,205.8061265169298
492.16541536131103,356.4536326340922,157.1628516730447,205.3264582334905
488.7050516028287,356.4466592744978,157.71862090372412,204.54030796400124
486.9747762287246,354.7475564891758,157.8377648297277,204.46100522814197
482.9929237667566,355.1621324448913,158.70081753579876,203.41484371273376
482.2840034998252,355.9710811183721,158.81700456528984,202.59256966823176
477.85721446669197,353.6589024122369,159.40943703982038,202.1557517341277
475.7390001959521,353.2715944016801,159.52585186746353,201.72780005866997
471.9370229241448,352.7798437580274,159.74934900980242,200.41622259155034
470.51557439876115,352.4043994204785,159.6699817230301,199.1137117038124
467.7749430603287,352.48443390913303,160.02996182238036,198.57058197315797
465.3399982608905,351.4349359644457,160.1144343413312,197.42345311811735
461.93427851193627,352.0218180655979,160.7733631962343,196.94444464882596
459.1483156503521,351.18641408116895,160.9868666400447,196.7711002863317
454.8602799860668,350.13816258645653,161.7623655732906,195.8165211415097
452.7000885292963,349.8790281843693,161.92912252171317,195.06918139656614
450.19321702489424,349.7265186057485,162.23261992123386,194.15672716608958
447.57209439893876,349.7848300093786,162.7743613470035,193.91430643144975
443.8163820704534,349.65803598097125,163.263378949073,193.6568767484917
452.38556375919785,348.91505209378795,162.42204697417208,192.5624214061743
441.5485622984927,347.2711334456743,162.56127702265755,192.9187494460387
449.6590545250626,349.25771385197186,161.36733877313108,192.29106406870045
439.63268313764837,345.7322337693546,160.89669936106984,192.87280788719428
447.12313425349356,347.9169807681245,159.33092774461386,192.23748885646665
437.91890465301657,344.8407433709659,159.01682797034812,192.03122475155283
428.8963211017093,346.149244652783,160.0273004013318,192.42736548892876
425.385908504295,349.24270743936574,165.64522370826674,188.40231683264872
420.7439444859507,351.5368638849823,169.26687738429857,185.19858288466813
418.4377011944341,351.84262721166795,171.34538288250815,182.6515607355007
420.0480281316884,356.3651819726639,170.63376268796176,179.57691687360403
421.11952827623145,358.3495365735266,169.34522067133275,177.16505023741502
407.10585255845655,355.2517371082188,171.52802674250268,175.5242348308725
406.25220992099776,355.54727543041923,172.30105594060757,174.56525253990904
408.4854260153901,358.3491183494097,170.75955885428567,173.62733913997738
391.60361173612273,355.6704033478471,174.23123909433883,172.55391243839057
398.9643997608084,358.4671962572354,172.47263377861015,171.35280079411353
380.8402153355225,355.7118096117389,176.5176945237132,170.3366294478081
386.37185918170417,358.5955249072306,176.16063604124972,169.50265575456018
365.9056508071016,355.1540915517723,182.01475994377515,168.61409388042435
373.5679852772373,355.2208796218107,180.94739900979044,169.23833238611476
354.1413612743164,353.38692396331504,186.3031761599193,168.41148843500912
359.82566630127377,354.05825006197057,186.89773520390497,168.70866384676026
341.5766131540743,353.6464340437227,192.28024854176093,168.53485179002865
345.34494475720965,352.960795170797,192.91272615122506,169.2044263450765
347.7936859381639,352.22832435142436,192.86553313410417,169.365399435047
327.8172306261758,352.9131584983571,197.71491287429134,168.37269270023873
324.28349495943934,352.9584458773418,202.08124690345824,167.43119863599122
312.77335959555813,353.28435807548163,206.4476575390576,166.340554950504
313.18359208186087,353.36737104246515,210.21618182426454,166.52034255914148
309.37040331028834,352.1828091938702,212.49001076816646,166.00828024787805
305.71982565266217,350.1711579816112,214.78409458836273,166.15811212758092
301.4037335506617,353.28916196004855,217.54770321939608,166.00652723589184
303.16772586665695,351.9767414575948,218.10928481817956,165.76307304808074
300.5382823396031,351.1912570317803,218.99681300082725,164.88076621916775
296.78172352844524,351.5588142508089,220.51757241544033,163.99118546500662
295.18140163033104,351.92104718050473,221.80813863979978,163.9235266706251
295.1158614398431,350.29152926054473,221.69010918634308,163.52968255716064
290.4407632062887,351.55914304668664,222.86487726294905,163.28272545835702
289.67424055352,350.095435964957,222.73642175690955,163.14282189758842
288.29340691511936,351.89458149599557,223.5474465671657,162.80035158670142
287.44031697300625,350.30312280846823,223.73221074094266,162.91603802189104
285.91297852067044,350.4069664965613,224.29630327214028,162.91641935925068
283.2242976794642,350.7476835079626,225.06961145723824,163.21340011038905
281.1615973295372,349.5212586240425,224.82184368861692,162.89042914611264
284.0087019479869,349.3264195006359,225.43070595058845,162.88202951755005
280.69231541614624,347.9492196633199,226.37342412077606,163.45808279668955
285.7772524920067,347.6014614311284,226.5978075145262,162.81092905881727
281.52013175259174,347.29265834810815,227.31641806150202,162.5615935344128
285.453385674963,345.762955973198,228.14891534371264,162.3246098965531
282.49608255986465,345.2208865984803,229.0241496065936,162.06749572297662
288.8641942983297,345.4909241889918,228.38139861043732,161.4024122271057
286.1930220427845,344.3865599748409,228.77635542621533,161.4167613257261
290.27095091233855,340.9193263915076,228.95318411136253,160.95992781413963
290.8969238867878,340.15445396008505,228.85704923385995,160.44492603964036
296.64999435305566,340.03067494006626,229.0255689840025,159.8823592055629
293.3586155571134,338.92143847505616,229.48683609737134,159.365893037225
299.35832870630134,338.15134086712817,229.29546376933246,158.94741465669887
297.96014293236755,337.74216768539884,229.0321815581973,158.73762643573056
304.64077734558754,335.6696746097308,228.65352248059764,157.96717345819093
305.40126795620824,333.99691492573385,228.74127109868115,158.31368941584552
308.94957305680083,333.72774020325323,228.64908070111542,157.6335378890126
310.13189416124055,332.97124405016666,228.72039020198332,157.53738252730088
312.86759130393636,332.3465697822004,229.2279788420067,157.07988041530717
316.19065521603744,332.7606875950416,229.1588273170904,157.0343001479392
315.9505449119965,332.46187224859125,228.70266026705315,156.02748240314915
320.00546262386155,329.95355607776065,228.27202978411893,155.58229461923054
320.84127035175703,329.16115593098095,228.5694062039764,156.0328339007126
323.8177925312103,328.24592006999745,228.13267015271762,154.87479763661088
326.14339409371735,328.69020921006154,228.20887829784508,154.7173328499252
328.9215846843516,328.1326031654643,227.91164714480533,154.10117365558858
328.7922964723084,327.8709039765408,227.4049896349661,153.37075185254264
330.8298042752026,325.9231396458508,227.49638590585624,154.01333699814495
333.02439413408206,326.83903827596595,227.32878907765422,153.83785780641907
332.78737277607684,322.3164276653148,227.53988766157505,153.78028342683027
336.11429101957214,323.10700268189976,227.06272124904729,153.37483572711062
334.8670639130487,321.36843074601416,226.90538889631358,152.80805574405395
336.97264694650846,321.7096711760858,226.15821017985783,152.27340984055658
336.9012844264479,321.6448804280345,225.89269493148305,150.94718877680663
336.6125032290962,320.7707311392662,226.2235387108929,150.03857955748344
338.30372123185396,319.7578065687651,226.03565512694712,149.3558460587915
335.007334813875,318.91123602346715,225.90102336848372,148.77102541843038
338.633918724441,318.49501366997595,225.66217830507267,148.3114926006554
337.20767148259176,317.64281446667843,225.6910357801042,147.39123433000432
335.85684343006693,317.14599036200457,225.63665417305666,146.5809557138286
335.68620586902665,317.8710278245532,225.7369979332235,146.1573820866821
334.9472693909859,318.76503028242865,225.08801003229507,145.32710263622894
333.63739374169467,317.14667403059013,224.63056020287164,145.31074097074696
333.40515274115637,314.4834084305301,224.41653726010054,145.13820534118568
332.73058031680625,315.4944904465931,224.21984089175976,143.8290180031668
329.1569551744518,314.54830606043487,224.14894342179943,142.9789107890025
330.17269200574225,313.5232963015271,224.12456700348125,142.89376556911657
326.5393105021566,314.639068499381,223.62430501675607,142.2460629740985
322.95758469658637,312.63637889111413,223.2355806292088,141.72939657829704
321.96249285242214,312.72145546544124,223.28826634409518,140.75926123951066
316.242193051841,311.72256027617436,223.58568128339226,139.7573982786585
314.6375721011168,311.9008736596802,223.7706240400958,139.07445446953446
311.3150349313446,310.4582050938585,224.2832859460159,139.16012805747667
305.63258363958823,309.96596672932844,224.49363893083478,139.0210687958217
304.92587188756875,310.16703395374464,224.96111788722055,138.29215507085672
298.60453941289234,309.26927999654606,225.07471675075794,138.54293530218655
295.2127112795382,306.43418373147585,225.57104668155927,139.0653569506742
292.8697551778658,306.09180543812266,226.14818517656053,138.99778865821108
286.0969473144445,305.3864435262562,226.26003930672346,138.72890282561013
282.9854294056851,302.68307493633563,227.23831842563382,138.6288016837655
278.45466166599715,303.58658198362804,227.70122776823,138.15499662696143
274.33164123542554,301.29547179571364,228.24652256995546,138.8914804991891
270.4474152886199,301.26517695810776,229.40169082938098,138.46225583333256
265.20989888997616,301.8365274348724,229.973145822103,138.27619136824106
258.50074961931796,299.3792323233839,230.54408661348037,139.11179303912445
256.9673671445987,296.9314920694728,231.64524391979148,139.0687969844466
251.57561644652293,295.56675692807823,232.24369625893618,139.5881544571009
247.38589098007304,296.2300251217712,233.34313792212163,139.13581042677833
241.59630067643332,296.2071564390173,233.92638404301195,138.47129765304962
237.16967138037495,296.54986586788283,235.36685901238693,137.83457061939714
237.25720280804052,295.3385407519214,235.5252846214113,137.2656038869798
231.01553871406247,295.1961320916017,235.68865221519013,136.88002356834454
228.07575896828922,293.07749892170835,237.2804457269698,136.51890218993057
222.76691521782863,292.7539953684903,237.27417845494176,136.50122219929415
222.00657312624904,292.7336391017808,238.39928026019032,136.08296621254865
216.8058754736576,293.1923874152307,238.32292097247768,135.38871380566718
213.89629450017065,292.8273797215984,238.83698200163545,134.59190114231845
211.15804568365576,291.1445257986664,239.2043263639438,133.7500618003772
210.1418463476061,291.74419159917704,239.84523016585723,133.34030380918495
209.78277104295938,290.4822077466941,238.6211686703533,132.52972566339704
208.43568774759495,290.7990068618297,238.96365951225712,131.75151303464636
202.83864848614348,289.13697686786713,239.50900012775037,131.18727999469363
203.51625555454888,287.8460681481863,240.47326331065702,131.19773207760994
201.02646361271286,287.0701131741142,239.89090080226973,130.55590189628333
197.8755106381139,285.54418792856654,241.11872580740635,130.32062727675248
196.88504047171529,286.04494291545757,242.5704505063344,130.43997537620504
193.8430563183318,284.1961118883587,243.6371162999788,130.50188856718245
193.58327326215894,281.45090330649305,243.32797996252594,130.61343333635207
193.02958739543186,281.56998062258947,242.68836876388937,129.88085966586345
191.5713656610011,281.2874853496023,242.42046937157536,129.29075892613216
191.0176790007525,281.76341893638516,242.52404086941016,128.6430475493328
189.41567013135705,280.5394195629625,241.40532282176312,127.91092082124823
187.32978617131633,280.83936818456647,241.05041265651738,127.17785334586357
183.73419037942006,276.70756729000027,241.38489619053576,126.87317872966149
180.56531374726544,276.7123606109237,240.70515143848758,126.91283462155803
175.08975784595717,275.82397771898553,240.89378345899962,126.96551292870399
176.24408821177587,275.5100659962253,240.06639506718307,126.59316185182462
175.01217155602063,273.68919990945204,240.0144534134073,126.42062782053713
172.32577777747176,275.19003200390733,240.24058731831389,125.78707047366751
170.51011615207418,270.9616410214305,240.7865314454213,125.55487996547667
168.42347366767564,271.6370782369009,240.56322284350915,125.49015122163914
165.7553990701955,270.299852409543,240.70543235264788,125.39509809081719
163.90485879807318,268.8126036001795,240.8529259370537,125.49310535500622
161.77485108100294,267.9407997224773,240.8677803146756,125.16758841177175
160.4766207742915,265.5326222274295,240.89106645147496,125.08187335639613
158.16306305204648,266.55607037083377,239.75501451467832,124.91346501419063
155.2505099242585,263.81189534716253,239.68930980376263,124.93462813373762
154.58231850569769,264.77393904623057,239.50111561928543,124.91167463052199
152.20758232948603,262.07598526837336,239.17286923696753,124.8336813912534
149.9714286725021,262.0654945845484,238.7195002051102,124.59716619332296
148.1214438818978,260.1282526453477,238.51271362367535,124.58038658676956
145.5754262302173,258.6925929794478,238.11399336902247,123.96885918166143
144.0375438215514,258.72840411746347,237.46795046807728,123.76037872546478
142.4253089997063,256.970618351076,237.21170912849112,123.5763443164673
139.55290186122514,256.2058955941076,236.52224253310845,123.08907501907898
139.2204827748006,255.5646035253311,236.00722798188224,123.21097683603719
135.0720959790143,253.2668102812204,235.74084926022238,122.58191866330888
136.83269405534105,253.39564217498446,235.3354475278112,122.48460665881794
131.99791994497755,253.258811204882,233.5582832546417,122.38089204262637
129.91797616762784,250.36706161590453,233.21758477647367,122.13313549853541
127.89822511036994,251.04362229295174,232.4538632810652,121.97092186119212
125.36412057620612,249.16431728961194,232.2816248281831,121.41500912464657
123.05550666636469,248.78450650052747,231.89613706025,120.94747120269349
119.98701885175944,247.25954255723,231.37578837534306,120.20784997696848
118.09053251780492,247.40833688769163,231.06297710389055,120.03140248899071
114.49560215191777,246.61517655485207,230.45234268795977,119.60578339064699
112.87755739905595,245.2737754025563,230.0955300101507,119.05403998753586
109.09867246577522,243.6295697261039,229.89432961609202,118.10851693797483
108.3334088232677,243.84580259336505,229.04551863664173,117.96699154778621
105.20443803788964,242.3893701027108,228.11878403704873,117.64031881318283
103.94171942255402,241.51674580482427,227.59397192956996,117.20573280469259
101.38245899512093,240.02696882239326,226.42658074754038,116.98304201094871
99.7726346774013,237.73770479357756,225.35464632176138,117.29404534934176
98.68404133569584,236.7551683157056,224.60261423609882,116.54761265361174
95.50817117978028,235.91929445049607,222.92973639912623,116.22977188496154
94.50039104672719,234.175278098182,222.05005421261095,115.532656350454
90.93320978109773,234.37787691412356,220.79455468332299,115.46073847726262
88.71399938569425,231.88230301148928,220.19256209446075,115.26600609835756
87.86575471665456,230.74571477714574,219.891337985923,114.48276271764897
86.14767287858592,231.40946612765174,218.5294960811582,114.66523401947504
84.9334110192008,228.66599440732753,218.02462632153487,114.10671675913473
83.03226756363138,229.173911121128,216.57771002756508,113.85929985546721
81.09985493861723,225.85093965067375,216.2089894974115,113.19325158162351
80.96302566593764,227.7487181772915,214.38897171411162,112.84496492175961
77.79697393025762,225.71979901219274,214.48512328498947,112.1680563189737
76.53620099786224,224.83576183198568,213.57700573005673,111.85189596487974
75.16758208150223,224.34404025359404,212.2722141819784,112.09398924573607
75.6783386197375,222.82385275561626,211.58483711472417,111.44723808202367
73.61861787408523,220.71755018687992,210.46155704841152,111.1155188214556
72.95672408811463,220.09216626392305,208.7004330354986,111.4536557517275
72.27763577813914,217.81409219913246,207.7569381504752,111.59116183724132
72.17588212784919,217.27887186952574,206.68401138714367,111.37358522350556
70.79059857543739,215.37464816239887,205.76580366782483,111.16116099850755
71.73284412620386,215.1582858213709,204.85418047238548,110.89968051565413
70.73641587997693,213.0697181718894,203.7314173054155,110.21342584574504
72.89441893903545,212.83260371377634,202.23178000558156,109.93834325522297
71.13916270965653,211.4508797891312,200.95835310276712,109.47544437332735
70.98352214005223,209.9696683920432,200.2657612513675,108.75453377059178
72.79306750579077,209.33784101987746,199.4827713366171,108.0445455696336
69.98511620953468,208.36947840620985,198.4941350115878,107.2863891193413
71.79389062935351,208.21923258115515,198.3801095217121,106.81020274372813
71.902445275046,206.23068258448632,197.75464433862254,106.13076949579386
71.38960715274915,205.36090236127,197.345769105784,105.45540508222587
71.34143386937131,203.17610610240172,197.1112521669378,104.93045633638212
72.04697867423278,202.2375629180316,196.45975479230322,104.39216985661159
72.38843439331701,201.27539134118246,195.85510240498084,104.0352537119853
72.15618640218423,200.26162876374696,194.55450827932862,103.44739643391868
72.3779419525522,199.5822514047552,194.32374059502123,102.85992193246557
74.38738401967748,198.41105565404695,193.70852271862896,101.39090872883443
74.47948207460044,198.3841374025286,192.53673522294167,100.65626405597165
74.71309110704145,196.50601498672333,191.61036314824062,100.08750526361979
74.63212774770278,196.09499726145225,190.54534720849358,99.50942450894647
74.83477630167872,195.5770990983438,189.57207338736117,98.86558602566936
75.53853935638737,193.75870753732377,188.65530054117895,97.40803645270212
75.21745983985264,194.1983203613089,187.4852962212821,96.96109289491895
75.10618283327751,192.11504185596783,186.30673672430052,96.16093743077809
74.40035461868194,192.25316083469642,185.09279448443954,95.94177180731242
73.50871025072901,190.63466792982146,183.70491536985102,95.77427167612912
73.27998470687668,188.83158925378012,181.96640092906753,95.66699147099135
73.54789806996055,188.19785669318154,180.45326569116577,95.56884217797342
73.50197179879562,187.12073490636914,179.46382155113784,95.1836985254935
73.60888018716132,185.18904573397583,178.40575320132066,94.77841823227962
73.60161315953815,185.09604707877168,176.94203258070183,94.40482597788761
73.8312540829289,182.59860046963024,176.04487051589132,93.91584773620957
74.00291149953634,182.02037488360935,174.71200002576649,93.28770091535435
75.8735864890003,180.53709420560995,172.87230285979632,92.71802670044553
76.12551591860576,180.75181394911976,171.35128048549447,92.07018579628973
76.59128363621997,178.59377962574257,170.05659692724015,91.44672073256437
77.53122599414431,177.94201897245986,168.04228800179675,90.78803746359112
79.09030716551666,177.04126565403777,166.29728387552848,90.01788238969618
79.71587097628787,175.8867342424232,164.41423084991425,89.00045433386654
81.14859748796314,174.98941054393646,162.61216164423644,88.4938755917714
82.63989947220608,173.88060552691806,160.92830283108503,88.01720595509283
82.96243168330241,171.58173284104328,159.4970135072162,87.21660728692544
84.33514873596708,170.7384921194703,157.6353986243371,86.90602437803585
85.40030934960973,170.41952984670053,155.929467772666,86.4538617482061
86.8443528497053,167.7843576350692,154.5062683914934,85.89934178395659
88.2297111223046,167.10522613223392,152.6189909103207,85.37195343960576
90.03134700955692,165.2550454119841,150.8381380639624,85.0498925664152
90.5158190140801,164.22130528116102,148.89297237427488,84.70051701598864
93.1557780579464,161.5583368991724,147.47391725689442,84.33947496297979
92.08749370162009,159.22866073990053,145.67343133545282,84.2459505229481
97.31978501038353,160.47297243141566,143.51906562161247,83.81349903399133
98.20288923143815,158.41978176022872,142.0471240590618,83.41380928566696
102.43019001020288,157.97929126956052,139.6479429002445,83.19077694321948
100.4213189143095,158.46183176719353,138.01202241045166,82.96133718902706
107.01621934317123,160.55198625491823,136.03869990050651,82.26271218307537
103.44213806162368,160.76294923674925,134.7526335665069,82.09688860255008
110.7511242920635,164.5903716798342,132.46482696866437,81.85596125788408
109.30455330220576,164.1110733541546,130.96542706300386,81.65149724411268
114.24633496160831,166.95758341312396,129.37969909423538,81.18287907701011
112.34265382320638,168.21227292130663,128.26334864063153,80.8870849605471
117.40584117349822,170.61295922358846,126.62209375968897,80.5800680345418
116.85366216418196,173.59307092261986,125.54704966536067,80.09374495462477
119.72085242026029,174.69850363084055,123.43725597380642,80.01309637511267
119.02193936599278,177.12271289906127,122.62482049901318,79.67753432213074
121.05985017464438,178.64136724502873,121.00793056620401,79.37044809380356
120.21188518443913,180.87418626901618,120.2288520589131,78.86516246663558
122.70092134337757,184.06139956244508,118.86647617124251,78.51177107417475
122.38187823553682,186.34064973370158,117.94292200511097,77.81654482910434
124.78034002270164,188.07006209944183,116.33316822104928,77.40880199345212
125.55788657947622,190.37498907405524,115.20813471929745,76.76520537798078
125.83143626167903,192.2664735014818,114.18455358938317,76.25811423728476
130.21477729387237,194.7188499912342,112.4623075029323,75.60834754394332
130.31963181387283,195.8565605722776,111.39990025602978,75.26643513563303
130.63088170517824,198.15375256486072,110.62410550779417,74.82983847346483
133.66677600002896,199.07562947251415,109.46714235754588,74.71996517802498
134.87463794166632,200.374818353038,108.33320932681787,74.33697452291904
137.58337914403842,201.95784712878503,107.1203625421908,73.98662584708106
138.94885211461826,203.90545921659782,106.10634162601738,73.40644512085738
141.14687632679335,204.99905152032937,105.01784816191811,72.84682267865456
144.06160832208406,205.8289518872141,103.97121631702763,72.6077574232863
144.95556648283602,207.4320185993837,103.13000450239774,72.09095719940183
148.2369210399153,208.2983114675317,101.99520333196477,71.771454181955
150.37232463407557,209.2233249280685,101.09395924636641,71.42276991510963
152.5744450446439,210.7065328511971,100.13784497971888,71.004938291646
154.71560820611117,211.227515288907,98.73359211068754,70.80759745873715
155.96602580516245,211.95691661480163,97.63119763123579,70.63644050454164
159.77907099971236,212.6853743767909,96.56791337159153,70.37145575143708
161.32016455653098,213.9301721100521,95.72444977441853,69.93469026576491
164.7628146434795,213.7990418741156,94.62922299529689,69.61980492274229
165.79347558615837,215.42933170719584,94.02844772267875,69.14266680016092
169.14288127695903,214.61056601386332,92.67333102796702,68.8209869565479
172.46999396189267,215.15110380030293,91.7054679246403,68.46236992506199
174.13568268993478,216.05241866311593,91.2239539977614,68.3383892673147
177.43560707535812,215.48433238227017,90.19999958268863,68.05868281785206
179.09844055259973,215.30556606683945,89.4012488936931,67.67070427451155
182.9351808258766,215.88179805015648,88.66465418087954,67.43547252328199
185.88714228179967,216.5344995200935,87.93579726329612,67.08271041487845
189.5740502604924,216.1002283576368,87.0054007623926,66.62175254142755
192.2874944004792,216.832646331807,86.54673748470782,66.49757013179106
194.68107866976862,216.73622677718924,85.8771712944566,66.14848643333313
198.9254412144506,216.4441896740439,85.14361607356196,65.84922147298256
204.74283283799386,217.67371082057474,84.2567757509749,65.61801483513327
210.15483350327634,215.42413528814492,82.71354662957742,66.03676686358546
214.34328152508516,215.35955940606394,81.6664225815042,66.65440184808624
219.69555805500815,214.32947082420114,80.46323709062794,66.95754852475129
225.1142341660082,214.83587130590456,79.29624161911613,67.08197748077808
232.09341913783075,215.02209581803476,78.23293221471666,67.01123599249982
238.42411323995913,214.30053787960333,77.1754735301132,67.02433582856068
244.87994249693097,214.38011601389104,76.27248582305431,67.06280920545201
251.43916775879336,214.3331979726127,75.4552647762582,66.86604629947568
259.4170882903645,214.09597230934048,74.96936675968577,66.40889830703895
268.80443196935545,214.20879213479103,74.6032086833201,66.22494875239698
276.52273116357475,213.7820383369023,73.65491634041366,65.84573978781066
285.03665435301747,214.1364699861761,72.82774020383783,65.45761480484532
293.62426589506845,214.37554401895179,72.07562998899854,65.15626767575446
302.30806310593783,214.6206014467345,71.46836195275783,64.75317307581426
312.870881245592,214.58528704211295,70.62813750816635,64.35485262672992
322.9565551187007,214.21771541759938,69.83951643126046,63.72355653325828
333.89527805063096,214.0920772943957,68.69522677162352,63.27960509707516
343.62573473048604,214.56894746977508,68.1687311365228,63.15173150513978
353.24201583843967,214.30441241576753,67.29121042452172,62.91370878917265
365.3179739592178,214.706788498896,66.10891011924475,62.496279644804446
375.28664427215864,214.93363613681623,65.06985631282116,62.06436047517251
384.7241831005527,215.03826501518267,64.52240011599392,61.755185023513405
393.88452628311757,215.48373208933666,63.963342855478516,61.5303076274103
402.96593404494445,215.1018555708077,63.109214541907704,61.085045414262275
414.2237528630284,215.0711475726411,62.21116494895274,60.640193207336914
424.6991028479025,215.23531322085623,61.40934307673869,60.39638584205235
434.8904612927569,215.94723453200533,60.88870580739116,60.16015503806773
444.76632906678236,215.77542515966493,60.27577183404728,59.77200070430689
454.17787325453327,215.8375008188939,59.66940213225152,59.54255191724636
465.8241166086811,215.38583193258373,59.01317068823815,59.05999694103393
476.4821969651103,215.66050698824176,58.72389023966193,58.878686199301015
485.38304446908336,215.76891977557742,58.54178599099321,58.54029901542113
492.60185941061536,215.61210858899813,58.87094363692088,58.50045994420177
499.15726252360463,215.54742495441636,59.08810791570305,58.411152449328185
506.4577532732551,215.6290305958094,59.22505099220781,58.56475156583602
510.0381229937847,216.21548868825718,59.5925302973338,58.87500231400016
513.8883252141686,215.91744752952786,59.614645254301735,58.83668962813999
516.5370593679248,215.5961183498277,60.39988196769384,58.90698109424888
517.9785437868817,215.1420340173191,61.26217932889189,59.000072931263105
518.1144005228424,216.53138344243914,62.10598096984737,58.8173482879475
518.1375112469171,216.7067302089444,62.6239806654206,58.621372125804655
516.6652430000586,215.09470392601426,62.65493864885312,58.815565148818294
515.6305137804866,216.52831158269788,63.0921958932341,58.54192125993532
513.9107318143197,215.69774580150232,63.34402498326751,58.13254768011447
509.9173645523737,216.71303710733173,63.39416835878282,58.01273667680836
507.47553145287185,215.8655412098821,63.649942540422145,58.16623779768875
505.5441059205524,215.83821929766674,63.63095719072379,57.784413110299624
502.29919374212136,215.74910756800182,63.459576732675046,57.90477975283099
499.5018103977343,215.82482565695284,63.677541453828276,57.828069791424
496.9778731461148,214.93064488406299,63.759968531225056,57.481491666640956
494.8877682440948,216.42650846979907,64.15937417800792,57.25104312447179
492.3353724561109,214.55141850120253,64.48428809131707,57.28103468237712
488.4980898942965,215.83914670486095,64.62401406165606,57.24633974585497
487.0519649085188,216.1240032516126,64.70970494736542,57.04645204531316
484.4203131746503,214.35499061058212,64.91312672793826,56.911740444210686
481.175245788657,215.4574601131804,64.90664895109674,56.8652222401769
479.1739125154687,215.15002306157515,65.30724302013255,56.821662071574906
477.57011761576615,215.6961570604842,65.39130171640349,56.79014634636266
474.5513181018903,214.0545765824994,65.48133280439696,56.96263101372755
472.14703386412805,215.33873701929238,65.58990242433066,56.91562786055481
469.81943024690975,214.49584383975784,65.86901197962905,56.76628781963002
466.7311116831724,215.40804755447317,65.92212444127124,56.67708472922674
464.9436249962787,214.53458730422832,66.11052664615914,56.592583854441784
463.2490911818155,215.41027962456135,66.34862023982235,56.714827949318035
459.43684016382826,215.63329302443006,66.64165750834081,56.622376856062544
458.36878800897875,216.27335225035338,66.51003348933494,56.5191426977721
456.12670594613854,214.78189423488507,66.580169924128,56.76583789206933
454.25556520558246,215.73827235175168,66.94000368566621,56.85333128258846
452.07476797369696,214.97673900406443,66.96824081530023,56.910452734127475
448.2551760145505,215.7759925033479,67.13104724641047,56.7575893989669
447.3402128258457,215.55905684453154,66.87827051026419,56.5959815858547
445.1437526353109,215.90252495308314,67.41402507788779,56.69726720484156
443.5058856302076,215.9199109277044,67.39835293346178,56.60667768878703
439.96545557107356,216.1240776541688,67.8088319825465,56.476961677512435
438.2006493287399,216.7482541979834,68.13532018246951,56.665769558663705
436.15197492042495,215.50123542743344,68.11639035072304,56.79564894622973
433.24673862028857,217.27394355243084,68.50254845209437,56.95625328987811
433.46142886531493,216.02943009986564,68.500592035261,56.85351073814515
430.02340682033616,217.38511088321536,69.05889568484989,57.111262521360246
428.5487785176868,216.54483859368455,69.1346574266385,57.09298102582166
427.0401884069871,216.81513797331647,69.25588160860917,57.04485181573689
425.2101088416521,217.5718628818266,69.2933481542878,56.99168134422901
424.2088166769011,217.46259715353108,69.4064951659415,56.932072226126365
422.7524004211464,217.53243170701455,69.80205806609231,56.89526743675539
421.0791058778645,218.1068726926104,70.3523991935191,57.27599204629793
419.2492055513439,217.52871168264807,70.69324132567097,57.47745284252494
417.86046259805937,218.01920863070032,70.7811599047406,57.615225373460525
417.1764074936223,218.50916974307574,71.0135576092279,57.71932149835722
415.7204463672656,218.78763247,71.08270690127841,57.646137834564904
415.4095301093548,217.8506661039272,71.33052536733159,57.75270916419892
413.3155086214323,218.50791544039404,71.61876255895122,57.753307704056695
411.90406601782047,218.75491514276078,71.7041473370214,57.643142691155546
412.1504897959523,219.23103914115944,71.84293187037261,57.63699373725067
409.6743798214915,218.79183071795904,72.3688632145578,57.7155774051313
409.77416731556485,219.45573443639523,72.54774571304065,57.8292460749026
408.4750699012831,218.90598964525606,72.68608879981332,57.926130695785645
409.6529474570498,219.3254187389212,73.1134221339435,57.97289059908498
409.9574532558104,219.16057847655438,73.1242755962748,57.98063794372483
411.46724566823804,219.01802319570643,73.4687228015251,58.04016329807765
413.68517108839706,220.02706924139633,74.03371310195418,58.127024972566986
415.41658263676163,219.13488876787662,74.38817005931745,58.249054457699955
417.36281165941085,220.11681749261956,74.49815103608323,58.18862687405118
419.28264772736344,219.58181416877892,74.94688336489969,58.324697998699335
421.7492573042264,219.21838312817806,75.24647327794625,58.4495746253417
425.5528321094685,219.51462251608993,75.2576961078001,58.64896781444947
428.21977312609454,220.33566491846213,75.6874430342038,58.65935681703995
431.24362119028314,219.41303901331227,75.65929532196432,58.747010942479434
433.9330662879249,219.84957627087164,75.94345005618531,58.645137501484115
437.2816448200347,219.43424970253912,75.93078653368312,58.77844544094835
440.23397758471015,220.3776081141171,76.18852792571896,58.91113851273563
443.6011167797529,219.6482983655202,76.09187475307121,59.00113797189691
446.18767323284396,220.46752265319455,76.13553392635683,58.87108733336918
448.8944313828985,220.62380395139985,76.30409179159203,58.96264077146631
451.4909443174705,219.90742438934123,76.64259105748832,59.23926660147803
455.6404873147604,220.0695444015957,76.49643341526453,59.340726526233624
458.4674828648424,220.50410747281327,76.65448121356854,59.34029421238125
460.42007593528825,220.6113020855526,76.78972323429791,59.07891045723808
463.48089175533744,220.10365253601648,76.92749148509918,59.264688853948265
465.58340917689276,220.21284462666003,77.22607106764771,59.17488455742872
468.94580571988274,221.20555699465436,77.29988485422632,59.38207771465904
472.0799457773884,221.15485390868906,77.5076446256896,59.41194192903244
474.22145899928324,220.61163800131388,77.75295566053764,59.534151908646365
476.64362911753665,220.53025448920383,77.91110737501953,59.537620781135004
479.90820418524163,220.69285071533918,78.04178494880765,59.81710779415817
483.1889059300548,220.64304660335807,78.20515152830369,59.86341373379025
486.1286572089247,220.90027286988868,78.553969569166,59.82873341085019
488.51202228132126,221.81106315622205,78.89156281151897,59.872431797457764
490.4834879522573,221.43927139652985,79.05379456702849,60.051996888516484
492.96330647126547,221.7054255925821,79.36079294695034,59.90280095678683
497.50899330388665,221.99991742256913,79.42270716928118,59.828919564078106
499.3887214232557,222.54778717343532,79.81722117208986,59.90224279599592
502.0510953796362,222.769502158141,80.37915672337903,59.96873652310249
504.35044937012384,222.53335156634063,80.68679220248677,60.150866321891826
507.15190470971913,222.16284793098487,80.9971310159415,60.42383694099203
509.42128514284155,222.95090417273357,81.12681669052915,60.67604710649668
512.1430143100722,222.2655624258396,81.4240943637582,60.8866742476693
514.2005953111134,222.19036316692547,81.68585210807498,60.97533956062616
516.4409008950038,222.90540613197956,81.91558334752061,61.11662041747475
519.0051033529506,222.67095203725825,82.22686568367152,61.236324632908804
521.6430573345357,224.17582799955727,82.36440223954449,61.29355497759787
524.432092850183,223.984924183902,82.46418860723651,61.34603624749065
526.5635208086478,223.91467073109663,82.74977982241757,61.61196393209117
528.9298370460059,224.01390991388854,82.64102630354242,61.59209232998943
531.2627141188033,224.3534499058585,82.72341106251925,61.660304685851344
533.9168393073097,225.71403737957414,82.7614550885825,61.61207976779319
536.0657570579059,225.2127054379691,82.74016415831302,61.677415312380205
538.5366583425772,225.94801167063625,83.07573347236276,61.671782018798844
540.3989472408183,226.0779641164832,83.26813880347459,61.82416668694613
543.5647291658217,226.72056121776876,83.42736055222264,61.69763504197693
546.1640547305908,226.6816414273408,83.4136845699318,61.68377845733077
547.9675789169062,226.68367262743146,83.54854474756351,61.839787623850356
550.6540973347601,227.85638005263903,83.91081703584854,61.89430921104207
552.6091693223045,227.7456973747186,84.29166293655305,62.142959991875415
555.2493152948159,229.14869934847667,84.42732796555987,62.127415200395596
556.9151519245167,228.7401694593121,84.46003864208649,62.23931567219853
558.4709661558263,228.82265542841353,84.5735018752529,62.42223715087725
559.1231846797899,229.27999876578406,84.66424076116365,62.44388115221501
560.404992021511,229.077255079582,84.96337803847577,62.645602893897085
561.2158729560658,230.82860651240856,84.94721974507283,62.55144266130061
563.0222910042414,230.52327902932072,85.28229181179232,62.71831985767227
562.5521226034784,230.7468778030603,85.64379050334821,62.94024929765038
564.2727239465495,231.64964477918681,85.91384336759047,63.146340158477216
564.8820620728704,230.9555029415291,86.18069057724422,63.351546260016406
566.6846246832571,231.5106503649318,86.79630376742048,63.674368922099205
567.1976984500953,232.88590533839084,86.98476323409491,63.80254349590257
569.3770347912543,232.754311886601,87.40354206697485,64.0129960170317
569.3324135150989,232.46231379413626,87.9917341470262,64.37095058695182
571.2509023041977,232.84868130906122,88.23146965400319,64.54509470558521
570.9168212764904,233.43351029476605,88.32184836324157,64.66787536046488
573.9954157239955,233.60654485381747,88.66552731185915,64.71071665515045
574.1215897236989,235.32080698061725,88.49539388398819,64.61000483479367
576.1061479154489,234.68500120604625,88.50292511592087,64.70458248272111
577.4718822693495,235.75422509383316,88.71519129238173,64.7199616591279
577.5208355686053,235.72417717156532,88.8919229890436,64.89290851243638
580.3811567444923,236.59787017900902,89.38531853247247,64.97718264903065
579.3429739525499,236.87347432393784,89.87303341292704,65.10578708853166
582.6213568387863,238.19939749253223,89.95830741630272,65.34478056648263
582.5480055022723,238.74906693630203,90.36877953713402,65.38614941018999
583.8888452073895,238.7958829843617,90.54211159006479,65.50688489746474
585.3223901865398,239.620354949474,90.69481824164296,65.58396273390268
586.654443396191,239.41797713103747,90.89350860578764,65.69044617829756
587.9626020846914,240.58306159996795,90.99895317069674,65.76225024954616
589.495487261765,241.29184523129828,91.13455353264453,65.89079576268807
589.3845691561494,241.26984268672808,90.85560838658736,65.79688844431102
591.9294706167839,242.3244620396548,90.65096161995099,65.9657733556298
592.5391989889308,242.67547783699965,90.29395881318767,66.22301831790882
593.3710253528059,242.58868163929233,89.87876876243934,66.42845442028893
595.849344616547,244.66426731786333,89.7756801922325,66.40130030176385
596.8054325293763,244.37913655203525,89.58555205315093,66.53112997035049
599.4655123021589,246.04206252492685,89.38583823588758,66.42651401509157
599.5102672755137,246.38119726145032,89.09558221485928,66.51018752471826
601.4656594448945,246.01692370901608,88.73907481930418,66.582387772039
603.8538588014811,247.8906355071085,88.48012405458695,66.45451988760037
604.0425266176284,248.48899178703826,88.4337670244634,66.58850700997658
606.3227310287933,249.19072259711135,88.30776352897664,66.69090071171453
608.1526044233776,248.96702284433957,88.5814104566203,67.334231055843
609.1174068115915,251.5622138927708,88.10740427295062,67.35072046853253
610.1363521592468,251.40032377334143,88.08456565779451,67.55090710133649
612.0448511664929,252.5535766505167,87.93427492060025,67.8031064384624
613.6349952482956,253.7036373317773,87.8149394204165,68.06572754763617
614.8160559859199,254.26170421540286,87.39510360209698,68.08936703001118
615.7418014040629,255.3240523060852,87.31743483497897,68.1424250123886
617.8306839836654,256.16623512435655,87.19652726168098,68.20771498020834
619.2586168647771,256.33987796432194,87.17094442601706,68.47085393807207
621.1018582870266,256.8282451948337,87.06850436906976,68.648959588781
622.5743570616542,258.8903053595484,87.07571271619227,68.54989276048077
624.758292585869,258.7697288732394,87.21875217877968,68.91697341979008
625.6809079514067,259.42866536671255,87.24603736452848,69.0435851435371
627.926802535849,260.6000011364031,87.90105825042292,69.51734655703689
629.2988202567926,262.72464304910505,88.0038584217865,69.52695622147068
631.6512442606826,263.03323574804136,88.29899229419438,69.82824156391634
631.697489954819,263.5767049546063,88.57593722956426,70.31222862495325
634.3367655441999,264.6031962709544,89.11985576210617,70.88732636029907
635.9169835691375,265.5217982046645,89.04160951058621,71.163232081502
638.6782927433517,266.68941572523215,89.62206666646091,71.72198111972762
639.8209415820992,267.93236769488,89.38814461648356,71.81244336657393
641.7523441811761,268.6772901915998,89.5652382907052,72.15310517473945
642.7080634339928,269.45085887776406,89.33520115702757,72.04844836652848
644.7075040313828,270.23308651076826,90.14268449853299,72.56861500680054
646.9835809262929,271.12883652025835,90.60999710885926,73.10058224245905
649.2739126377523,272.1413812909691,91.09043702990392,73.61556418846426
651.0728602082148,274.046815157695,91.40473327997019,73.95710839272613
652.2839114456394,274.4999485724069,91.08481438551973,73.96796345050933
654.6252293158417,275.522727599664,91.72573029993086,74.38851824809171
657.1212352569096,276.5643503361746,92.37368967405105,74.7973551324772
658.8509179155459,277.91654862973684,92.52208836243958,75.1867896076695
660.0536483976165,278.5216851950116,92.55004901008412,75.37094067717793
662.4005868340782,279.81826606724184,93.19673448075818,75.69890005317038
663.9457893356667,280.35869704946833,93.27361158207337,76.14504757586948
665.993299196318,281.6677915266131,93.86878074550577,76.5400484142131
667.7305622520256,282.83811501725586,94.24743218154555,76.90324812596651
669.8109817707251,283.59971136268547,95.11957501670507,77.45299459259324
671.4671563566935,285.30599126774007,95.2665173028982,77.61522883651541
672.7308848716918,285.69562845769804,95.17167674514586,77.74757179525685
675.4177824587496,287.33192221545113,95.84201141951043,78.09166299450283
677.1445534159337,288.3846308334855,96.60288553221136,78.73365200271206
678.297602779623,289.96330539188415,96.85183121744564,78.97304069986433
680.194763722634,291.1043118227849,97.17892590017978,79.40903111107315
682.2060610301903,292.05609676942174,97.30898116452275,79.61108112517852
684.16963459944,293.2039502478844,98.04662942473556,80.23753717789677
685.9501399592374,294.3234633917814,98.49612581192164,80.72623329649011
687.7857577815649,295.3004007043535,99.02911284640476,81.1750576650288
690.2962838176152,297.34115427633105,99.16716082999882,81.58036311262637
691.4172140803086,298.25925730692126,99.41529745312602,81.81168076932629
693.7234884211902,300.9520144410333,99.83662375991867,82.18433805948226
695.0472960417599,302.27731190289484,100.09872512491933,82.31843208534413
696.6881477184493,303.2114461975787,100.70357339011672,82.79652203365035
698.3750337345418,304.6574401356057,101.13598994130562,83.36816006549434
701.0990027523347,306.2096294487643,101.33477183827584,83.62827695500044
703.1225541047118,307.3638063353893,102.02409024176765,84.22492887518612
703.8719282708095,309.22238357882736,102.14254645650065,84.62008002948437
706.5094136765399,311.14652200843733,102.41832971532186,84.96117666345899
707.5858580412649,311.85981938041834,102.89261345596444,85.44620229799123
709.0596284122558,313.17132755471135,103.44926864255636,85.97318604477265
711.69299549573,315.42275380182963,103.81752993611838,86.36780259426777
712.6245835177521,316.0523355637987,104.30639370606946,86.85047514134402
715.192171316388,318.5253375463926,104.73541326489502,87.07067086029924
716.1741109961279,320.0054489694233,104.97903340950458,87.35378397653342
718.1202615560259,321.56151292337853,105.64002933255532,87.84012294179199
720.224097716102,323.5197455163756,106.5004026285527,88.31587634558043
721.643021554343,324.98898710629294,106.92584035055427,88.72940794579037
722.803213462738,325.7617641917967,107.49400300059175,89.25596824240364
724.8537309525354,327.2997656450391,108.20069249685734,89.78446348388343
726.3757671228124,329.4994381718533,109.06008804990398,90.33563799202258
728.8761860061263,331.8253388269896,109.56130020621919,90.67273686638131
729.33504356595,332.4632441137867,110.01557481359214,91.11401987970885
731.7963138596331,334.58347483670144,110.45740600280672,91.59638443790769
732.791397694495,336.3000975480239,110.79402151331973,91.9127070007973
735.0012350568624,338.09388214188806,111.2318373281357,92.28551288364096
737.0177868278848,340.3278289052881,112.08854005669009,92.9079923960866
738.7592350729883,341.8354095683778,113.01698046528682,93.65398309894454
740.938125263937,343.4360318660314,113.56959427513148,94.2086901466275
741.5544014402883,343.9481903404004,114.1540741404082,94.87703472170844
743.5204278341673,346.5054715108198,114.77882839381834,95.3739941017559
746.7578504117448,348.23777176827053,115.4055333408974,96.18334368679953
747.333502576623,349.6099109131296,116.08330875834105,96.61998456746096
749.1049819400234,352.42388959113094,116.67361266581742,97.14226286438188
751.357233644683,353.86389271693747,117.23667660497861,97.8871750736148
752.4246766312091,355.8933425570617,117.6425611626271,98.23400421035241
754.979550035547,358.2954989359151,118.23001989746912,99.01997723069135
754.1224981571611,358.5914563509665,116.16230597960435,102.44168134666396
757.593392633307,359.5843107862138,115.2777594208062,105.52778033749752
760.5097768327198,360.5052035423908,114.74066820703916,108.3472225282379
762.6152790757466,361.26085954890846,114.27178398694618,110.62214608611016
764.7213475196949,364.5640165470826,114.07505132344548,112.24391760764522
766.5157644933093,363.2411758418594,114.8316501345478,114.09270387172168
767.6201377166899,368.32893319380133,114.31904862625561,116.26254515538666
769.6390813990545,366.52353967776406,114.98368830773012,117.77402774982383
771.1282468517519,370.1355461063695,114.84575619078741,118.96914903262763
773.2490961778976,371.184957617922,115.48998807667328,120.61320826126212
775.5824605299122,373.50610265050454,115.67917301171283,121.76813413466522
776.8232933231606,374.87842715366406,116.04038838949523,123.0157455844313
778.6891252417869,375.76080344666775,116.5143238602565,124.34763716155567
780.0854385197929,379.6689032088211,116.75376293420358,125.94607806388464
781.8070051396122,380.3613766748371,117.28462824116542,126.66161168834076
783.5927555223137,382.59156187334577,117.5816801605463,128.2278173334987
785.5743321739806,383.6737782238886,118.27749101431701,128.83755765372962
786.34705509537,386.11022182949114,118.37533843306622,130.21988370317513
788.263114572624,387.9714722914367,119.02426710886839,130.8002296878533
790.316919102719,391.61307876338185,119.68158114438147,131.6236966603449
791.434456327072,393.9931487097095,120.19958944790329,133.01568737147986
793.0793083536598,395.0881914525451,120.86954401746917,134.08576900769583
794.1989953335974,396.69245110356974,121.13713235694101,135.2025380013925
795.8663899210093,399.90301798952237,121.71359091237233,136.38957664617413
797.938579005769,402.36601797219646,122.65498382668468,137.00351322333705
799.7645874502398,404.3501715855354,123.76721244784437,137.80721727671892
801.0272159852999,406.5643186933387,124.11365041938066,138.74713051579374
802.8598186203897,408.7524588627647,124.37030393673795,139.16443404687578
805.0540507585056,411.406723890394,124.55666494737113,139.26115644828218
807.5595041473999,414.2279091766937,124.88596765368297,139.40882207715993
810.0933726815097,417.73850546886973,124.9836191696003,140.0638365583901
811.2136073148548,420.0004898965611,125.17196550616626,141.42428952841635
813.8063849903373,421.95322477262323,125.62623883714726,142.34074732374688
814.9334108200962,424.26163001127566,125.83622864911052,143.89154510755048
817.4044423137364,428.2826324659327,125.98552909185354,145.08429476061434
819.3022419057697,429.5966569720538,126.21917480753666,146.2521904390765
821.7159866973861,430.8427002991935,126.90432045532171,148.08698042511682
823.28729432707,433.2354886108508,127.1592522025611,149.29447869575375
824.9355635241852,436.8445322540267,127.22409605434818,151.13353462076662
826.9759222796731,438.47955384220256,127.87335472058788,151.7372643039883
828.3837780464498,441.5296414572342,127.84542847870632,153.05448943403235
830.4111937308626,442.6356891756804,128.3891626883415,153.89954126162058
831.61088170011,445.47352029200147,128.3946932611533,155.52084891957298
833.833274381208,447.7456874404904,128.58241856103638,156.32439641657086
835.7274241115548,450.40114048863524,128.72742054916466,158.15491020782397
837.7039718663918,452.4220304974976,128.63792004834073,159.53739605161047
838.6396240431127,453.35227283185327,128.81235391511373,160.11712697051513
840.1275060757015,455.56135689723817,129.0354204544895,161.9661516803214
842.1491437230826,456.3200815294196,129.2744709043562,163.0660949559366
845.0564637308103,460.84477835330705,129.66492761054988,164.979502287776
845.5576166270155,461.50991116038875,130.24083503301375,164.55573337723732
846.4754919788932,463.6640888228962,130.36588831485403,165.20121067856516
847.5532939122286,466.08368496999174,130.21441767267072,166.98551682416297
849.9617508491591,466.13493235089373,130.68487972578106,168.04341184335712
851.1144838185303,469.5773155744671,130.7053281699733,169.202818636872
852.9165881681458,468.8903812447726,131.31608290686884,169.81185450159472
853.4276346090618,472.83967166444154,131.6434208245212,170.9345129429576
854.6758023589097,472.19257802133154,132.17550410419867,170.68581719065668
856.190491355099,475.1155316642383,132.27881701834465,172.25358378255933
858.6420167786963,477.5645317968235,132.63865555637344,173.06503042443242
859.1345896762086,477.893587642405,133.3030723586235,173.31272032752662
860.5445839441908,477.2230070805964,133.79215202563157,173.29467084075412
862.3758771045035,481.0312167018557,133.71385883206614,174.24369082247867
862.8648256524657,480.9777246424768,134.0346093782772,174.56312917082977
865.5371828642335,483.96918109835786,134.26009396749794,175.50028166205232
866.3981739839485,482.93209442668876,134.8984222825726,175.03378103421431
866.9553883058579,485.70280039787826,135.44309941649414,176.3152698639301
867.6692918350896,484.0628956680722,135.81337637864547,175.4867128341318
869.7815325788351,487.4087000503097,136.06788830698684,176.91375927442982
870.8886273338815,486.3743136995833,136.6117492386362,176.81023163713746
872.3942430855002,487.0817218954011,136.82067631236404,178.3876854767489
871.7485501037683,487.5692998066834,137.22424256843425,178.78007680861086
872.4842067910902,486.10769847832,137.64281450014875,178.64787146439153
871.212659508078,489.37904468910256,137.8234443998065,179.18271991730768
869.7326483256438,485.60198209166396,137.82013053535056,180.16430101428443
866.6999457568506,484.2556762329372,138.2072071588376,180.77844154796102
863.3915810276848,483.2905922016721,138.66907278278836,181.850355356627
859.8190625182885,482.04741462516245,138.70734214716194,182.2739730447415
856.0392275390767,481.58127758080445,138.5089664322151,182.31012581034886
850.5404599622566,478.7345804565815,138.47632065476398,182.35664229313915
844.3242804839206,478.61080691489127,137.91483653282273,182.6952394574747
839.4459633477086,477.0782156625065,137.7365647993874,181.95950076053828
833.1325601833428,476.150889434414,137.4526064339052,181.254939339999
825.77414669038,474.73914994572397,137.17687017215002,181.03136450344485
817.9785486100446,473.32717167674804,136.9082049589195,181.0873526251827
810.4298961614392,471.5640317005831,136.83823633470715,181.29902757987765
803.0011298222225,470.5148787414778,136.53019970772033,180.86536824235105
796.1397099023659,469.5110359547068,136.09741134308808,180.6566009789026
788.6545643391837,468.2751082761013,135.94581716976984,180.49414179906526
779.2489717304168,464.44142733194167,136.09224942709864,180.31293191004085
772.6474376269546,464.0651443192302,135.80272482243834,180.22220963304213
765.3896660292788,463.3031143742087,135.58834286215028,179.96975129741526
759.0130118168006,464.27178000325523,135.5350354576389,180.192961573746
752.2959861906224,462.8429372770272,135.47652727701177,179.91679192175576
744.6567757244467,462.81587053135456,135.18320329054023,179.08722098919654
738.1242380037727,462.3777170700539,134.91694652516213,179.0888384519971
732.3400236803203,463.3859522012683,134.7185771526576,178.55957131075365
728.051943988746,463.4073830810173,133.95957628037414,178.00495104495752
723.7179641142136,463.76813288757586,133.08863088570126,177.88223927602155
719.4206162613898,462.42699945004154,132.92177378067976,178.02747450054704
715.8025055576229,465.4638062844545,132.85557266471508,178.7209397082164
712.4826285898612,463.8158410252988,133.17410000340632,178.8172347208515
709.9450902457052,464.89405476194133,133.15448589200517,178.1651529030078
707.5430543480041,466.6977854330151,133.05747946322495,177.8985240327078
705.3765924535529,466.3086318745295,132.4407510571506,176.99928572140294
702.9460265147188,468.95840494968377,132.09441728616784,176.84704744386661
703.0688748246356,470.57265833934457,131.76013126628123,176.17598833643518
701.7787726142369,471.30948614503995,131.78018267957123,175.627717544552
700.2394269453247,473.3297243725858,131.84721916357486,174.8894831300945
699.9801470191082,474.1507218111241,132.09609741329135,174.8158019708601
698.9286763628627,475.185018606564,132.19300697414974,175.06888534950855
698.8348945964855,476.49990148034794,132.42174386814597,175.134142423367
698.9584080649081,477.45963219435066,133.02092532487455,175.08120926799035
699.2349063262368,478.7389725777459,133.3887596480498,174.96876296584514
699.1516231694611,480.3634134946633,133.99775160003858,175.73423965251828
698.9051185787077,481.18098223556996,134.28652373768776,176.06456950449856
699.3193461562296,481.3285725823067,134.890310737719,176.53159232560097
699.991000002753,482.9517709005557,135.24967326123272,177.20856152047813
699.6291695799753,483.6537084894614,135.80739479063467,177.84530166287243
700.0271492044228,485.2015876298409,136.56615761243341,178.66771574158003
700.9079855119857,485.20495792533643,137.07738843969054,179.99680118990312
701.0056370564721,488.34074939494457,137.5980230843678,180.76191039317345
701.0292175305311,488.1629548118413,137.7705630836537,182.23854383752487
700.5771227817783,488.53154924055644,138.36074520949538,184.05288367234007
700.00006127898,489.0743488795439,138.95294417477453,185.45065422163566
700.1477592046242,490.85164072354206,139.56947471222648,186.14103990162027
700.0409597667444,492.98227525626805,140.19703681645026,187.15289076262096
699.2503672704745,493.0870062463692,140.60751839788776,188.20507946391433
699.4513953053154,494.36343938315497,141.88845180631742,189.5645712359208
699.9250188499834,495.4135372669358,142.755280186952,191.0041610919095
698.3014202159223,496.6629966091272,142.68186931603591,192.20152503272507
699.3420034801026,496.30386835320337,143.11036780003525,193.7105361608333
697.9509673268683,498.8099345643016,144.02647140228015,194.19918765892487
698.1870558173229,501.13814904387397,145.14184804170947,195.58248781812736
697.8637348995403,501.97905117838343,145.90329771398603,197.57380380934708
697.3868435620378,505.20080072862714,147.0113831201472,198.76318158187595
698.2794965799571,505.99623939613775,147.6114387557563,200.49419507784847
697.2114945987273,505.9115145095335,148.2622742611848,201.13616740783866
698.3542926558554,508.71254271933617,148.9822526117266,202.34441086158543
698.4527687704442,513.3239353681262,149.81182433026478,203.095208785441
698.8468865987581,513.7055516076114,150.85670758919466,203.29731507304547
698.6223782250249,514.7098521976684,151.26276789129486,202.73237582110823
698.6379721551018,516.2866733238212,152.29095400594124,202.18333924354621
700.6248249732377,517.8195223241919,153.51950695655324,202.3356705034403
701.9659104604995,516.9455464599229,154.79808179349195,200.98254610587972
702.3740908138996,515.4254637659868,155.85020641822723,200.44339201667054
701.8350419416813,519.1887587455567,155.84254523817924,200.07867206027728
704.2828852131695,520.7248690239991,156.30593138044475,199.1822952190603
705.3294088155312,520.8140086319562,156.83111022705177,198.01886918260092
706.8764784870709,523.3963045941566,156.77268217242448,197.3310118964141
709.0127893474129,525.1866859772715,157.19750727486073,196.75265954201902
708.3550820668793,525.9555758560581,156.91045906737327,195.63776925549993
710.6640870519185,527.6340482382811,156.93267164673324,195.61940271523602
710.6667914188954,529.0916355045707,156.80872506210147,194.72711374364627
712.0184559790132,531.5053188615276,156.5994578887348,194.07729066986911
712.974419580296,531.1918105403525,156.66110007932724,192.95186459466711
713.5346349126415,530.7171582839958,156.25331643545292,192.47405831617436
713.3166704221611,534.2530011555601,155.82942624260093,191.45975181880365
712.7658051941622,535.4444771907064,155.24401229990937,190.8445254546115
712.1699282198718,533.9616113647224,154.62785652139357,189.70373931483144
711.6849107918036,533.4543057449041,154.5535921326494,189.66882803535654
707.7043258279932,537.4046831079202,154.46102632723807,189.63201021041684
705.6885412473089,536.2180199018793,153.86569863039142,188.01059565951633
704.1503628501358,536.524219965157,153.6849066820617,187.7565035502148
698.6422801107122,536.2200437022441,153.6249432012531,187.6399296639351
694.7969746372405,536.7664069525629,153.6227278771393,187.49498949447445
690.1718094253747,536.6810093911644,153.36653802956965,187.39096366366374
683.7964882355298,536.0397369263274,153.49912220460874,187.48928386856818
678.7443110296543,535.7465904899466,153.2958765949973,187.84939372920178
669.3406179921084,537.3830017177994,154.13477397685187,187.53564720123055
661.1100615599938,536.5403493466906,154.59977592494323,187.88009312634767
651.8875725596964,536.2329785381289,155.20078648779398,188.26356972012036
642.1994650406791,536.5893164386307,155.7584476012681,188.44903345549756
633.9379675191166,535.2096596327005,156.08041763523786,188.7300066800134
619.4285314239838,534.2489727197647,156.2521085053128,189.15706118616015
610.3317650277402,532.7092849470293,156.45695950458736,189.35986316900892
597.6753272585962,534.2257819365022,156.96001105300707,190.06654733451785
588.4925735581159,531.496861659054,156.96934779967097,190.75213485291542
576.8507847485022,530.4339151931266,156.91475822834644,191.4635732054168
563.364161456984,528.8581777473598,156.5395245867736,191.80552952128215
552.2514332716082,529.5461607852557,156.434694931524,192.79324118558745
541.9836043945625,528.0172497841415,156.44521764533226,193.20794361422253
531.9176962093751,527.2994793824098,156.3956165504971,193.27608794380146
521.9437323859659,527.4220913186936,156.53534336113404,194.12345035014943
509.2691735690912,525.5381079700252,156.74662644593306,194.68730404089436
498.250287089773,524.6617825118157,157.39634741787512,195.10651572639452
490.4801760460721,521.9881008515102,158.29716520840202,195.30616490897427
482.79001013538425,522.210054423025,157.59407150792708,195.91201119345033
473.0551785689069,518.8041792793854,157.72147237281536,195.8782667335677
463.59489166322516,520.3059225036535,157.56679555856854,196.83150254455288
456.9475880870506,518.121573520123,158.14373989963835,197.93223138014423
449.53960105909374,517.1733244428264,158.88075449052522,200.4371192103546
443.3971406233121,514.5442996603666,159.17586823318226,201.49048308725537
436.845702275362,514.1649574869285,159.57556366229778,202.73328971043776
430.26288285137514,511.3506163469392,158.88454071370168,202.40546383077896
424.35856784060036,510.1360618090666,159.0349342316502,202.94763278487346
420.86309658085634,509.0480350303098,159.1723887826933,203.41911533370478
417.45498996325824,507.79055653516735,159.06239113761,204.14513368244147
414.94481628338184,505.77438760974917,159.82589254628252,204.81996287391513
411.4161901488258,503.2151665209397,159.6016053752395,205.02122880489097
408.9835850689117,500.87888121837506,158.8406682648651,204.89318457618847
407.07060999650724,498.9220457503035,158.81248647264707,204.8148327595697
405.59396132594674,497.99049405621616,158.96174314337316,204.6737261524746
404.23004501506523,497.2434883882935,159.08810648680065,204.0967886491323
402.2260430694654,496.26834441406754,159.25896242687415,203.9702724365124
401.10746145857456,494.608231951076,159.74926800552834,203.38784342992415
400.13670788575394,493.38538700701633,159.98029922953873,202.8722546410567
399.3208233349055,491.8826608753225,160.46046034097074,202.15343608382685
398.5891060293988,492.3419442857997,160.21656567876028,200.53376944988796
397.72837368776305,490.1600284594847,160.37698984136375,199.7531037079562
396.0454018754643,489.4077701510962,160.35523123932253,198.35657404864065
396.357772670216,487.2108534311005,160.91636983399266,198.18200948982226
394.67536763841366,487.72286216388335,160.3321220801382,196.17086346848183
394.2903042239825,486.7299343784092,160.37611270142003,195.35840160702648
393.90660263703467,486.1377907117102,160.67120545146463,194.4386898025461
392.6147908621892,485.61500801520253,160.1883507487447,193.54598891824816
391.71720641682293,484.6450347746703,159.81868394802518,192.73425264098137
391.68135921600174,482.96258944919657,159.9491515841542,191.88069703719856
390.33857633165997,483.199125707934,159.20524657532604,190.87480876531012
390.7353374914667,481.78524671475446,159.41428534808938,190.08408296985462
390.9479683741241,482.50997865305374,159.17002177401196,188.5209980520774
389.6409447464627,480.3867624809536,158.69798871660586,188.12078771134105
390.4724673300933,480.33840102253316,158.82844301910183,187.48862479873333
390.72313322143725,479.79930435285553,158.98834007199662,186.05253805729325
390.7788393870453,479.8563799848446,158.6831448598782,184.28607141512617
392.3723701470621,480.2242632686833,158.7678829042062,182.854396301001
392.78104125225445,479.23905534327446,158.5824956617971,182.28659770670447
393.37822280262844,478.52461140510843,158.43331943829986,181.3876056773358
395.2336456738226,478.7967969058079,157.98084957901392,179.9395153103401
397.7580337744216,476.67701863240745,157.84235598966282,178.90176625411365
399.2592867958158,477.625450563558,157.49622916974428,178.12270155467732
401.177735804642,475.7643872132535,156.79557926381676,177.41221869718086
404.54099022229633,475.6214191946716,157.03230151523906,176.97428564903265
407.90062380164215,473.6343707271185,157.4585817465316,176.3317019620381
412.684236465058,474.95304662878834,158.13918013490985,175.1542100067208
415.52705687072796,471.76549757910715,157.77926392531546,173.72298362411914
420.8114524636271,471.3057411845199,158.0564619668121,172.806477970186
423.8888460237812,470.10566119049525,157.37896261582154,171.70386729592758
427.76683607110164,468.8133554115408,157.11767770779568,170.61635589851426
433.77334333940047,466.9882132153512,157.62027577343187,169.64653407064802
437.26493416819,465.14316046637117,156.90062818491413,169.14393059949188
441.4192076078369,465.01447574013986,157.0237362357351,168.2128280194075
445.4455158555218,463.98760545627806,157.03447137152978,167.4956557014653
449.15816235538784,462.20507541719553,156.52334243811245,166.77619563039937
454.01709380821546,461.13047028931953,156.71894980070664,165.76822843787863
457.76476258256173,460.1053848578002,156.1153478057556,164.76690279518002
461.519927246547,459.1971304955273,155.4226749948138,163.76856285830314
464.86284879049845,457.5486539342107,155.09590936052425,162.8697676517737
467.3171137672991,457.95728890982633,154.34055523776408,162.03842336287371
470.64066091802374,455.94248596054297,154.62556504703252,161.14103827557005
472.92852205175694,455.5440411416499,153.76952332728033,160.00368292300737
474.4842539792712,454.2129820354803,153.4069894496688,159.4886544621441
476.5319842665771,454.49767861404405,152.77701468629053,158.65407183615588
478.72603559998856,454.7453738888958,152.42744093868765,157.82465527760803
479.83012171656475,453.12524219153516,151.4663427135232,157.12437215972554
480.67057834981597,452.4826988340675,150.36256346019675,156.1603991975369
481.89614511689024,452.28425355913924,149.62763111222833,155.10689809719346
481.17529995948047,451.4164809302358,148.59390881985485,154.50899780598917
482.50883857172016,450.621236026085,148.23073898978458,154.14052374328855
481.1133151262859,448.69007389179893,147.0684007659833,153.997863633046
481.45658027854205,450.36013586439435,146.39258214443146,153.2404125222515
480.76374020169646,448.60631403086853,145.44233099700566,152.67106987643695
480.26865649288084,448.27750104758474,144.69590218794468,152.32609255053933
479.1587228690143,446.9484255162238,144.2968889253476,152.08343933202653
478.48215445464643,445.1797491703894,143.68238547335972,151.81743084625072
477.88983630894126,443.43778035483433,143.14101799871025,151.38235426189158
477.19089267715856,442.7637788095495,142.76316595010368,150.8097907936234
476.08960863103647,442.6027014436412,142.73606280249498,149.90958074215285
475.5774351912035,441.4730456253019,142.33120962894586,149.21022438528595
474.42280151459073,440.21199357082315,142.32037119107952,148.41092427556978
473.4764235112192,439.56574578135405,142.05050116976165,147.75375573860222
471.43225046821357,440.01050630899095,141.77964963919578,146.9135751735802
470.31652151369593,438.90093004802986,141.48320208405872,146.46033341983704
469.8108664832663,437.65294186224975,141.05660206496196,146.40373324949667
468.2097326973487,438.2293327464165,140.82261680438427,145.14461820304365
466.71115887723636,438.435375689514,140.07472593524017,144.02359872500602
466.0015653619621,436.89947014385706,140.25711396409503,144.25767177921045
464.05680106061595,436.2171879441946,140.47142016993666,143.6836085778654
461.24465810915285,435.3074553499168,140.7904816542227,143.2512584473599
460.3658833895953,434.95820762261906,140.4459660069731,143.10243167638458
457.79661452929906,433.0976106983121,140.78531559051106,142.7125148377427
457.9597966112028,431.95991709610377,141.03633047457419,142.86732518363885
456.0816242655337,432.16708143925837,141.05315771557974,142.12575981515312
454.3487424921736,432.30088153450754,141.5240398707748,141.9688430136627
452.7068025631335,432.1839163301256,141.4751148105657,141.5696451966233
452.1532022937382,432.37545278891713,141.68644585587188,141.27809760272916
451.84006718483147,430.678607851791,141.93366659372398,141.3428034548409
451.62103610031073,429.924265954749,142.33663824178748,141.31582567074653
451.95013417197976,427.8226058902593,142.5263745563733,141.74972469910944
451.55881325717246,426.91769952971737,142.52314595313413,141.99202908031145
452.3635760256268,425.4108047140196,142.93275493770983,142.20943676132856
