627.5,317.5,22.0,63.0
625.119405373842,316.10832547474274,23.41962817329079,63.90860749625426
624.1522638015612,314.553081556839,24.26288525011863,64.63740006152341
621.1803489323454,315.29433195449496,24.804176688989642,65.02318480297748
618.0291766140538,314.79943401571074,24.94741077946083,65.62824557312412
614.0540467937188,313.0419038291703,25.39369836660287,66.6769615896682
612.5110020966621,314.7632277016553,25.470153981190677,67.206916927355
610.558453853393,312.81239722733176,25.842468389939587,68.15574398508716
607.7077053442496,313.0979521764335,25.87960488500235,68.38065680006795
605.0990858097168,313.5633095067494,26.497484441738862,67.68173362081191
602.1420325666894,313.6826002538258,27.619542473509014,67.39280466808792
598.9877699599152,312.9007948514092,28.77926969816584,66.67691618054747
595.8370300124702,313.3765075768258,30.03999289063278,67.17527500858392
592.1186857736939,314.35777421650306,31.32088197929994,67.28339016100736
587.6052067240875,313.55714505228434,32.54628158394475,67.46314494559107
584.1991128076893,315.33100147576874,32.714891841057536,67.34389269661412
581.6124016817713,314.08034761784415,32.28882201983444,66.79148256082456
578.7057878095668,316.96284644079856,31.21018641814372,65.96089357961915
575.4453654839392,316.59237928664885,30.6756903024921,64.73863161030008
572.0025273830635,316.74056862027504,30.06810516696324,63.99032903624456
568.7818944713188,317.7024369858376,29.93326968735216,64.04204079430855
566.7456561252889,316.0138402134806,30.14854480317888,64.23249894740577
563.2887413662866,316.07743308970385,30.868656364640568,63.81891508218547
559.2998868130055,315.3881550382548,31.278623123485346,64.43136040722851
556.0242264054607,315.05068110809344,31.729850573859437,64.69259949131575
551.5865707327121,316.35650130345414,31.923511757613618,64.50308968531114
547.7790108495916,316.02352802099244,32.45495184779861,64.26880977642617
543.7594989279418,317.12405733467966,32.443181089657834,64.18940375220123
540.5577368379296,317.81315126509986,32.18419439779493,63.74548603486976
537.6166050045744,318.52734779139206,31.69022019524288,63.08678194617541
533.7455792699075,318.8251334236628,31.68615454955571,63.60990558310033
529.212756175068,318.39058484331525,31.67932244486218,63.8007079659252
525.3885397082054,317.84759814818256,31.778994964463873,63.98218188500303
522.0131061974747,317.2163872880791,32.414457856896874,63.53606364244134
518.1638137881547,316.64269559618566,32.843899570983666,63.90867825648714
514.8168025566641,316.3249986542766,33.510042318999034,64.23631404742503
510.71052959696,315.71277675588493,34.18724268405555,64.81041537976141
506.17176243826276,316.0440215654309,34.84215527446019,65.00386860601392
501.98259479543725,314.8129473691938,34.94802866893689,65.36917399426152
498.9722630704223,316.05303530661854,33.8054411958101,65.47428735929543
494.34178600593594,318.121877520626,32.60989050300547,65.12378240134275
490.86166023249837,317.54051635968625,31.214425344558343,64.79358563581228
486.77846356905684,317.6112903887546,30.687715834832517,63.5980518627632
482.7059737805292,316.8141114551554,30.685212539878563,62.878110623363625
478.6868514146598,316.4971269271495,31.030217582743973,63.31776981890758
472.4387933442284,314.2165399405382,31.575152311863693,64.58148633554136
469.5546433953833,314.7402371453347,32.29584144981871,64.65069136652313
465.04556291556224,313.49108685909806,32.107135191443234,64.7656971182108
460.8589353580845,313.88158540105763,32.55467056839207,64.90318013253923
457.44207854312646,315.13989798862195,32.25272688782242,64.4568347940652
452.8877079206809,315.6521512986436,32.13088971016714,63.636197233703754
448.8763706769235,316.50734168939135,31.411370975636082,63.77152386874279
445.04924801413057,316.48362274142744,30.780254057569557,63.3035980118286
442.5790956842918,316.93419003135324,30.29679019689187,62.951561506413256
439.17660310890057,316.3912590938856,30.556587874377264,62.74116993858419
438.72225949508294,314.9941070642799,30.54781406437668,63.100913460457335
438.8139950259895,313.71532552294855,30.74981449556919,63.75839490859863
437.4359239762502,312.50016144021504,31.442166988953588,64.17459486590519
438.0131590407772,310.7832856790574,31.580438873830808,64.24629680860008
435.5911336437319,310.4994413037108,31.572938612013232,64.54809648091461
437.1314301998553,311.1697796380164,30.939667391551083,64.23774486742587
438.99300870934917,310.67043707202305,30.885129051609997,64.40962273889916
438.24755199600065,312.436276547461,30.100405090077594,64.21811059519803
440.650381585562,311.88051433335585,29.45395516235869,63.69691955977002
442.084246808209,310.25215639938176,28.667778653069362,62.932256433730075
445.82726636645236,308.78032318895646,28.529253689109453,62.35542243305668
448.1721500700918,307.5481914203602,28.306250255066686,62.682772193851505
451.2566831068473,305.75597089447604,27.641489544257194,63.19576491950896
455.1006686322471,304.37762030548856,27.640659435077385,63.458353844294834
458.1559090274323,302.61463666208437,27.47494278197511,63.083066238754014
459.64032916752893,302.3613685353082,27.78734320345726,62.516958497021236
461.23983205917943,301.76613977819557,27.782593010595015,61.76810426846393
462.7590719428429,301.1221541340459,27.14885405366233,61.6150935726248
464.78650066706405,301.965495827662,26.646128258052176,61.72791637283156
465.9098367939608,302.0387738387365,26.663653830644236,62.09884412152984
469.75231639166145,300.00267912802417,26.767636972278964,62.069102447831256
473.7388964589209,297.85409354802334,26.748156399375002,62.201570238692305
477.45649640418725,296.30149267378187,26.909852680412236,62.62462090799742
480.40519945531054,294.9282386551793,27.489107783457413,63.39731553062883
482.4278454294873,292.64515946372364,28.331253655538397,63.625004408230055
484.2337539487591,292.2454799390595,29.165733308889394,64.03074535071629
485.7981355280061,291.45977031893983,28.811776173039277,64.2286800986537
486.5082566516133,290.3188682574021,27.775430604511126,64.16585994079963
488.8511770801521,290.46512703554106,26.90197196865536,63.96963870239705
491.25562689919883,289.1349674215929,26.627140438167,64.17925168677847
493.98318819297225,286.758505961438,25.784766473514427,64.32490198211872
495.12130641589073,286.102110387483,26.00239074926559,64.59378834868721
497.0499989464539,287.1631552141611,26.61632536358477,64.4424557029298
498.7066841845675,283.27422283120296,27.46935341259566,64.73496127695162
500.8257181305225,281.3585138474376,27.97885651220183,64.64376705423567
503.5366033184826,279.7832278130143,28.03659692043072,64.03884786636843
503.69652684865906,277.9877163842743,28.804370952874095,63.3085501900961
508.6936570824323,277.18268734308487,29.277232563269546,61.75798209945553
512.5779278583616,281.20816665462127,30.242185770016867,59.506397103091636
513.9128078722,285.78876493496983,32.45282449264522,56.634156230871056
515.5224124272013,286.98006821008727,33.089639886350575,55.804312308237904
512.3072750329551,287.65467161999345,33.1037760258562,55.78935713065266
515.0384070237465,286.774388971181,33.332485326133735,55.648140988496365
514.3744357785502,293.67923870880156,33.548922665731375,55.4737707597763
519.0471088021686,295.4137961210971,33.72409015304049,55.35115180196064
516.6219547451461,298.4817990983027,33.729083287532056,55.34709861015323
515.1028045007628,304.78534200388106,33.733662567726576,55.343893681259736
517.1536758859529,308.76029053485036,33.77475350706305,55.307500266171644
519.994890713369,307.1207649496562,33.95270497863453,55.14598012842405
523.7677859615959,305.07350361765407,34.04729867941587,55.05491681678129
533.0981000110172,303.5585063853726,34.17754887647184,54.93661397146881
542.4307110563685,303.1789605255598,34.33859021350343,54.79972998213293
551.620595532203,303.4132081761806,34.51313110680542,54.683140026808026
559.9861915749943,307.0584790248534,34.60707139121774,54.62662046996536
561.7163184522932,309.67341494214674,34.64870018972063,54.59706983288847
559.1064949943649,312.6982976122073,34.711834845140196,54.5505446012574
558.3947177271507,321.0920466923804,34.9032376328186,54.397621331047816
562.6090440514381,322.21414696230175,34.95584909862362,54.339396342810396
570.4047200895565,323.00301472954635,35.070404844042294,54.21881067156422
578.3781036434192,323.49380720434107,35.399293482776805,53.88230181803271
586.1685133527126,324.5091771114499,35.526402721721745,53.74191914054142
593.7747520780168,325.22620876060694,35.64079142101551,53.6172842956728
600.6036708550434,321.8322664645404,35.838165124896946,53.44473158998484
607.0361950347997,318.91265087097327,36.061410794620336,53.2771263627819
614.2057348243508,320.82793296430526,36.29357450165101,53.0847090534068
623.0772575899423,321.78150667620065,36.39104029248948,53.0069543012011
626.8824134103863,322.5724001764814,36.40461714418545,52.99270699256466
634.6571653666633,323.29642320856624,36.47648259350905,52.930394771244636
641.3270239656194,324.54219696979976,36.59193793435397,52.813230459913456
647.5447550770552,321.75221934934893,36.78598372997609,52.65442904416836
655.8639970543738,324.0189157446697,36.914396976877036,52.54527684266878
662.4065662127066,325.38263457752436,37.029033402337866,52.46138265878616
665.7545013702805,326.17786278301236,37.053587739289725,52.43106971857436
673.2723872077937,327.4158659211392,37.147408959771184,52.337716201872674
680.7073115684713,328.18484768363106,37.29589939552047,52.199895465775995
687.4784403369623,329.3433741917957,37.397228970965266,52.10126700808617
690.846651476643,330.1658961917153,37.43160871263044,52.05643605908924
698.4469648823401,330.8713918822984,37.498942449637035,51.99535612926285
705.2371805037228,331.6704339527108,37.58662586904215,51.92025053267318
711.1876008401952,333.1017926762809,37.717782876761476,51.80879002828202
718.1034921502413,329.09411523918175,37.92017136110025,51.6755986836083
722.5876037765604,331.2341768715549,37.95965951898453,51.6433320358359
726.2876466338425,332.3231759315861,37.97440305857081,51.624517179552136
733.6398746733587,333.5266116987766,38.10899250413557,51.499963760405585
736.7635172695344,334.74241327043836,38.12981615654113,51.4734097026991
740.4074247043123,335.7021054606659,38.13405975485029,51.4663620293592
743.6790376699508,337.10657824282305,38.136493365656996,51.46072089886755
747.2431252285559,338.3564848693597,38.13775092666971,51.458187766643846
750.1240127869672,340.15974997868665,38.13913127020465,51.456270613709506
751.994982065083,341.59556853675133,38.142294404265456,51.452856449469195
750.4263856351919,343.30204210134167,38.14747179735758,51.44924517195782
749.9923018686842,345.7161056156216,38.156054343209384,51.446179941493675
751.1173892893723,346.98063239106017,38.158720974458895,51.446527216117026
752.6723736715179,347.7323406221352,38.158959529427506,51.44651799388091
754.5416418530274,348.6645885913766,38.15917076314925,51.446425303231365
756.118896307847,350.19861786551746,38.159359271722835,51.44629030078699
756.6298636073578,352.2551050948705,38.1595116506599,51.44614505045506
756.2571875022777,353.64156471662807,38.15967008135152,51.4460405576113
755.2718209246103,354.5587706265343,38.15991313868672,51.4459039834653
754.4976703962085,355.00045574980186,38.16004386735015,51.44584435294652
755.6344079046565,356.8034636611048,38.16019422429443,51.44577483275465
759.2398131974472,358.3976804134877,38.16036262354585,51.445670070969754
762.1598502371094,359.8367731745566,38.16047180227823,51.445608070636844
765.6675978111975,360.367668846552,38.160546817828674,51.445557601890094
704.1596178451845,312.08254986286215,38.338333837257075,52.20067868694554
704.0434381006403,314.81161919180465,38.7298146161947,51.866338876259036
709.6023309840886,316.1012989039227,38.79250408428352,52.174736514934864
711.8640127724444,313.6964090296258,38.75016000448949,52.21520769648163
716.7966841757703,316.639089707419,38.667265012779175,52.53019042658866
718.0750820746333,314.7448851246876,38.67830383076064,52.56952155669687
723.9787606932085,317.6256037338271,38.50784177335862,52.581679671517094
726.3049011602347,319.7713033124583,38.83716875327711,52.413889103427074
728.259554878263,317.7455344074087,38.84577308518041,52.8724043286112
730.1867998254891,320.8103091973734,39.28574444103326,52.50309291930552
731.5435363100827,318.94714136535987,39.38207257353071,52.71149473781254
733.9506775379429,321.9580792136336,39.32992848450961,52.828594184697735
736.1440071541228,319.7584294369522,39.30571126875117,52.928822902946976
738.5321777764863,322.5209756334064,39.217310621558426,52.977269767088195
740.1551859815856,324.6387154331277,39.77530841729235,52.95369135554229
741.5198570798366,326.5963221297533,40.28938896744879,53.13178974894271
743.2017554490421,327.76362729346226,40.34142522540598,53.84604545507883
744.9709104681883,328.29071829521547,40.62670427364619,54.212487350078604
745.4486944455352,328.56893090299053,40.96885114839737,54.84010983350308
747.1252162199316,329.92194995445186,41.263755864680164,55.024174593892226
748.3720399169707,330.6107816040846,41.2351224514676,55.46502123095944
749.6526903901703,328.23625043628977,40.979928072451266,55.81114472377563
751.488421002779,331.31249738908303,41.28927439003483,55.42754453690859
752.6222377284412,329.2778153908487,41.20757953543579,55.55862628201929
754.4910173120962,332.79550417894046,41.4414535308149,55.14623549935379
755.0732589964846,335.061982691757,41.62462116682955,54.98965653310795
756.8454959519071,332.7133386112278,41.453218449679575,55.186974734907224
758.8516770912286,336.7190783593607,41.46929235496604,55.1295071557557
760.3749108164945,339.03826661421056,41.63228158663915,55.10312586624036
760.5003306390048,337.2516525289868,41.679662099241924,55.41768346822159
762.7775589137046,340.74270045104356,41.68635943854472,55.470206001793734
764.1803989856397,344.02694100387896,42.175634548275625,55.053218922307025
765.603747060679,342.6803084085127,42.29424682600788,55.18347508937311
767.0362193079874,346.12848030671796,42.32280790466368,55.2046499086853
767.7465655618026,344.4522133020031,42.459281019744445,55.45284074222699
769.7618324885854,348.12798882098764,42.512178410075336,55.07982631009284
771.5257111641182,351.54896023845197,42.70106463086325,55.247051623204904
772.4584725090793,350.199030803399,42.918895937218046,55.68875109427826
774.5130867617216,353.61365116507505,42.96438058577244,55.58002562208583
775.2946151978044,352.0639200511882,43.014211096114195,56.205639745382655
777.1874361538355,355.6263071980687,42.827267800079916,56.2713905065533
777.3821996928332,359.00843584749424,43.43873182811791,55.80367299117999
781.6740553606475,361.61754516275386,43.67612644952059,55.943526164707336
781.5957099456807,360.8950709156188,43.54309424078054,56.10223920727907
782.7410265275377,364.88157919323004,43.94478881487505,55.73625304374982
786.366367259853,366.94385630890156,44.32046204461089,55.87962264434649
787.3116550938922,369.22509340960465,44.137030160101645,56.28241133280231
787.9378674797373,371.58772648507073,44.13591120696927,56.22728973982305
789.0815285069702,373.3586261012226,44.44801732938325,56.469536203777864
789.7843425570743,371.8602657352405,44.33516283356809,56.47011311784049
790.9325763412157,375.72202237667506,44.59835164689218,56.00702921729552
795.1670651888729,379.0174618298396,44.64947263779628,56.39493630263514
795.9967808419386,381.15617437279724,44.293529467002564,56.92858928831414
796.8339513303134,384.09461986595267,43.95209795508912,56.720715616914205
797.7426665412523,386.96408951649073,44.487758296303454,56.34877832618349
802.420680840459,389.152032224158,44.86835250825386,56.6543876236785
802.85982566062,391.5652482839683,44.61529812746467,57.09918286382972
806.8075084511182,393.54044152572243,44.07703017220064,58.02066594437785
806.6671347822258,396.1073572342235,44.30399332210233,58.31386175287
809.5473819102716,397.97520849186685,41.340394570008556,62.45302095480746
813.099314145696,399.0581569906253,38.71496704602872,65.61331442893967
815.6699469898042,400.64753367285937,36.87120482918672,68.19992332719738
821.1431100434033,402.2774013272229,35.542382841861595,70.47019776502194
824.435287261978,403.4308066676106,35.44152316331816,71.243429208041
823.4185987835239,406.5631420340409,34.98817121359495,72.44510664641462
824.8966188814388,408.6471438700296,34.063597740253606,73.42193844654409
826.1753693199039,411.83951027132,33.97514727073295,74.38392681629605
827.8511272763199,414.2344200010355,34.22614157175299,74.9478161009141
828.9527779962693,416.7362665528868,33.97937988195329,75.77360650627531
833.3129168700065,419.3916073242487,34.04281833626123,76.05336475999923
834.406783742338,422.4409209476448,33.627781801910004,76.34621128334852
834.8711810763124,426.26764857102745,33.97402370737138,76.65546260244021
839.6043210293652,428.21613082371965,34.182768787532616,77.25523176252219
839.4480655325884,431.68691922219125,33.97283863232846,78.53494841498087
840.8065481472906,433.8428360980256,34.39468451437418,78.97226493949624
841.9535846192309,437.2538211487504,34.43430340589698,79.57442909250219
843.6324905039955,441.51917720524364,34.38499359521472,79.8149123911978
845.3257113075474,445.22694157200056,34.527601623044646,79.81662141632046
847.225405824736,448.1215781902681,34.36653518044906,80.65804829117452
853.019668374899,450.98746400212644,34.076920221114236,81.4108352497638
853.3440815041121,453.74603471574903,34.16483544589969,82.08931722034575
854.6357664326046,457.9569035550568,34.28688703666861,82.28332127146649
856.8798639389948,461.83328206374586,34.37262991680174,82.62656111077787
859.0960993458857,465.08692981222083,34.43289925728632,83.39376789120222
860.873227126792,468.391000990771,34.19590109980123,84.63304098133702
863.1930903973773,473.0458003921615,34.446997446051256,84.95679064352179
865.8610897557138,477.9025311536193,34.84709749570513,85.12358863446121
872.6307068781358,481.5126230043543,34.947093025336144,86.09276841260541
873.2139713511569,484.6911406372559,35.1121209955308,86.95214616788985
875.623946734396,488.556372670212,35.332959356402554,87.539930850757
881.2012675684641,493.1599679953323,35.51888146237528,87.9489101300208
882.5819440099569,499.74615821488453,36.114099776899415,87.80605544775219
889.0219059118737,502.89383242779775,36.15466242326121,88.6177440893391
890.2217910155334,507.79523498328047,36.44894562742539,88.93214650553426
892.9275489968181,512.1319112688619,36.498160694366604,89.42307291844116
893.9303184010964,517.5746651818883,37.19868467954163,89.46201978141427
900.9810607303302,523.1594135546993,37.665420159623835,90.12530864217658
902.4519886514636,527.9655014938949,37.75623409999571,91.35536737529664
904.9378740119156,532.0358008648476,37.986912700838516,91.51338218167002
907.1820535840463,536.2443928542672,38.2445385877049,92.39192497895392
909.3869187991153,541.8509282099109,38.63558368552121,92.21797303445119
915.8056554416848,547.3071465221689,38.850024615469884,91.89682879122185
917.3014803641469,553.2591004455253,39.01930087413778,92.49697215300506
919.6238642956633,558.1240458332388,39.06451828637351,93.58419811494366
922.1687890989446,562.9422947936339,39.801859078980804,94.15001266363606
924.7210833613632,567.8238113162843,39.93119303568061,94.82434324290797
931.8957964940274,575.5658298078177,39.94857852267132,95.38634584113989
933.3266600580215,583.0546397108405,40.675199783355154,95.51432925317297
935.7516498213902,588.1599880769714,41.18549838619542,96.06336762833298
939.3972444553452,593.4859944232173,41.314138963713624,97.09125510521373
941.9687455714122,599.121680388803,41.293133611157444,98.20201475058036
949.7710351716652,608.4418231414656,40.99246943445521,98.11563854701312
952.0979674465539,614.1057520999012,41.09100957446655,98.9996660824124
955.8073529070476,618.3571212097856,40.91592771369028,98.9786011033051
959.7320297213962,624.3276265787188,40.55310486578544,97.32488761427925
967.1402517632864,631.0221365293928,39.64809400191471,94.65152399344878
973.9963270271254,637.0807108902331,39.30820833629708,90.90399750229793
979.1753725248913,642.5942786857147,39.62714313574838,87.38307080797188
980.1068832794953,645.5264351948217,40.34285006396418,83.90912648978508
977.5595549374149,653.3054292349713,42.388624263688854,81.08110743414427
972.627836246453,661.2291489027486,45.29280785761819,78.11215568556463
971.1895255800872,660.8394177344013,45.418459303569996,77.98918730908264
973.1530456840611,660.5378455395997,45.428395766841014,77.97968601301285
976.5628007169852,659.7317558129864,45.42937844543862,77.97876255333684
980.205690150128,658.1531273471599,45.42971808653836,77.97843076466823
985.6084254542308,655.816458521314,45.43010322937045,77.97807857413602
987.4679280986181,654.0924785926202,45.430140718610886,77.9780337089283
988.963894978274,651.7670774849211,45.430176306299174,77.97800231760645
988.9884339397254,651.0401169886468,45.430207477241375,77.97797505080146
987.6671882142326,649.4567677030136,45.430230237354685,77.97795442384096
983.6894424014049,648.4815648725607,45.43026512930656,77.97793374464355
978.9665661933041,647.1125099111495,45.43035123233687,77.9778835341042
978.3531496714446,646.0628942393578,45.43063310093808,77.97764211653345
982.095150566872,643.2389076192957,45.43067395458419,77.97759938070539
978.3917582740426,641.2963113033765,45.43078701619523,77.97745108351255
975.8523460419458,639.5201252502594,45.43174683347697,77.97629321194812
973.5569798156871,637.9152356075942,45.432190646925775,77.97544875612847
969.0511219415597,636.7566011993471,45.432326881630765,77.97511183875149
965.0336514036221,635.2078754870325,45.43274876194938,77.97419747968905
963.4780290523131,633.835831971182,45.432791701414324,77.97400751096293
959.7715707593883,633.24862563113,45.43292800238247,77.97373042132207
957.5334549544327,632.9377393092906,45.43296523057961,77.97368488014821
956.2651205117136,635.3477761608577,45.43305689128657,77.97359275202618
953.4031133350998,635.6124366676032,45.433238637244706,77.97336118937143
950.4325244543903,635.5417339751575,45.43348460163611,77.97302592432429
946.7538905335815,638.8351641765138,45.43332579988215,77.97297944830844
943.4719623026892,639.6071286909745,45.43371809693279,77.97195932632381
942.6657364289562,637.9832189448924,45.43392380786931,77.97162107884846
941.3245628371953,636.2747049633084,45.434091778820765,77.97133880413207
936.7547995229386,634.6672969028097,45.43416738041786,77.97119816472315
931.9069770249765,635.7284495771713,45.434192793212084,77.9711567243859
928.5093690295754,636.4485255341394,45.434283776385044,77.97101690780848
925.177620852553,636.1828645667749,45.43440046124024,77.97081519761329
923.110408957423,635.6892099874449,45.43456741174809,77.9704904723204
919.8353351983355,635.7478538341746,45.43462843166253,77.97042920814437
918.0799247724165,636.8268406004927,45.43468301572427,77.97033669700785
915.6204893445247,637.1673294599798,45.43478260457058,77.97017068123898
911.7321040109908,637.3634451251704,45.435037310944736,77.96977432514655
909.9622415430168,634.9594288613092,45.435084865377256,77.9697247491397
909.0180548642461,632.2386318696518,45.43510904746553,77.96970172043042
909.0387655861207,632.482380682244,45.4351607055409,77.9696645296831
906.209399321475,630.9175269163376,45.43537444363371,77.96940484881893
901.6370089933675,629.8636521137742,45.43551322362791,77.96915489072859
897.6107570739006,627.4387564702386,45.43555543841625,77.9690621445967
894.6346975187162,624.5588918235626,45.435563781420484,77.96903868755182
893.1625478800005,621.581524208605,45.435594355391224,77.9689842789478
890.8165411586525,619.3390555033488,45.43564746330946,77.96891631073693
889.3266846817136,617.0728644230899,45.435946669399726,77.96867756442506
888.9357342351416,614.8156538986641,45.436358011476315,77.96838675643454
889.5278726606717,613.3287381913818,45.43699515329792,77.96794019782395
889.3749944097772,611.4558401368108,45.43717458556606,77.9677760713703
888.3957872168158,608.6520683376425,45.437285281532034,77.96762504385251
884.7719595970354,606.7506873545755,45.43734711823018,77.96753199518545
882.5875774218586,607.5245998040116,45.437973632127644,77.96678320238465
881.1878205406355,607.3132259694321,45.439241726162734,77.96502536955802
879.4634681206671,606.9256844441285,45.45299120759408,77.95073150566427
879.2220457301942,603.8173779045953,45.453251750487766,77.95021535423125
878.7223657225633,601.9193695561568,45.45330103386157,77.9500978176335
880.9588423916947,600.4538490714946,45.45341116453193,77.94987247912721
881.4901498510465,598.574351946115,45.453467191949485,77.94975914016462
880.2250244897627,595.0771352821936,45.45358800500163,77.94959837087
877.4648013599112,592.0509189248503,45.45376677813228,77.94933295018058
874.4001547672406,590.480990580597,45.4539181559175,77.94906007249455
872.155745000804,588.2444900362491,45.454164614449745,77.94855900207175
871.6943827959107,586.7622826576635,45.45433709428583,77.94801461465072
872.1673162031307,586.403539228862,45.45455144134474,77.94774835993749
871.1155553577884,586.322041091475,45.45462736367304,77.94768097444752
871.1283009209108,586.3596930574008,45.454792522192854,77.94757485104034
869.696101693926,586.5881639382459,45.454951283474166,77.94743235807276
869.640957069681,585.0314891510814,45.45510051379912,77.94714353137024
867.0063532077136,585.3562151720935,45.455113634767805,77.94711014140371
865.219008970121,587.3691588829626,45.455120351072395,77.94709208917251
862.6312968233325,588.916141903633,45.45512912874964,77.94706272957887
859.3856179854128,590.1961943613957,45.455151412590894,77.9470235603609
854.8578586708115,589.7998813043657,45.45518527006478,77.94697787476116
849.7487640323304,589.4427294903962,45.455222500823254,77.94692025229972
845.7433948181529,589.4446684515409,45.45535893180289,77.94674000636164
844.206781313105,588.5001918349002,45.455463678944035,77.94655895180873
842.7295829138585,586.8102591103515,45.45556818007375,77.94634250889274
839.8884142828116,584.9018188471139,45.455618702818114,77.94624458077796
838.150974688093,584.3694977785266,45.455636031980085,77.94619839302436
836.2071086721305,584.254750147613,45.4556510553144,77.94616293294864
833.6110207871955,584.9943793280127,45.455676232380455,77.94613640656097
829.8186475084232,583.6684732956269,45.45577275025226,77.94608275058354
827.3100153970173,581.3457170236843,45.455839840953395,77.94599592923431
826.0552489651855,578.8696383743966,45.455803536526226,77.94593803310764
824.9182348246768,578.0173992437093,45.45576894561053,77.94590274467751
822.0715735166764,579.379924552441,45.45579942065062,77.94582866682605
819.5559827502079,579.6261860444205,45.45583061255355,77.9457652184658
815.1584544992587,579.0270814698183,45.45592709247948,77.94561666636858
810.3690121179918,579.7449496549184,45.45600402420259,77.94551645892632
805.083424302947,579.3855242890638,45.45609086339868,77.94542538288849
800.6949037952146,579.7378025454113,45.45615433980099,77.94532519953923
797.488777956453,578.8885983731797,45.45616932680305,77.94529227698905
793.8209936405584,578.0578906878617,45.456201955479315,77.94522233325578
788.7834825234594,578.3081387252462,45.45622438041241,77.94519510862257
782.916238533021,577.9189549350937,45.45624580855478,77.94515994320376
779.4800254471862,577.215030334459,45.456275987945304,77.94509438674467
775.8677912206805,583.9518778920469,45.4561803654868,77.94517227419335
774.1024311859875,588.9790241823472,45.45519434013093,77.94552141722562
772.3257401908784,594.3374784202456,45.45493572633002,77.94553379409001
770.5851283153278,598.0299547512991,45.45446883221324,77.94558851342198
768.4353059687271,600.3783407151718,45.45438990023153,77.94556198133712
765.8026059767491,600.666083301493,45.454408547975326,77.94552228188877
764.9147389727237,600.4816462419717,45.45441957552681,77.94550894665997
761.2331645479165,599.4579825466712,45.454434517822975,77.94548974531143
758.0543101525988,598.0438130710436,45.45446060353311,77.94545597966307
755.203983926548,595.8329666206466,45.454783275056215,77.94525623748228
750.6874283158603,596.5050799056055,45.45492120694166,77.94516471356982
747.0867505668681,596.0365873521768,45.455018999237666,77.94512820730617
743.9923034500744,597.0301096209503,45.455031835577756,77.94511179170732
741.0335424994183,598.242987690743,45.4550532409792,77.94509112575466
736.9541577169748,599.0984223676295,45.45507990120308,77.94504828813312
732.2616762908182,597.5580468826457,45.45518366843331,77.94489882742141
729.1058784598735,595.4811087413868,45.455201056549726,77.94485302894554
726.1163791141787,595.1966063105832,45.4552058552695,77.9448312415546
722.7674745761892,595.3342972136484,45.4552414746749,77.94477631325657
718.5127346451857,596.1801908041853,45.45526851685779,77.94473798968112
715.8665706773083,596.8610785003839,45.4552914599368,77.94470342484428
713.3078578155275,597.1343349733759,45.45530890789407,77.94467149215814
709.5729695715679,598.3352609370021,45.455289215088314,77.94466478165684
708.8787406302428,594.8558104857428,45.4552779977401,77.94467715344418
707.8111792122077,595.7922592341486,45.45527471991858,77.94467930816029
702.2981478044618,596.1827005503654,45.45528792145784,77.94466031841907
698.0237930924277,596.5788308562442,45.45533992822865,77.94455765467862
696.2092717201095,597.0352717064474,45.45540608938399,77.94450767796224
690.7391788005926,596.9526590159412,45.455453111584305,77.94446582989431
686.4270245095214,597.2380601090754,45.45547122741816,77.94446120622513
682.5985834005415,598.7807133157302,45.45548164972373,77.9444519006122
686.9807205921425,593.9438159392499,45.45559153623611,77.9443574934165
684.2675374881304,593.1875566104304,45.455618117948035,77.9443108958904
681.497061140436,592.0602518412431,45.455627667584835,77.94429368331896
680.2721191080049,597.8620999740726,45.455590601313155,77.94429424077997
678.526620165653,599.981268728661,45.455560415567206,77.94428328113337
676.0621960804582,600.3269025262584,45.45557462446986,77.94426100339747
670.1438173701185,598.2450220271451,45.45560490281525,77.94420888745807
667.4333574421298,597.8114738770188,45.45581800983025,77.94382747269518
663.402764887768,599.8761092439113,45.455882131615354,77.94364371019311
661.7179398403385,600.4627605670396,45.4557593154024,77.9436748280128
661.9463836106167,601.1468114440595,45.455637694769905,77.94370196973254
658.3207013804683,600.3295661211806,45.4557132642281,77.94357719419516
654.7521870459017,596.7871317279604,45.455875363842246,77.94333340891914
655.3307385365226,598.9068117198024,45.455885577066006,77.94328368982275
654.2323878453274,607.9886103068097,45.45584680900492,77.94329697418189
652.9788313978744,615.3533054302712,45.45575564812467,77.9433416942999
651.3139453606125,618.2208557635338,45.45573665361775,77.9433331908608
647.7968234048745,618.6457783677939,45.45571838476524,77.94332910019935
639.579270565313,619.0713871576835,45.455755933395196,77.94328521932246
634.1460702959788,619.2987682617431,45.45583776936581,77.9431916820958
628.8389856575052,620.2819976505026,45.45584460124466,77.94318514552089
623.4578812139387,620.0432842813091,45.45587125265993,77.94317060282754
621.0229116068954,619.28994577074,45.45607045743878,77.94299523558384
621.9430771805352,620.8923778147943,45.458394849671826,77.94069014176847
620.610668433799,627.4343650104497,45.4574017581222,77.9418845889586
619.5939678166997,634.2376760122138,45.45715307090347,77.94205980375317
618.8281790265501,639.5302074817552,45.45680819160037,77.94222387730478
618.0225314956225,644.198120761726,45.45631402692359,77.94225852341758
614.8037650392251,643.1905001685939,45.45635027757829,77.94209667737915
612.8001047382638,642.821221234963,45.456391006606644,77.94197579126494
610.8910346231155,641.2910800598389,45.456644884364216,77.94158752727053
607.035039484654,642.4802033805747,45.45685795105175,77.94115494028809
605.6270853607061,642.1928144236803,45.457124080493465,77.94070016946476
603.1322756148286,640.1718201938569,45.45724257279788,77.94051667400274
601.7443540136019,640.1134918254867,45.4572626589489,77.94047001221757
599.1446870493027,639.0794282959029,45.457292960533046,77.94039886734468
595.9010979472326,639.2117163502134,45.45731572720368,77.9403512716784
595.028456212717,637.6750310404882,45.457329301635035,77.94032425471505
592.2806278503989,635.2060411993327,45.45734479473431,77.94029419810376
591.3531930636818,634.0664586227427,45.457404249493294,77.94021755097556
590.6439500727579,633.0217741845036,45.45744977018242,77.94013654494655
588.2228571087714,631.3261280881488,45.4575160043992,77.94002911569271
582.2787842993121,630.0646978228947,45.4575791190454,77.93989751210661
578.1660456672003,630.5640582977869,45.457787065642215,77.9394848036895
573.5660358519251,630.0402293380528,45.45788127352395,77.93934695060541
568.5054807675766,630.2708872895305,45.457891970174984,77.93933699376149
565.6232199377793,631.3909411976458,45.45793065476363,77.93929665952552
561.3935517780519,632.2897519333849,45.458028921850286,77.93909282873354
556.8993483989553,633.7090663718482,45.45805143321725,77.93904360650039
553.3612761050331,634.3786858728295,45.458056094151296,77.939016068466
552.2816229454295,634.603497314181,45.458070192289085,77.93898336210682
550.3851710706158,636.007694678232,45.458056690329705,77.938979489794
545.9598271198727,635.6252380964429,45.45806328688418,77.93896103420491
542.0380039233842,635.8223701159408,45.45805743147857,77.9389546300875
538.2137573968322,635.4001785517577,45.4580829438417,77.93889938441102
535.4145436481741,635.3056619177977,45.45820855364559,77.93872265467714
538.5193828695396,633.8479319373363,45.458364686567684,77.93857969316029
538.3440375879452,632.836046392204,45.458247821396526,77.93849819667875
537.7005124297765,632.0902292339692,45.45817266947973,77.93842196951569
534.0120312579334,632.340024896372,45.45825484425141,77.9382584401203
529.7483277799749,633.2415180518947,45.458362872861024,77.93809483815862
526.5747820199468,633.4285503760672,45.45839180517912,77.93804128915215
524.6832358997254,633.4727041339692,45.45841395818909,77.93799537765726
529.4337496320885,629.5355148751141,45.45845365502302,77.93794753046868
528.1932066641298,626.6020649961829,45.45853010760314,77.93780045529275
526.4670598422335,626.8963584689114,45.45861451715781,77.93766930607737
523.7729877118712,627.3894256532335,45.458649093892106,77.93760992150696
527.3377514034166,622.4887261609981,45.458663107896015,77.93759441623162
523.7822393677109,622.8191911867032,45.45868330357511,77.9375597720213
520.1825700482892,624.8167426965324,45.45870877866109,77.93751767307829
524.8354071866846,623.8402834081922,45.45886736472416,77.93737824537924
530.1014948587137,622.7174531259816,45.45921612955266,77.93700776388685
535.1428789033424,622.0677888218131,45.45925176649168,77.93697621616462
532.9010683937007,622.1782855653064,45.45925738736818,77.9369632541948
528.8611753480076,622.2808248442981,45.45926385381536,77.93694461199246
524.6464580862493,622.3364457529433,45.45928744288375,77.93688753327852
528.3477889632167,618.1489370918947,45.45963796464472,77.93644423068085
526.1504537882981,617.437063272857,45.45969695583931,77.93633203408518
528.3869492922807,618.3547140933964,45.459741760252,77.93629364526457
522.4260333229494,618.5237116966853,45.45977213183708,77.9362490259596
516.284950159275,619.4452743582651,45.459792959002584,77.9362207935209
513.2638820729312,618.6731637169744,45.45981058234341,77.93619742907639
512.9971213236598,619.4767509877147,45.45996873860098,77.93607259119376
511.42308254068865,621.5653770596684,45.460122596581265,77.93592062886589
508.43382366604226,622.8629632119212,45.46030258113416,77.9357893609663
504.74659490853196,623.566627459398,45.46037712343741,77.9356948194886
501.5193022012132,623.8937159125807,45.46043849785285,77.93559401251908
496.821152990048,625.5879101446963,45.460493824785246,77.93548522472531
491.38058273876607,626.1497773613387,45.46052508967814,77.93540766037492
484.5765520389535,625.9613521166525,45.46056475315833,77.93534582412656
477.7462241695935,624.3542338416518,45.4606760964315,77.93518947366117
472.28763991547805,622.6640611885495,45.4607436982904,77.935095021565
469.55180977736217,622.9585058189383,45.460803441990336,77.935038616012
466.30697678815875,623.4444602159979,45.46083395286786,77.93500566827878
463.06167732677784,623.8880189852118,45.46085946941021,77.93499466766973
460.2637601855571,624.9667052761549,45.46089287523427,77.93496356603863
456.6851324086884,624.844767509773,45.46091900544874,77.93493067859752
452.4705581392586,625.5041108882928,45.46096273931567,77.93485005978724
449.5178257730822,627.1765084169592,45.46097331288546,77.93482448029874
448.513162222743,628.0207810674116,45.46097753186529,77.93481129342292
447.1075344354584,627.4056817149358,45.460984327137645,77.9347954025798
444.2680844299311,627.9555605984192,45.46099840145517,77.93477301483192
441.60632265940234,627.3805200127985,45.461014633552786,77.93474501420616
439.8831763390971,626.3504105818604,45.46102584105776,77.93473052151377
437.79363085945806,625.4330686581397,45.46104823496715,77.93469566473136
435.3615262972111,625.6641981160408,45.46107107253472,77.93465595740817
432.9075842899994,625.9140157503266,45.4610990994093,77.934605840509
438.55361407429757,620.4929601288741,45.461149020253956,77.93455590482507
437.53477936169025,620.8414392617511,45.46116571452685,77.93452149103781
437.21420781254716,621.0659562775958,45.46116996117043,77.93451380555531
436.46833528889124,620.6791802360996,45.46117847722457,77.93449725832915
436.10728462882844,621.2984422312076,45.461191341196354,77.9344799428798
435.2693089237753,622.7651397618058,45.461214516248525,77.93444879617311
441.8537317079018,619.3621996154932,45.46126943780275,77.9344056268841
448.7547268731102,615.8266317022419,45.46131634646069,77.9343634939447
446.01619631095775,614.0771391244416,45.46133193472428,77.93433927874135
443.39898952621814,613.9184828046474,45.461349046531346,77.93430549446538
440.67090038866036,613.9281634973001,45.46135580904322,77.93429099640562
446.1739395628749,611.0532356742262,45.461385744610645,77.93426442133152
450.98699794320595,609.313326477012,45.46146775256427,77.93419723760461
448.95579168236026,608.3823791935071,45.461479456384595,77.93418324958371
446.46527534913287,608.4154473160623,45.46148404285286,77.93417713595623
444.9045069094812,608.2613488156153,45.46149396559797,77.93416486661128
443.2640706491622,608.1751725823949,45.461512022658695,77.93414001490838
442.5764331918581,607.6863379987574,45.46153230622441,77.93411794902526
441.7568286833016,607.9232141348805,45.46156102071742,77.93407424678257
440.838428100905,609.4774958644,45.46158294871712,77.9340346334162
440.09598474217296,611.3277765520344,45.461607934651916,77.93399162782207
438.6533409424916,613.37377593504,45.46163185260302,77.93395138460723
437.1038839956203,615.333575477023,45.46165329601288,77.93391654777258
434.7833746593395,616.5257260466989,45.461662637825,77.93390109682122
433.2415437965417,617.1193520631798,45.461676635454296,77.9338794124465
430.00571556864986,617.4400112014391,45.46170680949965,77.93383594576508
426.28874247748297,617.3595654610438,45.4618465724609,77.93366204181035
430.92937741227826,615.9646552143965,45.46196307829752,77.93357722542756
427.86418659753474,617.7747996535712,45.461993641195214,77.93354357893556
423.85848216369436,620.1332768868052,45.46200800814353,77.93352903861498
420.6563900231444,621.5727314916627,45.46201653088169,77.93351988001699
417.7057385048875,621.6111550426074,45.46202581281781,77.93350871592567
416.1252133109864,620.3503185322944,45.462040901318886,77.93348826845762
414.2571140205259,619.3186486988069,45.46207133610657,77.93344912455017
412.44180469401056,617.9315375046563,45.46209192089981,77.93341695238091
411.44936800822546,616.8881919212519,45.462094977871985,77.93341244810819
411.8804042846108,615.6533961072568,45.46210347597415,77.93339743814356
411.9400332586491,614.8078834216153,45.46210752285534,77.93338300878254
411.29633154774757,615.0673580258491,45.46211463289854,77.93336077842635
409.63693962004305,615.3531754294664,45.46212474181713,77.9333368987734
407.63834169658577,616.332844695473,45.4621410805224,77.93329876558697
404.05032972882935,619.0220290199039,45.46215393052496,77.93327274520404
400.82401834778585,621.2748308564805,45.46216619990572,77.93325140466187
405.1661942077416,618.7984008407503,45.46221313111722,77.93321388744673
403.04189366289825,620.1121874803139,45.462233765023896,77.9331847729773
400.79252100360003,622.5656405591478,45.462273696504894,77.93312084705991
399.3559049802197,624.8891457715308,45.462303896189184,77.93307115761489
397.7265770266334,627.2348581105264,45.4623261897754,77.93302888776579
396.16365894385046,628.9125897552146,45.46233742705754,77.9330054997414
394.37757244149327,630.6138112784855,45.46234708834228,77.9329865502606
403.10577529971664,627.8132087075526,45.46238515851665,77.93295439506852
410.28732838782,626.5581078614014,45.462479169993024,77.93288191554174
408.5052950061075,626.4716404460378,45.46252339237193,77.93281523338364
406.6195783302058,626.7354500441973,45.46255843828233,77.93276324487795
403.227453204396,627.5885569570626,45.46257464296597,77.93273988602834
401.5767699223325,628.1867524231242,45.46261111752381,77.93268629616718
400.24919070769573,628.8826229515059,45.46264917402512,77.93263227496429
398.48135041868983,629.3302209284526,45.4627462559432,77.93249340324725
396.9350684639911,630.2336980913087,45.46284857934213,77.93233968140163
394.08492368850216,631.1641174014633,45.462895610941395,77.93226651824577
390.55104939467645,631.7735841956953,45.462949534591274,77.93217019098158
386.5912868699863,632.8135331194533,45.46298567711133,77.93210942728237
382.58691010266506,634.8230284504634,45.46303597994217,77.93203060379348
378.5533383922048,636.5152638834724,45.46307601493745,77.93196511230252
374.3592306763964,638.226441960161,45.46311548219881,77.93190357562459
370.3722416013986,639.2120228627995,45.46314372298412,77.93186832674407
367.27896638909283,639.7136012045331,45.463181200513176,77.93181382661881
364.8518404243173,640.0677007202278,45.463211786070175,77.93176959278333
361.904271298774,640.9379599954154,45.46323656898656,77.9317318230096
359.9336577099125,641.5533752648715,45.46329734580014,77.93160869109515
357.2830111901049,641.8893836087035,45.46332657621118,77.93154544314365
354.73847350973114,642.0557509458799,45.46338216156815,77.93142587608872
351.6202361296023,641.9670053047086,45.463428661022604,77.93134173411795
348.24974334454527,641.7166606700005,45.46345649416762,77.93129351526437
345.10704060626125,641.2141496834261,45.463470163179515,77.93127210100018
343.5808229087664,641.2927196087358,45.46347659736906,77.93126050992038
340.8437462576591,641.4511708354961,45.46348496397566,77.9312450178597
338.1413046445625,640.8165324036985,45.46349577271894,77.93122750031321
333.3575648689373,640.1313756917614,45.46354864245091,77.93115635025102
329.43898063390986,641.4438878158378,45.46357750602985,77.9311068297289
325.1914684361467,642.9091012315047,45.463596293951255,77.93107631683083
320.64554029217953,644.2472972182975,45.4636127915413,77.93104924192687
317.885184654392,643.366609197944,45.46362838077603,77.9310241061811
315.14782043770964,641.9573703925696,45.46364825701191,77.93099356873643
318.7000036026036,638.5054609119408,45.46369877445299,77.93095815987708
316.8799063023654,640.0475137700977,45.46389040900226,77.93068804536978
315.32690552366785,642.0348254317391,45.46407703262044,77.93046929552753
313.2435127491266,643.6997433871218,45.464219915840026,77.93028736310997
311.20409844390133,645.4029531573362,45.46443143034323,77.93003485301553
309.062933714311,645.9443672097489,45.46455578469599,77.92987421816852
312.8466304761782,642.0112101273298,45.46462518210418,77.92982056608167
316.6430317390704,639.3896535211653,45.464665712044855,77.92978592837406
312.9489546376774,639.244098043446,45.46467923642515,77.92976178130213
309.07781905903386,640.0594071783332,45.46469470599852,77.92973406957974
305.1445774852642,641.0358494385978,45.464702271415064,77.92971872591531
302.5239872145979,641.797037543925,45.464707638034554,77.92970772770143
299.98636260145605,641.547372828205,45.46471100707945,77.92970151251221
297.0901201177302,641.0331036640321,45.4647164594555,77.92969160019634
303.495305060675,637.8534683492203,45.46472464821188,77.92968498143729
300.94155332886777,637.2685280325134,45.46472851236954,77.92967819133591
299.61069160535317,636.8808867554444,45.4647328756127,77.92967132916064
299.07475575712186,636.2836239556405,45.46473913266039,77.92966119649923
299.11936574889535,635.5081331543247,45.46474388997621,77.92965376733895
297.96458052619784,634.5230160578463,45.46474688389422,77.92964998994363
296.7663122323844,633.0971559027325,45.46475093596815,77.92964424502586
296.15021666329284,632.3061335834466,45.46475611433524,77.92963629513497
296.0744158777046,633.5094263928694,45.46477341789541,77.92961348146504
294.8974724971787,634.5185173083125,45.46479360179886,77.92958913272601
293.4789799729516,635.9231216987173,45.464828109710396,77.92954439915765
291.50134767271663,636.3897855395724,45.46484697691927,77.9295216233391
289.3383685475011,638.1097143404571,45.4648655720464,77.92949837787741
287.09629077445163,639.2208390730258,45.46490217969924,77.9294538363699
286.107757933009,640.0059258743663,45.46491636607876,77.92943549663586
285.0304389620142,641.1210601289879,45.46495845617019,77.92938706681488
283.7856236517241,641.3398897903135,45.46497673582327,77.92936385137007
280.7512608947902,641.6141090176252,45.46498620049675,77.92934666044135
277.68718758534294,642.270495207799,45.46499523089033,77.92932628853181
283.1048291207476,640.0335555058533,45.465028818100976,77.92929297651128
289.1821238381314,638.1506123925325,45.46512058908288,77.92919538319144
293.34205828469493,636.1844368077153,45.465230409945136,77.92909268205237
296.06523641943147,633.3858573466271,45.465375395507415,77.92896776404962
300.4832798532536,630.1696027630545,45.46548733462588,77.92886689625203
303.491129008521,628.0234971604376,45.465711570477815,77.9286748803553
305.4688454357862,627.2116758061011,45.4659981869252,77.92843446086223
308.28542089192274,626.2337908089095,45.46609035860597,77.92836553655961
306.470788337359,628.7233536238724,45.46610851758388,77.92833536561798
305.4734078495301,630.965289098917,45.46612197374859,77.92832061670074
304.2990689704485,633.145852485607,45.466133779229324,77.92830739159977
301.55755037060896,633.6827905360503,45.46615734899497,77.9282792998224
299.414490758729,634.9520886492369,45.466176662018846,77.92825514643202
296.4019022118712,636.223396643617,45.46619678094207,77.92823001422393
293.1085424858774,637.1055864206477,45.4662076872447,77.92821756373924
289.1938388935343,637.3815653032025,45.46623435969344,77.92818390808858
286.76039917894525,638.0076160822667,45.46624338558171,77.92817387694525
283.6553908039953,638.0674683613854,45.46625818998598,77.92815028216461
281.3234363938642,637.7178581952654,45.466266158044874,77.92813440024354
285.6042510885692,634.3806331362579,45.4663166087228,77.92809215909725
291.22680157843894,631.8837938084725,45.46635188996962,77.92806363464486
290.4427107215164,633.7561356487518,45.46636067214354,77.92805368302918
289.3879510185417,635.3103664323993,45.46637347103734,77.92803799853151
288.42689052439727,637.0507142345044,45.466392127210966,77.92801165434615
286.64250246981413,638.7928612790485,45.466408318164284,77.92799242945497
284.66559697162955,639.7068526463884,45.46644152446387,77.92795576163138
282.23343191661905,640.5817565022762,45.46646613826906,77.92792882397237
279.66054503840934,641.3414471289344,45.466506538212734,77.92788582081599
277.0691636985561,640.8397570548565,45.46655189461592,77.9278356024559
273.68749098121833,640.4278262533879,45.46661407657546,77.9277574647351
270.9025699395042,640.3067771877395,45.46667628710938,77.92768624564623
268.75523074380425,640.3993030614174,45.46675896012546,77.92756979983282
267.4663190502485,640.7988640880978,45.46681569036138,77.92748252077541
267.85702405835906,642.0068314222757,45.46688944355711,77.92737369623062
267.5611564311196,643.0587904458117,45.46697677504322,77.92722042157389
267.41913758248376,643.5967084320632,45.46709543592659,77.92701249129196
266.9766208553512,644.7709143218815,45.46718671623385,77.92683393461684
267.43276458793196,645.1706103348915,45.467292463390756,77.9266441719518
268.13192768132905,645.6834231217063,45.46736419911249,77.92652461791468
268.09935032229896,646.1541110862228,45.467448809593414,77.92637511166849
268.3884077707507,646.3103357606096,45.467544862587665,77.92621756387055
268.26651887862283,646.517741109642,45.4676842803826,77.92595505425372
267.87590294725055,646.893038510046,45.46777033204626,77.9257978111429
268.83779196150306,646.9873861427824,45.46782376640132,77.92568630712394
268.96366625863874,646.8483143826638,45.46788313001765,77.9255795503186
268.66429727059636,646.5491239533624,45.467949431374024,77.9254558656171
267.7672652641118,646.4945624631697,45.46799434129285,77.92537308594078
266.1408105929234,647.0505596658785,45.46803622341884,77.92530106383144
263.1882875460552,649.0273234372895,45.4681283605512,77.92514647633182
260.98212475809135,650.4838122087585,45.468208662888834,77.92502885008074
259.1136350903045,652.5688622208816,45.46828719203552,77.92491984222272
257.63017807260843,653.943545427736,45.468364536524945,77.9247826212475
257.42794467083905,654.2502582727817,45.468477423418655,77.92463132662202
256.82026031390456,654.1514057266211,45.46865274644142,77.92436464281533
260.95077056164484,650.556846333702,45.46881980436656,77.9242448803747
259.73038288934697,650.9870253424094,45.46891750614014,77.92409442063807
258.6984136093597,651.1870552553598,45.46897228468152,77.9240228287803
264.0962700829986,646.3700174418585,45.46911104486223,77.92393746029957
261.32341695811266,645.9553348830411,45.46916919664217,77.92386490484262
257.1615094447397,645.5736472798303,45.46926043035835,77.92376201096427
255.50126266141726,646.1245532819507,45.469426953469835,77.92353467965125
254.4105853797938,645.6612656358274,45.469502095864144,77.92342708243645
252.4839107616917,644.591955662247,45.469561489462684,77.92333009348599
251.33335467769143,643.3972645365196,45.469654942558456,77.92317691784714
249.9369266902716,643.6319123691791,45.469731233331316,77.92304914069275
247.81307026414166,643.8352972149576,45.46980109166422,77.92294557896315
245.48133402570323,643.7112207839069,45.46983715572982,77.9228897990586
251.4724410445335,637.8372804189855,45.46992196908244,77.92284095584223
248.31103331127284,637.8074070982634,45.46994967391555,77.92280774465786
244.95483021524288,637.4170514525579,45.469987377663685,77.92275725771432
241.0125238908123,636.6885237752272,45.470039441502855,77.92268587573479
237.63582446844995,635.7748936244035,45.470077537936554,77.92263799943407
233.41638393494026,635.6361245416919,45.47011869254138,77.92258490656984
230.25318803832513,636.0763741426388,45.4701793471608,77.92250936972279
228.10958367732223,637.2226810895068,45.47023625565953,77.92244103300887
225.4652773646274,637.9522597061928,45.47027656964782,77.92238190029907
223.05792087405177,639.2402763095547,45.47033186265822,77.9223121907371
221.51710881811852,638.706966978614,45.47039965433432,77.92221179744271
219.23945560513084,639.0390103286907,45.470468787066224,77.92208740188164
216.62682284498234,639.2325400786619,45.47052125652097,77.92200521688802
213.7773595731806,640.3738115271271,45.47056760450678,77.92193278466414
210.8370070540431,641.1862209137341,45.470617354085455,77.92184722105992
209.1542015293289,641.6396636589491,45.47068265384956,77.92170650878644
207.86710912221378,642.5025971779952,45.470727157792325,77.92160875208155
207.19991701662428,642.9466526519844,45.47079773791358,77.921468132434
206.38039989644065,642.0915002553028,45.47084252973347,77.92138295406436
205.05877508937775,641.7750485179376,45.470893653716494,77.9212692464443
203.36854954508718,640.7567381540349,45.47097174119897,77.92111223949331
207.2170565139579,637.3913445843824,45.47122056743456,77.92090324690142
211.7408618562055,633.0842302401431,45.47146335278804,77.92070246150286
215.68413825779763,629.087622439107,45.4716622013677,77.92056755774641
221.00685912950064,622.9837963880917,45.471702521255104,77.92054754063632
225.7758264082132,616.4871038891023,45.471756626549734,77.92052624283885
230.71985896564118,610.1978429031765,45.4718026261957,77.92051027371141
234.32547966269448,602.2031226490782,45.47184539270314,77.92049555882447
237.12415560587044,594.779047841475,45.47189464847157,77.92047298622572
239.95490292932442,587.5120659423052,45.471937171973735,77.92045450764888
242.96139105609473,580.1877942609952,45.471977142340606,77.92043925363062
238.5094356986728,581.4133069090715,45.471996293768925,77.92042060840286
232.74511628985118,581.1661347758704,45.47201248415387,77.92040463649113
226.96435056779944,582.1919080115593,45.472041471592334,77.92037374433691
222.93877843148138,583.0949189345865,45.47206784719475,77.92034462079403
218.78532138701917,584.8683023467121,45.472094309471224,77.92031761320854
214.34584789197012,585.511487757567,45.47213791059228,77.92025615295637
210.6555234238546,586.5182022426208,45.472174950308435,77.92022368439011
206.56330537520796,586.7773507242969,45.47222384057045,77.9201730737105
210.95154406167563,581.093532173892,45.47230343632409,77.92012962489876
214.03967808060182,575.7649996730618,45.47235928915773,77.92009871744037
209.21171363601698,574.687675502508,45.47238340842994,77.9200725285186
205.09725259858493,574.1157335194156,45.47240934224179,77.92003905333544
209.13538334683903,568.6233621859154,45.47246181820671,77.92000522344846
206.1026864412387,567.6021120747803,45.472506527387154,77.9199486830234
202.395761797736,565.859002346278,45.47255700534109,77.9198829303724
199.82114660840034,565.2396457621302,45.472598865488195,77.91981893802345
197.39497188327834,563.8877031163563,45.472640519253886,77.91976312277478
195.20527723569853,563.9663978246673,45.47265817134711,77.91974007134722
193.00305635771494,564.4980619287772,45.472678120978856,77.91971259192519
190.78724044875327,565.9176903827389,45.47270650720054,77.91967978411483
189.8606170774706,566.6182660049153,45.47272682650232,77.91965575896222
193.561188967146,561.9543239354598,45.47277857327461,77.9196227988741
192.31437048226704,562.5654671459812,45.472813744021266,77.9195802828987
190.01687819043372,563.4615323979118,45.47284097600333,77.91954687071228
186.71267463417988,563.9941246591922,45.472860618265635,77.91952071530874
183.34082441200005,564.7717347209575,45.472884400180256,77.91948924763123
179.82973646650552,565.6044423483052,45.47291072833362,77.91945339795747
174.79728963509524,566.487092646383,45.472940232523825,77.91940813379509
171.42802478499146,568.3761067357176,45.472961708244036,77.91937816412546
167.8887980219811,569.9657632271139,45.472987442669314,77.91934212453961
166.60533744920932,571.0474582759413,45.473023593706046,77.91929712538037
164.60366354264613,571.8219097441391,45.47305643490856,77.91926022253865
162.18672063042294,573.214159161933,45.47308710722487,77.91921716316556
158.53251308700803,575.0232864962329,45.47312635863598,77.91917519445593
155.56924777484775,575.5971435120659,45.47318145805418,77.91912404082626
152.67199796333034,575.7519736316483,45.47325702408217,77.91905107168297
149.43850547971147,574.9834147849249,45.47334927205114,77.9189466181419
146.01729210836965,574.2440105991611,45.473439836908845,77.91886683563966
143.46547739179655,574.6819545431078,45.473509776036444,77.918801849472
140.1489712814117,575.5644378490722,45.47354165012651,77.91877597622133
137.07238943243485,576.2356599873881,45.473585784023776,77.91872235606061
134.39033934666946,576.6593503593665,45.473616493732045,77.91868350720728
130.80195246787642,577.1797643695709,45.47364245239844,77.91864985935725
126.2830514501133,577.9620693893222,45.47366944825184,77.91862181009661
121.49309258522493,578.2944902394249,45.47370455626343,77.91858850241587
117.59704070660182,578.9280573282275,45.473728387972564,77.91855895051263
112.7880760363039,578.8354281862879,45.473754019156765,77.91853303706131
117.68405369205246,572.1445721857717,45.47380806129734,77.91850828272243
114.05314583006265,571.8840611609188,45.47383827807481,77.91847624335904
110.31271291512546,571.9817417982881,45.47386723966306,77.91844520100224
114.89393121526149,564.9149722380823,45.47391099370009,77.91842318707552
111.56887292320351,564.7804045809233,45.47394546645741,77.91838613095949
107.20775955070815,564.8541732448506,45.47400805739541,77.91832504409771
110.62311791042261,557.6206688090398,45.474054677962805,77.91830529786043
112.09876439446205,549.6488930061317,45.47413528700184,77.91827722990928
107.31968892825616,549.6390871099485,45.474171213920464,77.91823590312896
102.7706509438449,549.0423962131316,45.47421232403937,77.91818763065416
98.25082899876905,548.7693945360218,45.47426156392252,77.91813089957711
92.7815995922685,548.1324019272286,45.47429435916237,77.91809401480766
88.16164013333909,547.4092082064254,45.47432508579806,77.91806388629965
93.36252992289519,540.4293414974443,45.47435329172004,77.91805094348328
88.43060687264638,539.905947199516,45.47437264050868,77.91803201179762
84.09126866643737,539.7008129543545,45.47438484546821,77.9180190227618
79.09905892943904,538.785855982362,45.47439594086378,77.91800695280044
74.37604722409199,539.2921774891402,45.474404947261,77.91799905105293
70.60899038138777,540.2452696720538,45.47443097474099,77.91798195397854
67.45481184741736,541.1665937793517,45.47444844688713,77.91797187433919
64.13727624129679,541.6403085121531,45.4744650708104,77.9179596679529
61.161195139444175,540.8580903309261,45.47447931385279,77.91794862745259
57.54364897286206,539.9967569606222,45.47448902067424,77.9179405214114
54.04474637401755,538.5882311281249,45.474495775522676,77.91793266949904
52.636287353282896,537.8532965340441,45.47450498062724,77.9179196078284
51.29608425342549,536.2087568447869,45.47450866302333,77.91791359815936
49.70598107317256,535.2689753708416,45.47451396990981,77.91790427374926
48.852458495011106,534.276876440778,45.474518339489556,77.91789629185828
48.27445585100406,532.2524532209434,45.47452670882536,77.91788551946081
47.13612775213626,530.5754466463771,45.474540345602094,77.91786472160233
46.59512716812421,528.6539375784565,45.47456247729503,77.91783738434499
45.37668861506346,526.7292655137215,45.474587128277356,77.91781127264973
43.50421451299998,525.0069865988269,45.474605303488914,77.91778902431417
43.649055871701236,524.7889242642827,45.4746211272508,77.9177698182802
42.74124406478773,524.6690782869406,45.474631709690485,77.9177554653149
41.52157811921356,524.5592434303774,45.474640652383016,77.91774641886659
40.42496792654733,524.9104934886874,45.47465735004762,77.9177316848033
39.42507486330294,525.7331782267885,45.47467796120895,77.91771791004767
38.394160994835836,526.7880412814688,45.47471356290451,77.91769104995448
37.606455572576216,527.7931095499235,45.47474694312932,77.91766083819479
36.658020889677275,528.1296618210789,45.47478265070882,77.91763405801085
34.51392203442523,527.8705506703882,45.47482337497634,77.91760887423143
32.451154043712464,527.5459613326209,45.474854862688495,77.91759020975461
31.61256175056975,527.9269605166203,45.4748700067971,77.91757905107572
31.396988637383078,529.3040858863762,45.47491303345006,77.91754355204232
31.68206558961197,530.7294445462879,45.474972268049434,77.91746843650363
32.4424577354026,532.4437821107596,45.47512780343351,77.91726654173704
34.77020330794595,534.0571724205759,45.47529013506189,77.91699692369137
36.774189605538176,534.2330227366688,45.47541900319531,77.91679710069829
38.246079070809685,534.4968076565186,45.47561480600495,77.91654275839694
40.18614121677573,533.8092846560596,45.47573286179015,77.91639623631228
43.15539957789388,532.275056581929,45.47582764696962,77.91627032662052
46.25291210672856,530.5388450468683,45.47590575778782,77.91618043630797
49.403899263486586,528.5196911175307,45.47596153078909,77.91610624160818
52.93842616770794,526.3497815150652,45.47601525484761,77.9160387811949
56.44657069624358,524.0125378678005,45.47611985927534,77.91590878522742
58.70743736146847,522.0963571778434,45.47624188313465,77.91577757519107
60.82015005305223,520.0188427809144,45.47629276492074,77.91571842120355
62.47892357305558,517.9963521387984,45.47639795040843,77.91559853966405
64.62401488311384,515.559546141939,45.4764699231874,77.91551897454502
66.57854371318793,512.7040464118169,45.47653997528899,77.91544742038487
67.27510000554213,510.5444599654975,45.47661276770156,77.91537163672365
70.01652882787585,506.23551107534195,45.47660615147653,77.9153809664122
71.4274213953736,504.15700897827776,45.47664485185394,77.91533550462626
73.92273154443554,499.73080769397836,45.476638014270826,77.91534492289537
76.79826872133363,495.740774298319,45.47663129887186,77.9153516136587
78.2078003517187,494.03494530859984,45.476676285858666,77.91530028447283
79.42515664806918,492.33632477105425,45.47672116424233,77.91524993767369
80.47815820893567,490.13057020002645,45.47676352705218,77.9152056968558
81.69722998246758,487.6920549507871,45.476807340751925,77.91515813899896
83.61931115914956,485.06149937995923,45.476874685569086,77.91508172724902
85.38239025999468,482.57924451352085,45.47693203716257,77.91501855363168
87.8071501938474,479.7384136680642,45.47698911953034,77.91495331201932
90.52484008880776,477.2531355779155,45.4770379489944,77.91489172116803
93.34189001478082,475.19179393655924,45.4770623760705,77.9148614380541
96.5290466697985,472.8825495811489,45.477095799128406,77.91481749125145
99.3948557196966,471.28312889549517,45.47712280660149,77.91478629633582
102.14205226341898,469.48027905926995,45.477144048685545,77.91476306458098
104.17212468918886,468.68389503046365,45.47716507925636,77.9147396840908
105.72667654666478,467.71102181238916,45.47718840898227,77.91471537973075
105.76853522411027,467.3523788326374,45.47721882100328,77.91468632105726
104.99448674831581,467.12197275710014,45.47724069267429,77.91466587630661
103.27628553958931,467.39131165344037,45.47727464470369,77.91464157655362
99.30617225002851,468.0095242354814,45.477296603463955,77.91462238113768
94.12957449346713,469.0814599175667,45.47730932392315,77.91460897289976
86.84049959592713,468.7896925922332,45.477331257980225,77.91459042856694
84.28019961699022,468.79142518778076,45.477382013888686,77.91455208591702
85.38789565596169,468.61102200642966,45.47745452792574,77.91449282586031
87.39626592244359,468.05590667435564,45.477490079861845,77.9144634802427
89.82574275894507,466.51763627036877,45.477475577696296,77.91451460125054
92.80208147235811,463.8848763898634,45.47746967873276,77.91454001564261
95.60318559715469,460.6858907476571,45.4774590762343,77.91458210846584
98.17517489390636,457.1460649005871,45.477451449070095,77.91460771923187
100.54570959977063,454.0848280940711,45.47744134062524,77.91465291505796
103.01573199378787,450.80468004247854,45.47741997483198,77.91474737334565
105.12838874763514,448.89091116555926,45.47740820969114,77.91478836014015
106.9378088986335,447.35705873006276,45.4773869060312,77.91484195931311
107.98669653586455,446.9261558761175,45.47736777895375,77.91487489155364
108.54653745185392,446.2930291580813,45.47735741094138,77.91489452578419
108.7642932108785,445.10587528738023,45.47738758228811,77.91486697818492
108.95923872660097,444.0370745823108,45.477415086790984,77.91484412456035
108.95132848366825,442.9109098676007,45.47744901612942,77.91481559423318
108.42999481707614,441.2994762462962,45.47746743783752,77.91479913551785
107.80439276233591,439.59453162035953,45.477481123352504,77.91478629159646
106.30794177808545,438.8752615711464,45.47749964802102,77.91477019571734
104.41801574448263,438.2211105765526,45.477514822145,77.91475774227035
101.82420093299594,437.4799787236092,45.47754097145505,77.91474000170021
101.07574299584472,435.77103732982897,45.477580486771586,77.9147143591612
101.56848259241127,435.2782204906626,45.47761551721407,77.91469743849106
103.16982910628823,434.8965097087528,45.47765290671173,77.91467642637919
103.31893072140315,434.451707943095,45.477634041516,77.91473415939294
104.19658466808752,435.59625577642373,45.477595198745405,77.91481972518793
104.80951949800426,438.7431928333613,45.477569922151666,77.91488663227838
102.08611013189616,441.9931666231746,45.47759748234029,77.91488707740159
98.99538638574121,445.37387449546054,45.47761844953422,77.9148939669544
97.45169152689093,447.8418402216302,45.47762990376127,77.91489991924766
95.28665691384202,449.09124176694166,45.477639601508244,77.9149042588921
92.48981059702609,448.8461028971186,45.47764660815649,77.91490545325202
90.64241225943286,448.26877458949485,45.47765458896124,77.91490828088662
88.01198319003798,449.15161334744334,45.4776665897505,77.91490988600714
87.04247025071305,449.55567565198413,45.477690431352016,77.9149157200217
85.30963054274596,450.40755922471834,45.47770450686262,77.91491730471687
84.0371840885175,452.4705180387194,45.47771893250092,77.91492092610436
81.5656274270488,454.40511334355153,45.477740862921245,77.91492458562034
78.18014877100443,456.2847827094045,45.477759778556134,77.91493090854094
74.73341162458888,458.2996564894421,45.47778190387622,77.91493703346322
71.59260283331726,459.8341425713172,45.477805686828425,77.91494460985584
69.61246146930463,461.53553541276835,45.477786300366986,77.91498118304182
68.49236136476712,466.02795077973553,45.47773019993273,77.91505855305041
68.57330178988485,469.50140837218964,45.47765450259034,77.91516437568
