597.5,395.5,27.0,44.0
596.3524873464291,394.6954281946962,26.72928031107081,44.0514447051396
593.7833477813223,393.75920827940485,26.078581341461632,44.21176507561638
591.9926286698643,394.17962070723956,25.70314686273263,43.885320794173346
591.272296174293,392.7449943865514,25.308004172791577,43.222246498827815
589.0259146226294,393.13649088277793,25.11797270519579,42.5836197111134
587.2208189666152,394.1332003261027,25.207228720211972,42.47987858744915
585.591552911573,395.09328613725125,25.49147498930832,43.10392788952943
583.5288549072994,395.26800668137923,25.769628404090014,43.30355245078299
582.1797384837231,395.1487539840424,26.274342135794807,43.86085218535184
581.3938741092663,395.77049475631065,26.383031367305534,44.439564978660144
580.0917545072556,395.6660138970334,25.911931730842422,44.020629375036854
578.8773355545944,395.74978896566313,25.426975118647835,43.31446097119484
577.1870059392079,394.3183003867625,25.18070792730157,42.55613719325093
577.4869754070759,394.95338990614965,24.722436685419105,41.178991509951025
576.682674281119,393.84629155293254,24.43075214362393,39.83114764898716
575.6136862095893,394.3259733371654,23.97792323297241,39.84653626825035
574.3050558478915,394.2204511294531,23.795681822045008,40.327909086194126
574.4551204768317,393.59799156067226,24.006584609052258,41.392881324341786
574.2212510817734,393.27796714822676,24.57943550477664,43.53332616249265
573.4298331903924,391.52332427097855,25.52948602686135,44.7019799551666
571.9539467893022,391.69425596119737,26.23376246254091,45.12826422210984
569.4513218815089,390.581528764603,26.396446264791333,44.60664758754288
567.2553135160282,390.0165257253723,26.403125642999967,44.64685080479061
567.0587477967767,388.89814982829694,26.0824785261097,43.59685275915858
565.2002317519632,387.56901190583295,25.953955310255818,42.62008140674457
563.2402683536247,387.2248530385777,25.649268440398394,42.164498031559695
561.7358371923766,387.12971901218083,25.85466754229833,42.10633452097605
561.0897250644352,386.7156836190054,26.02791603962853,43.21552501157334
559.0000326928567,386.01084368407544,26.24934184609424,44.24805473328002
555.7720841159654,383.67000418685774,26.508345784697422,44.53235099150933
553.7665664533853,384.79769116269574,26.889738861703947,44.92223260547667
551.4052733343407,384.4478014044966,26.822056201782942,45.0603328778335
548.6545071977336,382.9333711177423,26.84864149928919,44.48371015780879
545.5911828803745,382.22062613112337,26.961293532902666,43.34396952306019
541.8169987980668,380.35657110089596,26.6412549249044,42.41779176842102
538.7505564974932,378.0559604964863,26.025365951222504,41.81869702493929
536.4343840661211,377.41136035902935,25.660891317812084,41.014140147295876
534.2841672895685,377.084333112334,25.42031401428887,41.26752330761198
532.9717442800003,376.91764558897364,25.967278220375842,41.63727046085506
530.7540482199508,374.05674491639354,26.263911681112024,41.73265035444659
528.8310917450998,371.1295961182502,26.61275169570961,41.793063196552296
527.4075182002518,372.2705889856958,26.633034304433256,42.076620636404826
528.950044401483,371.96454312551185,26.569208546486948,41.63756322690518
528.1931180393542,371.1248532443821,26.167042069465964,40.7016926401199
528.8825113862026,368.7088286206101,25.84615532770388,40.09728711471456
530.0912243903229,366.7410041564098,26.03471925247741,39.38723034319462
530.6090119641759,364.46411347712205,25.964806643776353,38.77390030498059
531.9843510903056,362.91966488847913,25.837112800849276,38.384711010708784
534.9782090024082,360.89123455474544,25.646218094045253,38.65598007585072
539.5043275963897,359.3467124594393,25.502870676590128,40.00186640284607
544.2223593770406,357.4131007914031,25.54083570262974,40.95159901816952
548.1274107763478,355.0181352286086,25.698232160149143,41.3870083923547
554.8989217067518,354.1365337764554,25.374505801050255,41.33492024956496
561.6403662439901,352.6490931284142,25.296810055431095,40.768651690987255
568.819479141079,349.4869428897838,24.926923685386484,40.501039421818604
576.2375747349919,347.16123064881236,24.595688742983224,40.50650261912401
582.3123695264735,344.2669244254812,24.771498558823737,39.76912791750143
588.9196039324255,341.4592315655903,24.487847350984566,38.95050074742123
594.2640810985746,340.46202481543554,24.830232664072156,39.00193622324802
601.0188640748988,336.74295430705456,24.783535401914374,39.57775920106957
607.5695109606188,334.2828585115204,24.712299537578815,40.21507763845139
613.497461371558,332.66233247707055,24.5103560826439,40.64986268426448
619.1440398375402,331.5849299466665,24.402802292464198,40.923718605477575
621.6257797275658,328.4981960258492,24.103370707298247,40.37123334500035
627.5402895291296,326.0824822250511,23.47463701573071,40.76475038980335
632.7358332646305,324.1803190617132,23.293105170644353,40.74835532861596
635.7660152904741,322.81127953378655,22.832446815063104,41.0523323260586
638.8727456996825,322.67713783111196,23.531422958774044,40.1876141654745
642.0317735501718,321.273633580041,23.938939843854968,40.28920884925708
644.9636528957101,319.4552031572619,24.313068058448522,40.29393144255695
647.5600767907678,318.13562294106214,24.504440391624243,40.487494226335954
649.869383002637,315.92947252070473,24.034379908803597,40.50126601431637
652.1865775042666,315.31056478934573,23.95115410210842,40.0630038727405
653.9014997352953,313.7107507775843,23.55931379997835,39.461583379036306
654.5567195226266,311.3741911976267,23.509701885876204,38.9749191756091
655.2204656380159,308.99683681462517,23.073947473815647,39.724089478019636
654.0395329987032,304.57915843784906,22.6464837004696,39.50270833179158
655.818640935594,303.6239885112135,22.5276181932805,39.81757978315389
654.5231526873696,301.2321360172039,22.87498144662625,39.78519990941769
655.379121947524,299.9142582285742,22.98915317011451,40.105752058408555
654.6568336643389,298.1996235569168,22.930757968105475,40.32920203336106
654.355749142977,296.7033820897098,23.00573459702274,40.144316803712485
655.5940641535323,295.27717352828876,23.40028034190317,39.660660051127344
656.0666612811408,293.9918890430676,23.179586504395527,40.0071732545104
656.8992620185334,291.4065182103542,23.11114816361312,40.08189040669248
656.4648854983021,288.667748539126,23.119537541832642,40.43304167618136
654.8782340078832,287.1881457548822,23.146332544231242,41.30321149523349
654.0502768753362,285.30465555896376,23.73601019414412,41.43693259065326
653.2802291406518,282.9815271922082,23.86652102205624,41.63855870130055
652.5459243948669,281.0846409759355,24.187735975700463,41.86249237156266
652.159100988636,278.53806951333087,23.941391151885817,41.97567342467103
651.9338077654259,276.67200543436934,23.555947711106967,41.61748385645883
653.9049806625261,277.3301098405287,23.669233077642467,41.079682975468025
652.3258197804273,275.1543448649227,23.938918491208373,40.96477749424598
653.7572393682268,271.1626010740128,23.600905365414153,41.77412414588994
654.6968478966462,267.5773181049956,22.553468801834605,42.12796626037702
656.624719749906,267.0770575548675,22.14933494524474,42.284541440165754
657.6305670073394,263.4090323335123,21.042524768756877,43.439718488863775
659.4798030817158,262.79527685117887,20.176380701135244,44.270500103440604
662.2181290661326,260.62643443657936,18.93941617508102,45.01244389908548
664.9048860006817,259.381450453277,18.18047006263581,45.51895537326621
666.9265179780405,259.0379162524793,18.562949687782698,45.848271064280816
671.4158281529179,259.0227489730617,18.543130607559117,46.22642763363304
673.4312401456567,257.2156018016598,19.022287300639796,45.700045954861054
676.0830576746238,254.2859822695886,19.047297948882495,45.46851239021918
679.043688183739,252.31321913471078,18.972406197161995,45.23179960434126
684.0285102365422,251.6309149709624,19.00328375140679,45.344532769713425
686.9399019206173,250.23013009440575,18.860474939225732,45.27250871560626
689.6103580575775,249.8972671271334,18.54008478292012,45.6139179995219
695.7745315257197,249.33682379514994,17.81939814021487,45.93316164953468
698.39796659997,249.29383879034663,17.312396632613748,45.787289335003635
702.7040184323761,247.56636918562455,17.164676093106927,46.26447085211072
704.62361216271,247.38253493108297,17.58425576042987,46.00216654568029
708.2815402081445,245.12579234270734,18.27709908667491,45.97176887559923
710.2883387420733,241.69050898820646,18.084985869296684,45.55703437610491
712.7569222489356,241.2761720449535,18.445336155224233,45.00771014897863
718.2799320938956,241.96627937737878,18.363357221529725,45.323966936841074
720.8513314654072,240.40264161925515,18.18804438320017,45.76846171044311
723.8200065213523,241.6556873564941,17.98923015235228,46.30046237234823
729.6944917223475,241.22745171885748,17.362639053340498,46.704009247053484
731.9796619992983,240.74126316650947,17.120351497027915,46.822370822593754
733.1224893459326,242.1537423122556,17.498832975100218,47.03110894414171
735.5756487632358,241.7186896561152,17.855058295614654,47.95941863535518
736.1166059811425,240.27068296455593,18.459486456809188,47.54340933246909
737.2288780221562,238.6044607869142,18.686111865595844,46.46255269669421
737.7075292709618,238.54171030596382,19.257667075961987,45.47728295623289
738.244774494496,238.8509638896223,19.630777351206564,45.25473680533246
737.4857492945697,238.70962424855765,20.02877743997052,45.35340018756516
737.484897059926,239.4087942735697,20.04549724221765,45.594627274305616
740.1263866336906,238.69197661336395,19.102897809654145,46.448546389120146
739.1466526988737,239.0358746121202,18.651469854855648,47.160021879797355
739.4899034113324,238.70965640136555,19.095295177832526,48.461391711951215
740.0058154384486,238.76644390682134,19.889874860668257,49.750787849530504
740.824089171323,237.62657327628168,20.200958992438512,50.31771346825298
742.6997540554422,236.07377106658132,19.836714661974703,51.10117314087331
743.8469060825576,234.43936225284153,19.760417933870063,50.71736783019676
744.1985207270943,232.48898882009982,19.987627222925344,49.906616912019274
744.2199859542361,232.75570622653842,20.475323125243353,49.27269120124816
745.2777109807479,234.1252045132456,21.04725004823313,48.72921002204466
747.4901756513755,235.83275282678747,20.398320014610405,49.0063862964959
749.692142502384,235.53398027342882,19.726621029008747,49.89035612946098
753.081495236891,235.56978775459882,19.9399762213107,50.60953369193563
752.654568558177,237.183434217653,19.38070215640593,51.48235177351769
752.6170741316646,238.18001499035915,19.45466449567712,52.71737802755909
755.9333361520186,236.46068185639766,19.64184451075547,52.8576005012316
755.9607153506088,236.2137243051725,19.770512300017245,52.78043491902011
758.4771895750841,234.059833319176,20.976598503776597,51.79782783003894
758.9316328192231,234.6214021982362,21.913588351596545,50.310545120813394
758.7821180540863,234.95217526207884,22.549493290757958,49.267365413397144
760.3468527459366,234.58941011896889,22.174115408293076,49.18473694431461
761.9105320203053,235.0439578237281,21.051504011884383,49.62507543372195
765.42182820828,237.77847008529858,20.530948684274676,50.930468310941116
765.3927525495833,236.23467485611687,20.438962443088677,51.09783148010474
768.5701345534691,238.93959239600517,20.712881525527152,52.00573016497659
768.7756619177021,235.88606074269734,20.507865465812824,53.08471729971722
769.2701254289863,232.41516417682183,20.74758722502083,52.11096782892917
771.7379765260167,232.0834054672986,21.31472650358567,51.525165575391085
773.4632387237693,231.54418337322463,21.839114751513073,51.900952063954094
772.5716003167228,232.60757660271062,22.351935251519418,52.02541491833661
774.7394399986616,231.63385973399087,22.162454637183725,52.82053244312199
777.7341207416554,231.5138942947953,21.566795658215355,53.660606932944255
780.8382487307871,232.49727533938872,21.51515684456376,54.678516913306964
780.8496348648904,237.2447346163542,21.177779906547748,56.80694564178568
779.5454119273719,237.65661826926146,21.50735209956265,58.488673884219466
779.2234636128501,235.08503400123715,22.173437352973536,60.26705865638255
781.343929132611,236.35591601672147,22.539829006322577,61.93272403444104
781.3868513735835,234.4207097901735,23.138848389753228,63.03335513644747
782.2210305804267,232.35967703527052,23.629499671119955,64.03897176701152
781.4811931115843,232.366969821901,24.289111971475737,64.60059740781612
781.1689282867903,231.44870706903586,24.646371205042122,65.77148297662238
784.0121612887654,232.29235654494423,25.193790966167914,67.59976110267127
783.4877581351853,232.29238993101532,25.360302558877102,68.64293523533712
787.2062244778533,253.35535394386181,26.654355515020523,66.60341010271057
785.9780041088854,254.91939958506975,27.71810535596841,64.50528171759537
790.1413829654617,258.43534129906766,29.277600046075047,63.31065281383057
789.3563197428684,258.41872534980695,29.525312331486983,62.334728485240184
788.7988149840886,257.9626417802489,30.03758233612617,61.87165458317284
781.275496593014,257.89005622315017,29.210854669728054,63.181213638730696
775.1087984029921,256.16554184738516,28.650158489957356,64.97432653389932
773.1038857013573,256.91780969990816,28.74259330828137,64.78983558478905
769.6113667675797,254.40208330912822,29.77145394118689,65.0862400722815
761.754403778622,252.13075508695636,31.01542638211512,64.92269496328048
755.76473228381,249.96914621504365,31.557822502842512,63.58700815464619
749.6353612956024,242.640790292095,30.83342830219469,63.694034522333055
742.8863116519311,242.5562955302858,29.696164964415242,65.08343999577292
742.0529943358601,247.93918043216246,29.59133810974064,64.38766130377493
736.4187271758152,247.27396068165962,29.53084525392729,64.2154386229264
731.2273848805934,246.90709171012466,29.544191808787488,64.32742448269478
731.1791598656278,251.29727220491424,29.45088894705906,63.85086979804727
724.6495092949544,254.7603161223412,30.097320634975308,63.461700126492865
718.2484654193252,252.54427280775337,30.780466125491706,62.461577740775965
714.2414453682123,252.13849880203716,31.779459154353265,61.603171929118794
705.0804729462506,248.41501288355488,32.65366153611844,59.97807459799252
701.4039208388498,248.84097455596174,32.91519537357028,58.35880719561887
694.4130768036925,248.99374402631736,32.47082848935591,57.563496650369636
692.769964903319,255.30821549978216,31.54375444617005,57.92773397840341
688.6546685385615,255.36302166630475,30.459338058558497,58.16950130811037
683.7553996112697,255.2627380691545,29.916112416743076,57.48527736662295
677.1529268676608,252.8288376933213,30.438748753265077,57.577019444430675
669.445491869516,249.06635827860146,30.948549398358395,58.033896418096475
661.1657316182622,249.8910611758095,31.67620554387154,57.84428240319847
652.5191350927516,247.12909634786828,33.115854359663075,56.122459247649054
649.2847582977511,248.72296284029156,33.04473768751817,56.030380988830935
652.5487171677197,252.74469022609213,32.72703122458897,55.51495232120316
650.2872643412863,255.2264847749316,32.143814383711835,56.1578442988111
647.2558882345439,255.56009861086164,31.978763366910965,55.73790705940416
646.0793497602521,255.08692388922591,31.482927361164194,56.38697851567231
645.3172365089058,255.05179430002121,30.91450750345947,57.01114479046767
646.5813344153427,255.78500716601332,30.46400682188762,58.75096257349811
647.2669158254299,255.462002440203,30.4672783536342,59.573510209403864
649.9104183128524,256.11277076656353,31.147560442387896,61.22016472260691
650.1827851485452,254.22413454998733,31.99332171366725,60.290771639859635
649.4433128953832,248.53139438959147,32.70551302327492,58.7150188216133
651.8642095997216,249.36949372083484,33.13648525104238,58.13073147504454
651.8969571626417,247.98788693019443,32.53168086197285,58.68723161829127
657.0024809052458,249.67394694592514,31.632954085993177,58.62787241675538
661.8836615780679,251.89614403016944,30.074234631828336,59.1622141720339
664.3633262198398,251.3510984005015,29.320399752123652,59.83557070613283
671.1630926880489,252.74898355409692,28.88805164541745,60.47396587669469
678.3912231359757,253.40353704672683,28.737049500479266,59.91042287535214
684.7173240754695,254.0012972616799,28.58157842593502,59.50581513322445
688.1685925068186,250.3871255918864,28.907970129215784,59.657912211214835
690.5255196989244,249.32590004270904,29.855204211648523,58.87903832215803
693.8328065133832,249.94385736977537,30.30255265609524,58.56882808763821
701.1523607234074,251.91448559662902,29.857061103112336,58.63117080080106
707.8640552392721,253.398101567846,28.60960686294773,59.75724683032142
713.9937154536063,256.76760851536824,27.600858638869024,60.924021833744945
720.4411512648313,259.6065586282767,27.26144985363834,61.294205866961256
726.4233319678032,262.86157249370916,27.386088195924664,61.45785987208873
733.5282997214582,268.45292965369356,26.96476123963989,63.03816129919024
738.3398900480765,267.5233823158682,27.164379315346302,63.3798318682431
743.1803688058907,265.95876155702445,27.185477730809232,63.44227970573957
745.8472936621531,265.17237748044283,27.585942936802528,63.005198787400104
747.8138899670735,264.52793850451593,28.587752177089904,62.12035208791727
750.6714017633514,265.4853446826101,28.84234499765051,61.671807436692575
750.3090496116585,266.8304836411645,28.83104316032754,61.43487338783933
751.0990744639738,268.4727123965768,27.79816916112965,62.708737352997495
752.0644928798206,267.5745877551083,26.428367426081376,64.65336454619082
751.6570216623288,262.3542318659863,25.83086598479846,65.31435983273562
752.6130967256564,270.0038710457026,25.51387944189876,65.04841811270724
751.8251605624719,270.61386901986896,26.363467979586865,65.06004605239036
749.4088740466304,270.6869034237546,28.142105483468196,65.29897073817608
742.9746145338795,262.6782393260561,29.63841782104293,64.5010542588905
737.2269966643906,260.616915949401,30.533603587486322,64.90612188584254
740.8148207364343,268.67580855843073,31.37820862485659,65.14384737945302
737.8900724198107,270.8997579669228,30.97213293907287,66.09037681564278
734.9485606071199,273.32249385558293,30.264177465180808,66.01011375948342
727.3029350252164,273.75437013466353,29.932404642171512,66.33022877506032
724.858890255714,276.86314693744214,29.794061666985776,67.11330793241196
718.785056955634,276.74081813220494,30.5741592974191,66.59731717309727
715.4918218553057,275.438718721162,30.933710800718522,67.62750884167212
711.9384651113556,275.03075057342375,31.3985976589799,67.90962921679571
707.334937119308,274.55623003729045,31.96587359851953,68.73961634411688
703.4344392538538,275.7661836397629,32.57873418233322,68.55618103057517
696.4987678573898,272.5003984820542,32.20383922043941,68.99870582139543
696.3453949346233,278.345475060571,30.89161336053579,71.23330585344874
694.5833054194767,278.061148988548,29.570755407338904,73.54350331705196
688.0200356918783,275.4143805670015,28.83266225602943,74.96078941627903
681.9841308146813,271.4877991756914,29.09386314659281,75.28663181391997
679.0933153820253,273.41305643058394,29.697625645663393,75.62201751546915
676.7074476203253,273.2963783935057,30.534483773433422,75.85529954069156
674.0732812174484,274.32303555976796,32.29938287481101,75.96704548992051
669.5282022220174,276.90419445842474,32.82810230518719,74.95268597126301
668.1765226626179,275.69987617029324,33.699963039510536,73.34425368461092
665.0147681418792,272.662692788272,33.57325674132719,73.20822940403674
663.4661981224035,276.4632723487242,33.310369705464836,73.50332339211053
662.3462334436115,273.75956679710157,33.12069000276136,73.63314660473092
662.0817262846607,276.54373743776256,33.15280102037771,74.2466500347126
661.2181099065976,276.176668202172,32.79832176898119,74.17589107833484
661.8993355584886,276.111994725528,32.97586601630855,73.83758478688904
663.6492150409578,279.03226419433315,32.8305417799928,73.43496880383799
663.3792133536531,280.59043292612444,32.798658317119646,73.27038710235574
663.21855663696,281.4955709993832,33.094381772183425,73.77781634867574
662.3443641600044,281.7467875103969,33.6679417730153,73.51397373103951
660.5110840752833,278.1628053458295,33.46815272218175,72.94891012514631
660.5198367703669,278.54656031784714,33.39189522364928,72.0817194966042
660.4694331355562,283.5570792818782,32.59934533556334,73.2713510860591
660.3776333333177,279.8698888674248,31.522362969825576,74.82141827437144
659.7131778401999,271.7362816800064,31.373848142386112,74.94006544950113
660.3797213117126,273.14066609159727,31.628438439732555,74.35768961070971
661.6723710616412,276.59882990608315,31.540965039270965,74.84493406425746
662.9444034810214,278.3914777383326,31.672743677759776,76.15776547876857
664.2626594491594,282.1230649962325,32.031938061292635,76.54823008879285
664.9687589071748,282.7618469177863,32.443747610075214,76.54090297626078
666.308725199074,287.8680980036716,31.977586131089247,76.36581058689983
666.8770496262796,288.4597625861051,31.641267796354427,76.03481693467087
667.7447629275853,290.23226451696104,31.74205180222544,75.27754853514773
667.8204788698996,290.7064027609053,31.678545157994215,75.7449927484769
667.8519769311689,294.270796394173,31.667910855348737,78.12371757453181
666.1331993735968,290.14899901031396,32.116266332126216,78.71844187411024
666.6533146052498,288.7636709587413,32.19882286756906,78.74150409755593
665.6163458378185,289.7868169347014,32.11654664205581,78.15510799486351
665.123251407826,290.1555414261646,32.10430864743009,78.16104581699472
663.7684551767906,291.45564418949203,32.061024827762786,78.33301750973067
661.9935385378909,293.653135138129,31.806139849565348,78.8349744132685
662.637929681962,297.73457751429305,31.038501951529604,81.71006020384807
660.399708434591,299.10760819606645,31.442441833203677,82.68424372479224
657.3771959858626,301.67837155118235,31.4916824479762,84.1023154604528
656.0067556787283,296.8679075714909,31.08710174136796,85.21966809482355
654.5136503403181,293.4153613015252,31.070078270162732,85.94159842238308
654.3279806086903,293.5786139806819,31.516662048387012,86.97608275389668
651.806080793539,291.16582225403874,32.66266385573738,86.30313724981602
650.2988284451836,291.3619061324416,33.61226577000772,85.46622705183285
649.2540265863112,294.51227415180574,34.20344519614186,85.30075970130659
649.1327808355038,293.8903814496161,34.756447422539736,85.10863130449266
649.0220052922709,300.21014498897114,35.135722010330106,85.52455561890991
647.6896807942285,300.57321313819693,35.31789191095593,85.32768126713648
647.42997807946,302.94876347651564,34.79339828119715,86.67019040037464
647.7967794933592,303.1616198783156,34.90232683643647,87.79723176051678
646.4766835143633,300.91223555535237,35.93589884031885,87.10087864130654
646.6616934922944,297.7703036114291,36.256263391636224,87.03165844178127
645.0380806799769,295.7514867290184,36.527580736852045,87.56081737978991
646.0052232743412,295.8178619266563,36.99632022158529,87.83670251140961
648.4503507642785,297.9746878296246,36.692652670757624,89.2286500134869
651.0208493494354,299.0657769517636,35.23854991725293,91.55845277964593
651.6408607765077,299.8783721856667,33.84671473321994,92.05345078649489
652.7795850009379,301.036280483575,33.47206934775198,91.81783224022358
653.5156223023456,301.9704518570805,32.82493244616196,92.32480897410862
655.8898727111601,298.0705748368247,32.813027259178625,91.78625658761831
661.6740413967391,297.73032298607495,32.972645706197035,92.07470796649163
662.360820284341,294.73410830067644,33.83071372635753,91.3922306066368
665.6494947953236,294.645676409035,33.977683685562965,92.2127064170879
668.3959021042211,294.76119781853544,34.73801047096609,92.10298809256815
671.0990346605109,295.14586623361333,34.55648395625636,92.31443597663426
678.1087506467388,299.35212378323644,34.79332716080256,92.40454729645549
683.0381896233915,307.21055400806847,34.79653741092734,92.63210289293397
685.4332893905236,312.8971366961491,35.07472919975285,91.90888372954129
688.6182636094043,310.4523951149735,34.859528724943075,91.55721508220009
692.8292802717907,308.9757174302223,34.54174344704531,91.16370742031516
701.1220833388506,309.9333349421758,34.44731391815006,90.71820742276766
705.5453658851831,307.98461951956614,34.659240532333236,90.40374566315917
711.566493862912,306.983853999025,34.96308252304244,88.94676153700513
715.496066926879,308.12127573535815,34.77427073425012,88.5153394043275
721.3913682968364,307.98926821503636,34.81211056788278,88.61898719452856
726.7576776679952,308.61651442445554,34.842867107852896,88.41811332599087
731.3532878987901,315.0270840605115,34.57565787673195,88.4787136702729
734.048257140612,314.24965752731373,33.43689050514848,90.39979409524815
739.7001920582707,313.83995144630444,32.5341198748483,91.97477273504228
741.9664135930722,313.3236693100853,31.56855512403199,93.04003565739373
744.9041357418095,311.9401976505589,31.260513666218053,92.29446796150809
748.2631294225598,310.32039347908545,31.13841301202329,91.76438483716986
751.7391545408194,310.24885112663287,31.274479421316883,90.77694335703933
756.5151112096117,304.82198247375356,31.84181447393005,89.9376741472949
760.2632157249433,306.42685481869705,32.75085885360646,89.88132820962056
763.8576845990855,308.8009915458506,33.52650164121067,89.9471736174655
765.4865241973692,312.42521426409365,33.89137913104446,88.58114585981242
767.7708384872543,313.4488939948731,33.45793817715939,88.47568843968875
768.618478575918,315.76212636995297,33.072397589523234,88.48443038890034
769.6966934926807,318.1343715457258,32.85380952903097,88.20814167462277
771.9593188430105,313.15701334725384,32.254637624758004,88.28657919430836
772.629188734064,317.3163972357811,32.12441234136178,87.61283190217824
772.1305116498885,320.0810992414376,31.78658491581771,86.64110325249852
771.4390045576008,322.04759221320336,31.479373260778267,86.59476310288173
770.5585346762457,323.1460946546344,31.271383136670504,86.49316785174877
769.6031707942873,323.09403208956587,31.07202660531447,87.61536511018176
767.8151513197347,323.7150688664957,31.163727270880848,87.61112982460217
765.8106607922821,326.3989829467426,31.240359597606044,89.57890966963205
765.0792474817639,324.7760082030803,30.839863126181946,91.76945008312691
764.5567685748607,319.63464136281436,29.986164452523404,91.78497089592207
761.495677389627,319.1955959083607,29.404279592766166,90.11612576967306
759.7578975962111,320.38464835356297,28.762448070131306,89.08495484018313
757.3982414904075,316.74851450954714,28.70851160925332,89.55215594267408
754.4709541681143,320.36840124725256,29.825270396906006,89.29406953620241
751.8241594195791,323.7577445689746,31.235835439859528,88.55509389129345
749.3675801394959,324.1742832287022,32.689773829051305,86.8920998562163
747.78305700237,323.79392797509524,33.25900068153493,85.31784918751165
746.0577317910329,321.822019537557,33.18225704788895,83.7609508068508
744.6858050119401,323.8322094538273,32.792797427058396,82.08427805896595
738.3120896401887,328.73648903250375,32.23196343820046,81.1382744054583
735.2836391953153,326.24284663108006,31.374597741643267,78.88016736260255
729.7511405093462,329.9418833798757,30.453118215388358,79.3932838979703
726.187415464487,329.97699270168613,30.30990933522758,80.07107845272515
722.1217088738737,331.0334263253897,30.397827338231505,80.58966495783571
717.1675031809996,330.9882914591638,30.933686805949876,81.8455949523953
712.6047900408054,331.35228768120044,31.434595645542558,82.29212776924741
708.5416448268279,331.120993269989,31.292086291697984,81.80433376295778
705.560171479566,330.80680979104295,31.128460377274166,80.61729129892908
702.1959018251565,330.51785747715513,31.53891878399356,78.95376254467044
696.347737735809,332.070015712503,30.813445395610884,77.78771926542674
692.6055310243679,331.7469612439367,30.002876862011135,77.21032151348768
688.6426476245425,330.7912016410955,29.798033195658444,77.19029152769515
684.5537485865592,330.7785485448151,29.96235013148848,77.22015665648307
679.9671022110105,332.0992948960764,30.768647071123503,77.24439824503715
675.1852957264884,333.50791161778756,32.09968653095131,77.2556510057622
670.7995330633162,331.6691477804511,33.38476118514606,75.3872916870269
668.7507689638255,331.9082670600958,33.60816986393997,73.41253654238749
665.5611136673213,332.96435805939893,33.187926585793846,72.13533676013932
662.6528527431974,333.8736908915297,32.487270375417204,71.24616058924792
660.7866339945534,335.0592577217654,31.57466068490009,70.87828873335714
658.2219721194255,337.2889057047616,30.75351446445285,71.77226282122834
655.0877170712079,334.2033003669287,30.208973813970218,72.18058125064776
649.7819222623424,335.50789160783586,29.857841607055306,75.0661206583293
649.9053454741355,333.86317014939306,29.327173839093376,76.11321371216256
648.4096148011292,334.02643811019294,28.832655866487034,77.04644782630646
646.9453102934621,333.26288347477083,28.147218785019795,78.74790612204255
647.0999789679635,332.7119548293971,28.024182876017537,78.92299898417451
647.1082941725822,334.9107465506022,28.49252580800659,78.91302406990145
647.7548547022753,333.727475728885,28.582118424119315,77.55701627485932
648.7538812862033,335.9143416954594,28.70757943167842,77.54630905331928
648.9940159021985,333.45318279729986,28.835842926452564,74.97884546993878
651.1943618767332,333.2921394739748,28.17910515905453,73.03610414989873
652.7262239267843,334.46964588328984,28.023711261054746,72.0997184741749
653.5076975532604,334.1008151471735,27.783545928535553,71.9299292108386
653.2756261903342,336.88254545848326,28.405283215965127,72.46624390255016
655.093425703718,335.3860509876624,28.55456721150569,72.3391180408777
657.0893469693269,333.94883894786824,28.33978113590011,70.9960071015451
658.8980489546733,336.5334372972802,28.09537468756147,70.07474092945446
660.1581870178499,337.1206326058782,28.12465624706031,69.55847160008128
661.1622753951963,339.2278444649164,27.970012879551554,69.42644295875648
663.2400922669171,339.4161233480834,27.62618796064899,69.512629428415
664.1102651465135,337.70440251155526,26.969609973177253,70.77958840493801
665.0655971095459,336.65030320119223,26.74443939714132,70.33638231107982
668.4947530342056,335.9193929203123,26.558891849122027,71.76406138074101
667.5133088801614,335.3115458159167,26.63669838917469,74.28811866955697
667.3824008634042,333.90776438124504,26.509244772706488,75.86727201016801
666.4697871251924,334.6542063067544,27.001801441291644,77.11644810520937
667.9704002537565,332.36874099229146,26.567214369115412,76.79367050507041
668.2983510317277,330.45056116133736,26.237759614596857,74.38666297184919
668.883329341034,332.8251126740768,26.016761452500635,72.40755515892525
669.4204185599605,334.3315935070333,26.184626032988806,70.1576917329109
667.0958300935081,335.05876114009675,25.876919058575332,70.36109908629855
666.0011379766255,334.37449794123927,25.815470019406636,70.95386453535554
664.3643020233758,333.921831950423,25.797149261568748,71.11194560241438
662.4691145523848,334.8815328673013,25.760467080366613,71.60975100971609
656.6324444811504,333.951031403411,26.48886093377297,72.6681136186262
655.2144676277559,333.56951142400493,26.9995509019297,73.47452290790406
651.17742600195,335.0386803873051,27.19420862787607,73.8318132905537
650.0897891885153,334.572908991915,26.989850973846714,72.50921284326613
646.0038829827732,335.695215689286,26.984489770828855,71.48282695420808
643.8216195939594,336.919687320346,26.74490964538023,70.91635358458993
640.7230623002719,334.32530986878555,25.867443086515095,71.11894773255337
638.7605264625746,333.66589112825295,25.27449031732954,70.63115305247813
637.2463996201416,332.83697577552385,24.811876625868138,71.24174457355676
634.2907529996222,332.0801932959292,24.627660337792978,71.55956966744304
631.3716977092279,330.1841281595903,24.282970148775863,71.29060613290038
629.7170994423102,329.9457615716485,23.969191571603538,70.62645562462554
628.0643901206992,329.84980175839644,23.866837196942132,70.42081650240766
627.2550330753943,328.70630952343254,24.54025297345733,70.34978853451508
626.1182795221906,329.3164411574956,25.21918848944112,69.97678723166374
625.0754479277575,329.42857539448573,25.840378192360625,69.62369851718586
625.1719436543735,328.31410348545836,26.30791027294983,69.55314926082352
625.1915126758963,328.49239536803253,27.16026113962556,70.42911611670783
625.103296180338,327.3700629498033,27.71053389652931,71.160302435634
624.9209505179875,327.04063985619047,28.522781061245794,71.6870984662663
625.755554691465,326.24996883733485,28.596179115734248,73.79880567302587
627.4093915082399,324.9805321716668,28.930562185752052,75.2267191168574
630.1103257209226,322.1552489311302,28.715612972727904,74.03299104989597
631.4760102634312,324.12438056855933,28.860824841308688,72.97975685256762
633.5500788868959,325.281353141106,28.576982123340443,72.291963150002
638.4850995268378,327.8445315978265,28.5376245516477,71.84820435057469
639.6707473839729,325.0411619605842,28.265867402059442,71.72326800021187
640.7377219137094,324.5427779616539,28.190543087001654,71.65557083293427
642.8101077843875,322.92264015013893,27.80450867131391,70.80630406704807
644.4225701696205,321.62593088345864,27.178482073226505,70.29092838806747
645.959370184266,319.75227018180686,26.089214367009667,69.37920123408949
647.4733324604213,317.88309983982543,25.33793571351813,69.31703246523247
649.2595661601964,317.7752954668973,25.018107130801354,68.91397718482841
652.9483327966859,317.8514515226442,24.80910575250614,68.25227066606232
652.7222786414628,317.3607024756006,24.556364402555694,66.92292290825131
653.2973690655729,317.32727405674757,24.467399193450085,66.12077817859355
653.1175284288112,317.40939026419045,24.77451047040785,65.60612698743405
653.3186740760267,316.0669777962073,25.12275627343103,64.99682636645451
654.4100633698866,315.276034525957,25.893372098705363,64.63896962654442
654.7526758793595,315.92081605951665,26.70179072123159,66.07482512708258
654.7457246626954,313.4120454534324,27.44529984258241,67.27488362936639
653.9334311785076,312.65171951932535,27.43217409390167,68.96000429264166
653.0209716294307,310.4117198543885,27.33432936759253,68.77321552131912
652.5045925100862,309.66209221844565,27.297534946293148,68.95795448728126
651.1811465141033,307.854122178547,27.13403575059116,69.24539215046788
649.6223575160815,311.7226592392929,26.338211189261695,69.95292671733058
649.4134103519634,308.7952247292434,25.389793371311022,69.20921394650551
644.9648378625994,306.6057136109487,24.706861178713417,69.46117338554845
644.7191977632548,307.09250365581056,23.753850501014135,69.3598813440922
643.288453457533,303.3394763272641,23.11293919104047,68.3706805309092
638.0617008925705,301.8433872930329,22.817999763775653,67.37776357526278
636.1237731393613,300.55257033452824,22.665814384268433,66.41832798467313
633.2778712151885,298.0242766757701,22.883593936807188,66.13565424719674
629.9605101272898,298.3850102014021,23.29128297432956,65.46098891947253
626.5297682849335,297.821253208208,23.843003227492957,64.28530623723591
623.6265658791298,299.11753577309116,23.967521842964004,64.07237906408892
621.4736775537066,298.0367613012242,24.009309045263027,62.75373320077018
620.1162524818858,298.7943274633028,23.681896396317484,62.34098162917647
614.3080100830583,297.84086287227296,24.00804839978277,62.27528245620986
612.4484701225344,298.8806841522452,24.240928941863277,62.19448559271477
612.2370287095205,297.09021865324297,24.069910610512117,62.748395182638085
611.819496155892,295.8371734894959,24.359485572085845,63.47302164866673
609.4898858342503,293.83159425471644,24.750729931341997,62.92126622357239
607.4378718687809,292.8719955122567,25.274495439719225,63.159759949298376
606.8855009374822,289.98438537854463,25.37854457713502,62.181795421342954
606.3568229144707,288.3865733035747,25.295964772060838,60.30837784230939
606.5163137913723,288.474733834479,24.64641246948478,59.97369997982535
606.5975966267195,291.5381618567312,23.980716184033074,59.87577126152341
606.9748318746708,289.9802595464683,23.379521550466592,59.89863507470672
608.4196979386218,289.4424779416498,22.706814940981957,60.98448637385736
612.0317002873945,288.6642536582708,22.015257104703515,61.81076051835136
612.2415996459657,285.838167892451,21.518471605308463,61.990596234561245
615.7290782104898,282.754350258314,21.7577755312529,62.421184784237916
615.076825273021,281.2795689988026,22.233392751481606,62.071309065116836
617.7337535884575,280.42756844179354,23.003822810366863,62.07780351295136
620.4399882265313,279.42579571709484,24.123548148629652,61.210036344093126
618.3198671824023,277.784879241367,25.929673396525175,59.946364725541514
620.9498351292444,279.30623698297876,26.508935138491488,59.09895602027212
620.9227797500679,279.88749279860326,27.141957976178794,58.373511510290484
625.9401754270546,279.33978452126485,26.651274059339425,58.09929319825276
627.7041774748213,278.5121195682083,26.324754167144306,57.72867124203067
629.4297251518158,278.6980432846061,26.049221671737104,57.51737711557615
631.6909141467177,277.4753326700243,25.513615503909133,58.46116422379873
636.6908089389694,275.73648810528476,24.6229338905968,60.60927078129445
636.9702602309216,276.28781806638744,24.333645824381318,61.11179612939851
638.9040174335003,275.8608156634425,24.47863838104659,61.03348200943081
640.4169452193144,276.0980856570124,24.71443217961171,62.19704538818922
641.1877675840311,277.3026948436344,24.69787611804783,63.266115903876454
645.9333828051383,281.0153697255639,24.632034012015165,65.21561355212681
646.115320927831,279.72744189724597,24.50466115908769,66.90407853560212
649.8906140083594,273.5021136745053,24.58711494935523,67.58224161865667
649.3746641141532,269.8300754040812,24.80041217581691,67.97908877412902
653.9914402587737,266.57922507410444,24.643573448587787,67.58468557513467
658.6594684992685,266.6708209284714,24.035239135566837,67.2048700195122
658.925459372072,265.781402032178,24.130595441755702,66.37481107976876
663.4462719953993,263.3219451180443,23.961779605196337,64.92698515812762
664.7828429159116,262.8606575810186,24.20649040432379,63.1520948124098
665.7024469167059,262.52320160529246,24.325698268633417,61.89058048193309
667.4587989183092,262.06428599317366,25.043103480209567,60.41688500710451
668.4193231557823,262.76597886918825,25.387502145003204,59.054283379360285
670.3776543792834,264.7465326369165,25.749720294161946,57.499826625535235
671.974070399234,264.9356498009806,25.447661550616843,56.62441091165144
676.9161029678506,264.042729509101,24.763420746574724,56.19303714947875
678.2697686285189,263.6078610385794,24.381617093237313,55.52062263941101
682.4326597035008,264.5107232085854,23.934294396856234,55.45004649085112
684.9831545566057,262.35871212402066,23.328606414126938,55.4787657730177
689.0264700571292,262.54026213569915,22.83678446840795,55.75046397840137
690.713478309804,261.96246884255635,22.45321619952388,55.679592968861776
695.0657452763585,259.4967392002725,22.23708463305311,56.79443261880124
695.9801442569811,257.71921222530636,22.15898643033748,58.52114901857017
699.8421324146623,256.51165442480067,22.31926361686742,59.15832947229613
704.54219765871,255.86227329649586,22.15802854503151,58.632455031136615
708.8017059395265,252.81815773378744,21.677205686096407,58.59050102929514
710.3163666873843,255.42289583032405,21.016567051709004,59.78904819361328
715.5566147921664,254.14625624992033,20.4961252397276,60.52599274920376
721.6141365022628,239.45368185404678,20.229270219803524,61.684052612728195
726.4434638282656,236.1449263672231,20.38861540758057,62.067355479380936
731.4859424934667,231.07818234598204,20.507369586882916,62.56608266523459
736.0566405592263,227.9181901294837,20.994126302653925,62.632556146235444
740.6117243670292,230.26894816834167,21.55851732657454,62.541822691810545
746.2234811447667,228.16537116083506,22.455361284527328,62.537475585302715
751.727620513205,230.6199874056365,23.381679563031344,62.32937920791299
756.6316404416302,227.90869031217275,24.53702528815119,61.987173323124196
760.798711602632,226.8361134380451,25.844645699607156,60.6957592880238
767.6353923983228,229.9928591519515,26.966008572641975,60.54968157175882
778.3136846744513,232.50571150659314,27.508420373534378,61.7381115556213
783.9147308458233,232.77436206163634,28.20145532723819,62.89939178346367
790.6196968158431,234.38073869243783,28.74903147435672,62.923970627497305
802.5179388028354,236.86763985551067,28.68223805212999,62.85361020732691
808.9675126924052,237.1424573089118,28.63815275773173,63.23516102287576
814.7962443027678,232.8775772017939,29.13950301356885,63.51869301903291
819.3125512938366,218.08470647542197,29.335203431150564,63.127322655370584
825.1735568383634,214.80389458046494,29.412297032648617,61.97472210675312
834.3921016677581,216.78491774987134,29.59735398030457,61.793363100093615
840.1512277824457,214.85986455417807,29.528063962538177,60.98648993062811
850.633652267242,217.41455425456638,29.518892025416253,60.00461440176925
856.9184669560259,217.82853505931106,29.415629415731857,59.758035364930755
862.8042301574761,217.0307558030649,29.459215126784212,59.13071041451726
871.0701418349229,221.63310977725686,31.337708239175676,56.97940441315478
874.4867852523107,221.92997504117582,32.91195028165834,55.22165632721902
879.0155098217689,220.90517588838466,32.28713740372836,55.30069658550673
882.9116122965324,221.86385844309297,31.99963597592986,55.337758122322754
883.28081487048,220.99644314649686,31.633375944363873,54.99916294570906
883.284123952915,220.77847542797562,31.33847174920137,54.65912500313956
883.6402912030829,220.61027072468656,30.854380525342357,54.61348288221751
882.8504486114584,220.96746411254992,30.564415583087847,54.28744987150162
881.4500517080961,221.2073436763685,30.443663884288668,54.09720722264138
877.5899793641214,220.8914736322152,29.89806722397156,53.95411202242335
876.5424496373216,221.79501528997042,29.45347647577375,53.77158012235634
872.2628368939627,220.94104452097503,29.12732693960331,53.252072958488625
868.3972135393342,220.8493391297706,28.527446482112207,53.11898659381413
864.1422707878222,220.43971436535998,28.10349981655714,53.444223588017074
858.7065817361351,219.15203912039493,27.814766492624244,52.983516844136744
854.0804968816968,219.7997246382969,27.495251364159397,52.660124234312356
848.9229827018733,219.51824538041976,27.168990966482355,52.464332072957916
843.180452774527,219.90999312068791,26.861041063179325,52.792726908431135
837.2593496153034,218.68016067812277,26.701124502598134,52.749151208234245
830.3534655349151,218.95996022854467,26.982207238569973,52.675287762221394
825.1427678160165,217.9524441857288,26.75528057095959,52.21456820944065
818.0499875144078,218.51920785529444,27.01953551774392,52.48841620600275
808.0325278000588,217.3433875126477,27.06160178176912,52.4865381668547
801.9910176142035,216.78883727437216,27.362058943945886,52.1524686919669
795.9148588328269,217.14730402684322,27.442790851486823,52.15097331454243
789.5304795081757,216.30570153921533,27.60242817815725,52.08324571552608
782.7760343771536,216.79663170460475,27.922162861588326,52.00765380258247
775.5912138329539,216.95391887754707,28.193287485754073,52.14716197551382
769.6810786935959,216.5300950570486,28.579329821049885,51.70624815315471
764.4117710520253,216.44119193781626,28.72765198285309,51.52347305321381
759.2858630724473,215.69746164727172,28.64383371044169,51.32813620235708
754.3407100751159,215.6209100433403,28.606514048976578,51.082300784168986
749.2033066884684,215.69810861677018,28.49741827252793,50.75991706552043
747.9291819706431,216.55485835031013,28.317606985827517,50.80035663099518
742.209582620129,216.14950273085768,28.40389278402366,50.70924107098419
740.7184994464878,217.11204581802485,28.37141164748021,50.90576267710637
738.8395138708688,217.53944439829576,28.25439972643734,51.606515972611646
733.5641671398198,217.65454579947502,28.39292945409954,51.29660208320508
732.1317784425339,217.89065023688215,28.51904770522338,51.20664572275312
727.3801383184599,218.22214994535955,28.49008327105933,51.02591872215156
726.1851551127843,219.55213907859562,28.505523658545922,51.08407414365245
724.7272035334141,220.18353066853206,28.61483411442058,51.43070196498503
719.792277308948,219.76547532331836,28.571777055601494,51.3363581032388
719.0407116326467,221.27825084298752,28.527426156082964,51.37923844131136
717.8766310845316,222.57893127011704,28.482830294305426,51.580358284684145
716.4888823327896,222.8981840717363,28.708546475310165,51.74135678272202
714.8103377876827,223.37273148826958,28.83673370242591,51.78125422346301
713.2573608480135,224.82348903140058,28.61162741063694,52.16106185486761
711.5311485692973,226.11691656649947,28.50187955519679,52.45230098098945
707.879585298434,230.31501453515733,29.559529374206193,51.54009046771546
707.532331797079,226.51797700217585,29.348609755479227,51.6096112810539
710.77526297872,228.11142286656906,28.975104054947543,52.22811873172612
709.1670235221017,223.96376967104234,28.52970795864735,52.699352761787125
706.8645230396015,231.19978010299386,28.457222503969778,52.98358609405107
704.6625528378436,232.46717701425342,28.509682423477077,52.961463742174054
703.3548837328849,234.7748827630931,28.532817254717017,52.98208816368411
700.449021704583,236.0688203679807,28.816618204173636,52.695178263052014
698.6498358099898,237.38781341743717,28.828042552258943,52.71604211874414
696.8029617473271,237.3689759158718,28.8132387938868,52.70267543683012
695.4160865314668,238.37917701718146,28.776715101461836,52.73129733928282
693.7724887682276,239.35961550297364,28.76397481022178,52.75844925163248
692.5364726273388,241.10874018492893,28.72363292932554,52.81993399378573
686.902617200407,246.07400081158835,28.76100950126768,52.87842927336489
686.150522244336,242.0819588209775,28.741716613879657,52.92145604938641
685.7828039829344,243.41835139765257,28.7190343880179,52.98940690372667
685.1271086778935,244.62223418674185,28.714571759994058,53.03066147287169
684.1529181222028,245.14696773721425,28.71628806119483,53.070817823159786
737.071621531183,297.02757435773395,27.87652376032399,54.55260842733531
735.2874669741533,294.8181453411787,28.299234462823577,54.44184533617815
732.5056238088733,292.5440253358184,28.902570279925214,56.124985201558815
729.4805881479558,291.3601661103194,28.9814659311364,57.75356898325286
723.6455267966057,291.30511832304666,29.468829348863423,59.19292514549066
718.3399403367697,296.4737508037223,29.880427798015504,59.2617394764368
713.5760064978444,295.7078886949738,30.333943211461758,60.000869857149326
708.7914945945353,304.1627240759681,30.687562507582005,58.492646391303396
706.4281227442673,304.9326639870116,31.181653543933304,57.17362895782718
701.3741033693592,306.78540022490677,31.43885077153277,56.395579959209755
690.2602835269163,319.6342919585756,30.522138497190017,56.45602670122262
689.6634110563174,316.65311081462636,32.100346480408774,53.6432882811133
684.4052690724649,319.1090460695136,33.16329754711276,51.240064974784225
680.1616151546898,321.55970683652333,33.76417893384094,49.62001275266971
674.4211983065204,321.6568574804503,34.059800494864696,48.24401993744911
669.443330024617,323.35116239926634,34.08330992396701,47.358100415063596
664.6097289894622,325.41187677437415,33.706493248854265,46.588700034751554
663.5693466189697,323.9658403759004,34.09822257418987,45.292280533572836
657.4811410495065,325.020620238691,33.991835899700725,44.47773971935342
653.0520142577479,328.49517861676367,33.50105708117915,43.76831708170774
647.4470936089582,329.58847674289916,32.550720194249294,43.50857019467111
642.9939171268643,330.51376681912467,31.664439148122312,43.27634948874577
642.0900790697817,330.7386550032214,31.102754338520267,42.7996670493215
638.1622920618515,331.72977614211464,30.490306961558527,42.56590199207023
636.994185737054,331.98848584389594,29.842510822091096,42.221408731319436
632.5149848516021,332.5966626472525,29.178891871559212,41.93441086515347
631.9375266983928,334.31292155018264,28.80096017745126,41.76983882574222
628.3621022508332,334.3179929066539,28.308983469085547,41.369977073598015
628.1283884659425,334.7446541642653,27.63898192071048,41.615582413866775
627.6714213656717,335.22047349190973,27.28461797214323,41.712456455797835
627.2324974048568,336.0193638533967,26.825666749028283,41.74948677656313
627.245891517126,336.5626777872365,26.593590963669158,41.41451073240418
627.1236194648493,337.3184244622675,26.405274723574244,41.61628065558132
628.1101726817398,337.61705496342273,26.655036017072995,41.86495094485108
628.437165899212,337.49246479442576,26.910583500032377,42.25622666982702
629.7852984034831,338.368216548447,27.21097300198803,42.18570026787889
631.536546182605,339.10924025696033,27.30184525876207,41.97859012292409
633.0387513763615,339.03714062852447,27.344320600085197,41.99865848257181
636.5492144499981,338.5576050678186,26.98269334960144,41.86631074164074
636.7077573199534,340.1171946771698,26.963301935137835,41.74943917636553
638.5841052420128,340.288065700156,27.114248507019543,41.65953563566124
640.0885870014259,340.56937917562294,27.313946544437247,41.34446818744811
641.8394033371978,339.4077354601115,27.420549232085136,41.119569793123105
642.7307605072242,341.51868082943076,27.5605677220802,41.78476592277066
644.0302265034203,339.2710523089368,27.52296175660446,42.30717550205817
644.4585749967838,340.65967098537203,27.557698545302348,43.43257896873733
645.6095272527623,340.5799539300801,27.636818870839203,43.87137960234864
646.4064634868242,338.5100059032899,27.608879391836005,43.95789087504527
646.7665000027425,340.2603336584385,27.622396664850925,44.256687192750874
646.7052784214637,339.74209963357333,27.771313567524302,44.37428091911315
646.7935393330067,340.7181016325938,27.782593865481434,44.62978786925338
645.8571596709929,338.99665039048756,27.562819839518248,44.47164975173554
645.8393298465702,339.68706986181604,27.684663475921425,44.191204223575895
644.6064609341463,339.6797074640883,27.580438799243325,44.097542681274234
644.4535459915022,339.72512988947307,27.74773848977214,43.85171124035779
642.4261580877035,340.8506210915989,27.939105731848585,43.58259889130478
640.955585558083,341.19713433579614,28.221084693448432,43.08602554209618
638.1873255647143,341.83073436070833,28.41577442658476,42.74688489139981
635.3844844204668,341.99370349884833,28.54614448210858,42.37656459801399
631.3724693909885,340.9246815969283,28.611864890644007,42.31018259008647
626.2967176856224,341.86919295964276,28.938486747726245,42.113089562647936
621.6943409478683,342.3194148728242,29.100343952482394,42.330692973681224
617.358202062248,342.1014319599718,29.31950530679216,42.39904152009484
613.0273636922099,341.7372608724535,29.525311418511386,42.544136629587435
610.3677113653599,341.7166321161891,29.687304632697007,42.44170495673524
604.7313692009104,342.79678006564063,29.90155924357844,42.39668372557213
600.567931760976,341.49456106600445,30.111452617099758,42.507074083090316
597.0394930461449,341.7093926784098,30.12507281028106,42.6924431139291
593.5019241002119,341.14429424032085,30.030893456663748,43.10641812111517
592.0762600618408,341.82449608349,30.075916840184014,43.063252527199445
588.4442722525125,341.8877920721128,29.944073271676086,43.31681399734341
588.9634005371449,341.9078305656308,30.135200528667124,43.18509843779333
586.0941092329382,341.47606137742105,29.91952898669002,43.39093913660056
586.1053580009939,343.05333269318226,30.00486714572608,43.326541854580704
586.2910326124338,342.9466846813923,30.075661303488143,43.2736711017419
586.7186280063369,343.06505721191587,30.299508420421418,43.13459899489649
586.8659120774943,342.63212894818184,30.18911234217271,43.12661632282148
587.4385148819875,343.0588517967025,30.194269344002947,42.980916952703545
588.5464115259764,341.46402744892777,30.288076886103404,43.311591668303066
590.0654660182125,340.4565102253514,30.119107334538228,43.89532380641955
591.9903968340641,339.74236532376716,29.812358696075563,44.39831223658316
594.4773728668928,338.7683849200791,29.531676360032304,44.58489928564322
599.0147602996353,340.2392804459322,29.827382031961896,44.242995366581674
600.7067067868062,339.29731913919215,29.649481279452417,44.52214195524336
604.7396534984001,339.5487106931496,29.788567752809946,44.28606376428256
610.637236760257,338.3511839949955,29.655486762238212,44.548652990134784
615.8338922480161,338.5300695114261,29.68657706998418,44.41261111662866
620.1157774497566,338.9682515539866,29.910906909118047,44.14327217799209
624.7282891178023,338.6673751043089,30.022022298307334,44.142463961128854
629.6212278863682,337.9474305107693,30.31014130506003,44.16255453561344
635.9634282783014,336.1788102938062,30.07280205988973,44.69047971723572
641.2962668875444,335.99499358887647,30.173288667392416,44.91945502076809
645.5912017751554,336.6981449499094,30.23674301936789,44.97752624489201
649.7454936884883,336.22401495969206,30.695451215407044,45.46678393913102
653.8386077496615,335.9091479602499,31.014184106854643,45.742931681511166
659.1499155137304,334.81083840953306,31.16863385581642,45.89698043039065
663.5959789035046,334.4569240553256,31.777002033238276,46.454867739112096
667.069432965944,333.50850376515535,31.65113167767701,46.83161309030368
670.1621188987615,333.05572091938643,31.67382198397798,47.079835096214595
673.2080812472133,332.07956146239013,31.515406160060415,47.36716465798084
676.8935425089329,332.1128185517212,31.548640321496677,47.315547358291354
679.300384059461,331.9442998554169,31.43918895948476,47.446197633394945
682.4542856989133,331.9437286479819,31.370426055335926,47.544269903909594
684.7791374878304,331.4981426572092,31.277246277397882,47.59746203230176
687.3961616966195,332.34592195630387,31.071605910356766,47.536840005233614
689.8152861313217,331.36763455647963,31.561883061002423,47.3653737759057
690.7009992357417,331.02397907239606,31.620511492932366,47.1926972467431
691.7501623458528,330.5014883454512,31.29407519771329,47.07582562560539
694.7409558610497,330.383966935973,31.293583481345326,47.5211930896042
697.2242889043276,330.5480122840258,31.307195886763363,47.95946041142005
697.5721243163676,330.3164338633431,31.149276200893535,47.78677880378417
699.0167744198151,330.6007100728616,30.933676803477617,47.78304679356826
699.2923250074384,330.56218076541984,30.86908039159558,47.81043767752433
699.0919124726523,330.0312202534252,30.854295684194135,48.14176513938744
699.5982873292766,329.76133420294224,31.032457740812553,48.364530890789766
699.8995363136142,329.86128766229547,30.97246187737327,48.36906508734337
700.1117739205845,329.3453216884827,30.983424759956076,48.726915828647144
700.1218616618465,329.17251409272285,31.14203095074409,48.85997929227592
699.9390843643819,329.76836953524156,31.351343771114507,48.815299118412554
699.1094354660586,329.00859055057043,31.23214172607105,48.906910997056556
698.9563281902157,329.8109614068076,31.431027467959066,48.54826863741883
697.6802968751656,329.7896341934745,31.416331703817903,48.63318197864514
697.6324843338516,330.09654403359656,31.54910541855497,48.62422814741911
697.1124664370694,329.4455513604669,29.799295507087,50.283980568978734
697.4411040124708,328.1144535243736,28.152341615783012,51.72342414689652
696.8476818394098,327.8117529010571,26.972762355032245,52.80570710620447
697.2044815271003,326.63381663043555,25.971806096363927,54.00656703987318
696.5936654716046,327.7374135904722,25.131218587604277,53.702818244426
697.2837289054327,327.0931604461802,24.704890073620266,53.503117908025295
698.0424892658772,328.0221572312564,24.35261059418616,53.96397318621578
697.7577365868271,328.09802227957795,24.400078982624578,52.98883174409086
698.6647295226707,328.1803044370207,24.108252448935062,52.70049075493461
698.7402485110397,329.5973827575652,24.417622623346606,52.81173745132435
699.2297782478757,329.71017943500135,24.599096697075982,52.22817165334822
698.8505116448674,330.4493035113341,24.52699358059425,51.42795875992952
699.4068834937044,330.4901831945859,24.293470189793744,51.06341433540446
699.5157610000244,329.41630965451253,24.194200612997037,51.09271268126771
699.7852605364163,330.7141360010237,24.493417010527246,50.237749742731495
699.5142298777215,330.4428488337698,24.52858099763289,50.44995207153814
700.6238849774348,329.64808930244203,24.694910465717125,50.601972326286585
701.0366620745291,330.7534648724812,24.780510780119265,50.668770929860635
700.7920063504332,326.8921296811237,24.773035008071442,51.3589100511315
701.0105369843188,325.3597790520922,24.64589402147192,52.78934636321059
700.7984679172056,329.16350262443666,23.978709972089618,54.69026294227662
700.7930833484634,330.16984564548324,23.586688920784532,55.794812799155025
700.6189607060259,336.17402725981634,23.39032024825449,56.49930204851613
699.5348927162574,338.91259859474644,23.29972867728477,56.81264142287596
698.6795915647745,336.9543401931363,23.155533378550803,57.25978213890745
697.5414173331286,332.63551715838804,23.07051890772998,57.69710128884832
696.0134071483424,334.7073462294696,23.0457678310744,57.87332601640567
694.631106816566,336.04939470488733,23.031259731886095,57.98852186838085
693.4416458362266,338.7346583485214,23.025134495223075,58.03683308208932
693.3762346890427,342.0631604073335,23.01514019046013,58.08514503120699
688.8458304690895,350.0016579863632,22.95738116363077,58.290991746316514
689.0155328097372,362.21427792573155,22.819421510521185,58.97239745168629
688.3267596854828,366.3977642248404,22.891197600262366,58.994504901076034
683.6166139730456,370.2995589779207,22.81578151323489,58.9945710193051
678.224583924574,364.54295910442625,22.398647800668854,60.134759177243744
673.615966397919,361.5820471242964,22.117082576268682,61.32370635985443
673.1831351695886,364.54656996168256,21.967927675866388,61.728954050560674
668.2351768071818,363.24342472531316,21.659429079329893,62.34952639223414
662.9630629593106,360.3850299820797,21.455202681139042,63.2112681759118
658.5632730314576,361.5637414795668,21.1206940206097,64.33097011036571
657.4494645470098,359.2364127718233,20.901415390140052,65.64577280859797
651.8999814095056,360.02058408436403,20.728541569628423,66.73998730860814
650.9983167391986,359.79150236605074,20.80963046224445,67.03235792239688
645.4574807330581,356.670791759904,20.60212648728177,68.02559826844889
644.5259023013183,358.077290939411,20.68765314083858,68.27386704696235
639.2367851768477,358.50508911436793,20.6224633556613,68.64640914385629
638.5912456574541,359.7548344853307,20.761083130646814,68.79553090116784
633.1811276365097,356.82220033615835,20.666705448780757,69.25173824446496
631.9514558504048,358.84268685952196,20.70349238227281,69.36961014555267
626.8042919593453,359.2676458019153,20.653813626000893,69.60721798613064
627.23882500713,355.84003381728667,20.620243896455406,70.0671005590561
626.5472027156319,356.66566126231226,20.621118841962247,70.35690275499583
626.0861783586085,357.3244311271673,20.648975396833126,70.51119053230481
625.4852166421101,358.51817812542834,20.671176282298905,70.58140704031456
624.640589035566,359.1208954635274,20.69550067492203,70.65585431830961
625.0542968687148,356.4709054730582,20.693916719916622,70.72621288887808
625.6574082138824,355.5566592551075,20.69328678108435,70.74551993907548
625.632641432067,356.5089281790305,20.69853081911708,70.80291820744809
625.7147511189821,358.44651308529984,20.69996287100596,70.83151884168669
626.3718349841611,356.1946007187457,20.697895074272424,70.8790938608973
627.317675799287,355.2491752928042,20.697338169362105,70.88552479471998
628.4214007209545,355.52531604562876,20.697217599251115,70.88821575887755
629.3638504469202,354.93410572621144,20.696987332004447,70.88949430596102
630.2902989114126,355.3327789780281,20.696626246868913,70.8972216596352
631.6164621761253,354.7329606938096,20.696351166265533,70.89933463416958
632.9080754692229,353.79469473792415,20.696298570319918,70.8996314184915
634.2166254808952,354.3459042441808,20.69613308486281,70.90103189545721
635.7728523414313,353.44651420598757,20.695949003759495,70.90270749396133
636.9769607331101,353.7022256260197,20.695410824528004,70.90673620438075
638.3443680941116,353.6724725667145,20.695187586594805,70.90868427074942
639.5573526049726,353.0283222978645,20.69507014835358,70.910000483994
640.2452971211517,353.9819580276047,20.694551380048733,70.92670163117265
640.8052331864541,354.5888886148717,20.694471353211377,70.92925776926074
641.5919859418317,355.84933137196174,20.69452631875919,70.93262586187691
642.0132764828697,356.61364114135904,20.6950761828425,70.93522675917846
642.0211180494157,357.0325003935256,20.695479605768103,70.9378684790923
636.2490762745564,365.0181947499402,20.735430884673583,70.9145493387118
635.008812240525,365.88137818933615,20.761798262428723,70.90259431466397
634.539273815745,363.59960919255235,20.769370087555714,70.9301096451151
628.9167954942117,365.99920293803115,20.792029062165298,70.87922032233989
627.6976058966776,367.17407500968176,20.84078127740554,70.81023074523121
622.5420820468446,363.73729247576165,20.842956754171116,70.86030233238914
621.7486211271766,362.04302707165925,20.8435790548946,70.86584134982246
615.206527135336,366.6762441018184,20.90340256714046,70.8759375553122
609.6685315216389,364.03167485462546,20.904411151407206,70.93348625553912
608.9920693972892,361.61504148026745,20.904998993398692,70.93842773264875
603.3916453652968,364.0378711817916,20.916720088999924,71.0135694923201
596.4144009331841,366.01019890619705,20.957442092263438,71.09223805626556
590.1383593596404,366.9606930954004,20.98317140329114,71.10992402764367
583.8091889607846,368.0152187614221,21.01149873512152,71.13351925626931
577.6927587992633,368.30781796535337,21.029700320981394,71.16912182039168
571.8891282354793,368.75929530443784,21.07880257403752,71.19451467020349
565.525841803753,369.40294081013263,21.147474627248595,71.191490249886
558.9811797427375,369.4642530977212,21.280828938793686,71.13820332584234
552.4025457851603,370.0970686009449,21.348487707829936,71.1513037847347
545.9504356983757,370.4671323821675,21.44102899498564,71.16550864549959
539.8971063707905,369.9756288137856,21.491914868783788,71.20255269756574
533.3304781586755,371.2473848002773,21.573795903914785,71.230750834293
526.778900888508,372.5014820963463,21.663115490941657,71.24860251824744
521.0630157221583,371.7571170608177,21.718600270662574,71.24230385509762
519.2214747779936,372.63215395927847,21.818485757395813,71.22592294262118
513.2517039795209,372.8162742921582,21.863682070832976,71.21245749701745
507.42144557724686,372.6194661395076,21.90239940638696,71.22555161079417
506.7215808209799,372.47460691658966,21.960517295156794,71.21549919476597
500.9504696475753,372.383401336475,22.00655433923168,71.22814303483916
499.80329048340775,373.8187467254931,22.063157607370858,71.18297920954653
497.7459407704964,373.5828170200934,22.12427913326065,71.15306490532669
492.54138467020766,372.25277934249607,22.171676017065643,71.15116249257696
492.47388214175913,371.72708415701067,22.291066946222468,71.14980942864176
492.1084730766886,371.65636435961227,22.44549010117817,71.02846850609889
491.47622558425815,371.25242468649094,22.588836857393765,70.90435406982125
491.765656762777,368.30105681573133,22.633594414410904,70.97364473916635
486.6685955946409,367.8740418397954,22.64199630695751,71.07413363869678
487.46717795641445,366.95140857947126,22.651705334097116,71.11491412304441
487.8614392487028,367.3729309426498,22.70930525280099,71.1158546562202
488.36437465093854,364.4256977439358,22.74043009766731,71.18823233523392
488.43312216330594,366.13944087084093,22.82215648606797,71.12303407962318
489.0424471061197,364.07973445981116,22.895629202903248,71.14345407712828
489.50574304359736,362.4170633762515,22.94098827618631,71.20640420018015
489.4474009434155,360.4657690770925,22.9764897880754,71.27551673190882
489.1012816783953,363.2909141319112,23.028000798126808,71.23170149867522
488.376140487715,364.8758094215569,23.119298709119875,71.09947042866119
488.1929662356176,361.89490256585043,23.173810911034373,71.04307945104829
487.8918478916043,359.86691294913004,23.266570818169505,71.0047927466838
486.5905193357148,361.48133546627776,23.43063692653044,70.83734264227428
485.53009765626723,359.414356405973,23.50948881318145,70.79456583856737
483.95182698645215,360.8021139554687,23.790855868830217,70.43079533414992
482.57218409723106,357.89600363791527,23.97922809403451,70.18225070283832
481.00076870681704,357.2549826319878,24.0414385860137,70.10539741287445
475.4131254172748,355.0186559740127,24.082014853208566,70.07381450751124
475.1740085479458,352.67155113289584,24.117257037129445,70.13650439528082
473.8658068919673,356.76045170494,24.509422430232693,69.51150533706887
467.94728931114463,353.73240382144866,24.715854755269127,69.21784629371841
467.7227044741854,351.3850182486576,24.75070863924965,69.16134905245963
466.2732162163696,353.63267909402583,25.123101960148592,68.60720496830584
465.2003487556479,350.3321123530036,25.325939323379636,68.3595273007532
464.6871174720393,348.3242333361607,25.31044451220937,68.4151284168669
462.7197541508253,348.04329861070966,25.312865580220347,68.28916217440965
457.69801719636285,349.32959378310176,25.746552501840494,67.5107658127034
457.8534819563728,346.24433298046836,25.910718045268567,67.24292481955104
457.63204197726463,342.98857201929366,25.878363643982055,67.26981854136939
457.42548937393997,339.63776370597276,25.821248612661105,67.5683399226499
457.27557164556055,336.57938825379256,25.787344639707563,68.13364295866316
457.3793628454633,334.64603572022213,25.755796511619252,68.55256288672007
457.5634301768726,332.3994259542266,25.700163189905098,68.95585093067402
457.97559004495304,334.8451840624294,25.677325296738925,68.93263181433568
458.386152881712,330.2974566262779,25.66290509807445,68.99668028405077
458.8041184776983,327.0052674748755,25.60128908449624,69.36760195614869
458.82586567022736,324.21770780255775,25.604962659992417,69.604817801181
459.47155813533175,325.9346252145979,25.684028464875816,69.61513580913194
459.9701813164814,321.98562158925307,25.723868947020783,70.01392984113258
464.30388123733206,325.83244879281955,25.78272547586394,69.80441869114074
463.9364245773032,321.5604857651028,25.84326284463145,70.14217752550493
463.4397855360662,317.42820812478027,26.0345413581663,70.43420148748547
463.48785849767074,323.8357741122997,26.408814782243454,70.11835234936065
463.6431435161202,323.02364174591116,26.629520315737157,69.81608099891633
464.11507947558687,321.63204830840414,26.85603280384728,69.51438227670133
463.8077206523828,317.27099932143324,26.953151880862304,69.61576797036967
463.96097009199065,316.95655173579587,27.09549499068697,69.5928415283327
463.66458481120816,316.14380699608876,27.219018598526038,69.36307492711948
