669.5,392.5,22.0,65.0
667.62406904096,390.66354069088175,21.82238351117394,64.95423322967144
667.0863601002094,390.5541295775319,21.95910810768662,65.5644966525743
665.7319520439477,390.08451711135046,22.467122847682102,65.82041644062721
664.8693287286495,390.0977644332988,23.084533231787844,65.6545968634401
663.596194905948,390.04287216976485,23.97897425708895,65.7511632996385
661.2224685294345,389.62240866666946,24.893436602172105,65.85239886953855
660.5466274353057,388.8987960016592,25.77969037846929,65.7035776325958
659.2590762816596,388.8203886481054,26.68726155306336,65.65418659913249
657.7991729733959,388.98580023022356,27.497208703037984,65.5497395660731
656.7267974279775,388.1756196111529,28.010270364591555,65.85578989589678
655.504429244346,386.9644693214875,28.430760039197153,66.3761453610918
653.2925671840509,386.0490938383594,28.496333200772504,66.58330800375498
651.4525402124785,385.3091671536041,28.234091354198647,65.95890736592601
649.3716455907916,384.35393027694676,27.60729064319636,65.50416939400577
648.440060750927,382.9891823158688,26.836909917423068,66.07237443214373
646.6546730824571,382.79350257588214,26.2409701092519,66.20645532072258
646.108504943199,383.6650470117127,25.840111688480594,66.29627722519976
644.5055954182956,381.3913733007761,26.123703594046255,65.41086154740263
642.7885054566374,381.5658738862168,27.06764055929384,64.96955024592499
640.4630487628247,380.4113100582148,27.868044303364414,64.60875459641755
637.4282697868133,381.21633562598527,28.845514032883543,64.07249103087632
635.3542260743919,381.28371486671847,29.34811367238704,63.18478474209792
631.6804111864129,381.0040998720154,29.70993364533598,63.06413178787381
629.2073669013942,379.7370657929692,29.833000326640576,63.189411026517405
625.9143795839369,380.69619804824805,29.64481314591182,62.50679467117208
623.4334739578845,379.38605433088446,29.41785601117561,62.02451443316982
622.0090421795927,380.4393730726255,29.05152915714534,61.60586642303063
619.2430219466147,378.5857706527811,29.013705350029966,61.266719353081996
616.7602862256983,378.7220575876604,28.96269491548942,61.14601627046703
614.7395029953149,376.8371582093617,28.553188683385407,61.14692035467067
613.446023084783,376.32144678544336,28.564080818368314,61.39383366290319
612.5493120923277,374.0496455127141,28.598641261530773,61.83700047456652
611.1745478343082,372.7228108687915,29.052826140103285,62.77655342749648
610.024599144314,371.78486290267415,29.345033328822613,63.04615973456337
609.7028432068169,371.09896747757625,29.556677544725055,63.4841332577366
611.0545929658018,370.3135547973992,29.057017805655356,63.61031333248438
612.4710951994172,369.0635758127397,28.955303917266683,63.96353444152808
613.3577842610902,368.2919138711597,28.6803040707456,64.30229077307523
614.9133798120654,368.7954921525961,27.599001598708494,63.70339017471995
614.0652087383621,367.9686688466101,26.717970956732103,62.302241998331375
618.3209009951865,368.03504157523304,26.269742571013023,62.97226828819778
621.5636131554271,365.07277608401955,25.947806638593473,63.59747666549168
623.5360990596557,364.09000421827324,26.326091322751004,63.677831936634384
625.2197958274791,362.153386649127,26.709466448603386,63.862687548788486
627.6486321564582,360.0540380158967,26.669329667872763,63.91815962222542
629.5377432760085,359.01744515099136,26.223394978744594,63.46980542550719
632.1477962344828,359.2632396307772,26.342584449064113,62.57359227202869
635.1577224625631,358.5773274644798,26.03840305537304,62.381655370340056
636.4671121703208,359.5047823222866,25.867157485759318,62.15528354802179
639.2937002542515,357.87469780674866,25.258033441921334,61.89439664228424
640.7062185085437,357.5365986659526,25.15054125058237,61.910250978849966
642.7950664179544,357.3904064089893,25.141676780180003,61.8921297449815
645.5691472217279,356.13792329578354,24.913392797144827,61.73519616632406
648.8059478520606,355.0325805912267,24.60660061851069,62.13449284443498
652.3123015767737,353.5470368148209,24.993508456865232,62.93136245786969
654.1155111145945,350.5951582271026,25.584763178830954,63.30969419919366
655.2171431993322,349.0696620808945,26.099891619905478,63.62755985129011
656.5348095655612,348.7995102917147,26.463995504345117,63.6417912851414
658.1309261284329,347.6404825266056,26.6035595015572,63.344997247946296
660.9053479941781,348.5507753547596,25.60333790141434,62.825515064347876
662.8794070417241,349.186734027105,24.52992225993557,62.91502919911115
665.3206291154245,347.92336832254006,23.51281834538387,62.93450553087899
666.7488287974927,346.20243060564604,22.68753951995899,62.55721382752098
669.6660784597818,346.39708878068444,22.46291730490833,62.60956345468375
671.7916590853791,343.0639730690489,22.642216029910166,63.58146609301214
673.9099613501613,340.7466365208256,22.931095108591567,64.57477604553802
675.5841553551687,339.1900395948781,23.16555683955881,65.46746656720227
676.8563480629465,338.2477693387283,23.77046484670222,65.62792723216599
678.0405457506583,337.1855499534093,24.341667554774553,65.37543433547614
680.3576860253736,337.68111958777536,24.466732536807626,64.92193259850143
681.1667670415384,338.331800603879,23.914054312995628,64.42650702202073
682.9184006806876,337.6890524129426,23.885475564665576,64.06035881637666
684.2829094981015,336.9463669559478,23.71025732063042,63.70184013628827
686.4518526897632,337.26903363111734,23.409714916188896,63.29470485766741
689.5547908813638,335.92485926301333,23.247878736082228,63.2667504837527
691.8027633804724,334.0166983054361,22.774235888591388,63.559846376186954
693.9665189086119,333.4116436167637,22.626122892157277,63.71373069211505
694.9582311032357,330.4364024494682,23.060060477625917,64.0106051813997
695.7477147324857,329.71559662331714,24.259544661844274,63.540389865508686
696.7251944011726,328.8447780860363,24.9455891715926,63.30910974093558
699.1842737772315,328.0934457390803,25.303299788981704,63.34811359862768
701.5664236811198,327.6417715860854,24.76320833615523,62.7764819079364
703.1851270551101,328.0292589963012,23.860860992547707,62.38876204088906
704.065132222541,326.78727915490947,23.25696380542148,61.892356685754464
704.7598828424221,325.51480889263553,22.719191541432124,61.647014245595976
705.5260922527491,324.6198496416294,22.220152513945294,62.398362581974055
707.2441152948217,323.3526206784404,22.062640603765626,63.1247058604867
708.4699517148391,320.02770227163256,22.250087627240898,64.17448507217377
708.6852803018211,319.8071756401814,23.104489070868723,64.40082106613221
708.3289901633852,316.30205214791886,24.073019977451565,64.98772677639589
708.1731871208418,316.05402879527617,24.469916375305434,63.7544568894648
708.7334498585723,316.7273710321131,24.35988465518517,63.650935763035136
709.9671233150478,316.21451611014265,24.161183744049904,63.34909638784467
710.2259653775116,315.3977891579122,23.937228179331694,62.637136130623375
710.5736665875482,315.0081695826037,23.512962758388447,62.076172949697394
711.1195936291795,312.90167475745415,22.908144039038707,62.09566065068627
712.4851511810241,312.873245776771,22.59129909793184,62.65076298704297
713.7120779335253,310.649409924087,22.259148025561903,62.694455390958254
714.9454618919874,309.3993689877243,22.049808516306772,62.77234588222932
715.5418945653204,307.1261217614251,22.228193083810133,62.68299991887311
715.8958487040409,306.37379585046875,22.234460388301265,62.48938189673058
715.6571112942725,305.2374849565683,22.23242811917681,61.671406054984345
717.4184386336696,304.0215531062595,21.99720110418574,61.203190028429205
717.9170727992091,304.263329593912,21.675701744549816,60.639938795975866
717.8946913837757,303.40877888518344,21.31549994958129,59.98348921855995
718.7692426461718,302.5944312608928,21.06690621003657,59.19659060460761
717.5188802494029,301.2459623538303,21.089703557209223,59.55880017776592
718.1048502975058,299.8553068838153,21.106661428342015,60.191129069761246
718.0682730102485,297.2714381600443,21.19751457953037,61.30647975659157
718.1737021203492,294.8090541272497,21.0904052322054,61.9315294422064
717.5913444824668,292.95421756717707,21.802420012250174,62.37263595392271
718.0491176752057,292.7526781632848,22.566792869631097,62.372908837291526
718.5631420377939,291.6446912636071,22.953811340347173,62.122177075962725
717.6723474098103,290.8112774267261,23.419182458573328,61.89999551243537
718.4348655273268,290.48788527401064,23.49488296079145,60.51131147794629
719.5366985726876,289.6929910024778,23.393373986006395,60.81136971057185
720.2226920103595,288.31938226963405,23.040803800534995,61.18093834584556
721.3842982412726,287.99076106128825,22.616435223176858,61.28961495757878
722.2728082405824,285.9700645826647,22.122403057580375,61.75973744897509
723.894745577007,285.0217813944047,22.090140609309987,62.129064383623486
724.7700041952168,283.61802908296295,22.01098529610847,62.04612949616143
725.6861859487973,282.7031301615802,22.14538254353252,61.58848584684626
726.3526764098913,281.5952507034435,22.133718221190442,60.216610914929305
726.1563226153335,281.43125060443725,21.756665916888828,59.246600048412496
725.9862822596577,280.3323176783025,21.546310250714892,58.16543533923486
725.7843154177817,281.01993300725985,21.58540354616884,58.100720323486314
726.4821294792581,278.67171453730117,22.11503334443499,57.971687769537695
727.5685448922916,277.4483383690163,22.618405053997293,58.345715763761206
727.6535824941085,276.5541973426023,23.11535005204665,58.81235827877783
728.1859838772924,274.3848734526613,23.349631829860503,59.48275144478358
728.6994045449145,274.80670504417486,23.628053656275668,59.68365441623642
728.9370092261602,274.27646229802644,23.829157813262174,59.97093486664788
728.3302216112832,276.2239280299821,23.471359461129737,60.14134582903662
727.4264721656621,278.32071743762515,23.9507933146447,59.91233658238454
731.1944819352194,278.84420713519705,23.554592443895338,60.211845782249554
729.5188703052391,279.4472368714329,23.77817807911539,59.94939799123922
729.3920200506427,280.7108037902137,24.1430090121522,59.48653488846471
730.3550381302435,280.93241122947353,24.60167911172424,59.20458951079662
731.4932157877879,282.4267870002213,24.866031384831334,58.97368480157654
736.7505646692241,285.2759488562353,25.023499492625522,58.78800824149549
735.4242742515289,286.03719040693005,25.093954902677172,58.73059538775608
735.6596933680053,287.12070903675783,25.205427882740945,58.643287923556485
736.2962776965788,288.86546771783856,25.241138958679386,58.61237370508707
738.2717734366669,291.2166130659957,25.339379007739165,58.516737652785146
740.8526302559226,292.5711324960737,25.34734405727697,58.50965983312602
743.8268903638091,294.09572929297633,25.35746298640154,58.50057086693008
745.7571700302358,295.3820653182597,25.36819719831733,58.49125903059668
748.2703172177946,296.70961320442314,25.3725381801027,58.487380480483544
751.5224284508782,298.04170431693416,25.37446882062492,58.485559400481016
755.2138200886453,300.06395032222304,25.37777773106493,58.482259921488954
758.232093199263,301.8712612693455,25.380399390841653,58.47963300900978
760.9397799308138,303.9432833975411,25.384702708440756,58.47539406954362
763.3687915806556,306.75504037458734,25.390607249943557,58.469618839206106
764.4177648360128,309.71608240932136,25.39623787622252,58.46424610015185
766.1580353482293,312.22409646517957,25.398864261686477,58.46173203033604
769.0444720468569,315.2039959498257,25.403244492208362,58.457645856301404
771.44732705281,317.9006662180314,25.40907889863709,58.45208550940408
772.7944685316183,319.4441887675889,25.4247502028001,58.43949209524093
775.0216177287509,320.1884562817969,25.443563438021183,58.4262915919332
778.6309025457764,321.5773043342777,25.448283770553367,58.42240801939657
780.885097937772,323.9113970977207,25.485231140401233,58.39143143110921
783.4773740228051,324.59016768599884,25.526391746519238,58.36020315414243
785.0080390448857,326.1555139731383,25.568879642116322,58.328042541304626
787.7351141720953,326.404654205728,25.59857557528867,58.30604288457405
790.8072792335823,327.7715111173191,25.608807925611647,58.298187511327676
792.7344739676529,329.0476229420132,25.621454561672895,58.28968911409091
794.1386437450524,330.03987743036424,25.661985045860074,58.25977808737058
796.6522585827618,331.01910937991477,25.68550133449167,58.24276263835808
797.4458151200206,331.7666861820844,25.719549601641198,58.21792139096762
798.5293417491218,333.3700902859307,25.73210039693592,58.2092428372057
800.7625487673143,334.702914541852,25.763502923203514,58.188541377365055
802.1394468534418,335.7967152705342,25.77348806007643,58.18147285228216
803.1764591347095,337.5515238555429,25.78843678130885,58.16897534741071
804.0071112303873,338.5097602303542,25.83647280468241,58.133697785356716
805.1548922220662,339.36831627367667,25.852093797093605,58.12259699403036
806.0076936113738,340.7024671054268,25.867649642173824,58.109457188135025
807.787802485431,342.163450187258,25.884106832261246,58.096123779752205
807.6902196411176,343.55210757159557,25.908502635705766,58.07494280586163
808.3220859414394,345.7386538917245,25.917988189969446,58.06641315388504
808.7377024467983,347.4262425838404,25.942510925616254,58.04482196655263
809.9307140295119,348.7390722890926,25.993201932552186,58.003866716738536
810.0878524424869,350.04191450780047,26.099226365166157,57.917844421122744
809.8515230457194,351.2845503599189,26.192827185078045,57.8419994060338
811.291636083887,353.0793805999224,26.242612619591654,57.80146769685503
812.692926569017,354.8741088716088,26.30575239823315,57.74805813529367
812.9571048626775,356.09799964134874,26.375998046229288,57.688464719516915
813.5580841802954,357.8420339225203,26.418819116994836,57.64955577936626
813.5899826516385,358.7765933700919,26.499941927383357,57.58127905016992
814.8131287498223,359.97620146885225,26.55831009898135,57.53500317361779
815.8557501111395,361.30145754796064,26.592740628452745,57.50781540962717
816.9068079147155,362.5442036336,26.60072648271126,57.50131832311102
817.4283891015955,364.7039077516919,26.636994093044006,57.468820143995096
817.8733358078642,366.5852641056114,26.655816882288757,57.453043518996104
820.6335506638732,368.50990404539255,26.898710000471095,57.20991164396564
820.2408225744272,370.58662930349755,26.9804542524259,57.14501741742848
820.8823180388233,371.8849763643213,27.034959723513005,57.10111131496125
822.0713946484672,375.3380678070648,27.18445519158815,56.995842240204155
823.3416405904754,375.5294941507506,27.27136752052313,56.93689564666838
827.8562126906487,377.8766658576854,27.3637261964584,56.85234589582372
829.2542350836873,379.56300012090765,27.397678949901458,56.828488757395036
831.7676024382588,380.6212472887105,27.407219150731635,56.82256795198643
835.2028973385547,382.3592021377153,27.411266477062288,56.82031323940474
837.8620320144192,384.2002966064707,27.41742377633431,56.816881969435336
842.9429033497547,389.80274335198413,27.661853858043642,56.63387911866734
847.3413858961935,390.0395702962637,27.66815147573749,56.63100777829729
851.8535799403205,391.7784764532664,27.66984638003713,56.62988241879019
856.3039546484694,393.3555131729967,27.672852151727664,56.628063560781015
860.8526796318837,395.87515046749706,27.674958154137357,56.62669418799736
864.9732145558647,397.9388145599642,27.67938887075042,56.62412424662391
868.8724839960043,400.5866835158125,27.680587443931962,56.623481778652824
871.3244556517124,403.32396254669106,27.68102683820447,56.62375482117434
873.3519374990831,404.6591515468867,27.68123892471298,56.62451367686216
874.6757817115652,405.35008719768325,27.68119501955462,56.62513467911734
873.5321810813837,403.47565879769587,27.67994508515451,56.62802218359041
871.6856076706335,399.89146808613833,27.670293301689508,56.674486835770416
871.7748824792072,398.45137420164104,27.668943510186615,56.67745302044492
873.7234467669313,397.20990016990316,27.66892682743878,56.67804858872717
875.70644371558,398.11275564033434,27.669839477687574,56.677243658492564
877.5614033326002,398.8343823039948,27.670986966517205,56.676277776240035
877.7360449280193,398.75129793521273,27.6718243797172,56.67561063948508
877.6738448790206,398.41636650116106,27.67198119593291,56.67548660392095
877.9832781530065,396.96195569942705,27.672203595734118,56.67531043326486
878.053339048294,394.90233907299506,27.672247387458427,56.67527145407312
878.6695923173377,392.9098129183045,27.672269535894518,56.67525210436605
878.3468816450727,391.2812526255906,27.672283024913757,56.6752418285116
877.4724837908262,389.4256960933352,27.67231791397139,56.67521640616024
877.2549250488887,387.97850477781947,27.672406844837553,56.67514956476429
824.6069142777984,396.9116615020698,27.121977581353978,57.84018148369528
826.9501672871538,398.70638996623217,26.799257306356605,58.83729624879099
829.1732932963266,400.2825145581921,26.515000222093136,59.80961981877734
830.842847031912,405.1145694213338,26.510577361289084,60.42234648775763
832.8716983574577,407.5788850111552,26.475455333824456,60.61834099094563
833.8650168344002,410.17078234794957,26.426491233409244,60.840741481083676
835.2891669346925,411.57187904794137,26.40232442897339,61.297134249389295
837.2311714032559,414.4139719675698,26.296263394525912,61.31399487695976
837.8352168659269,418.7357797498747,26.39483693604197,61.05652585776016
838.741103218397,421.2047552010443,26.49663701934018,61.04197201962996
840.2625462414105,424.4184690531758,26.688779478638388,60.946571750669726
841.0357589145985,426.59242451258024,26.83055424841998,61.25067890208169
841.7474416738862,429.06785779385905,26.773457841478027,61.50946380970846
842.0917529700147,432.55711818510304,26.761470752989947,61.553759685240536
842.7144155228292,435.3249202683225,26.761870444609638,61.53773874405183
843.3317086627079,436.8264862264492,26.717226047939437,61.86724842936084
844.3596034331742,440.07860515200696,26.92550368001093,62.04994600305003
845.3083205353606,442.7630680931803,26.775110105025135,62.58384166153593
847.2077671972988,443.82695512925443,26.7713141322228,62.816164759263785
848.1254099026578,448.3755511487946,26.779286267929717,63.101899661101314
848.3609107847836,451.1377321100116,26.87679801628954,63.097820960865825
849.0758920508986,455.06152872851516,27.302224483044974,62.794608388684146
850.1945617630487,458.27876944880467,27.240616240843114,62.95762107347138
850.9391091258416,462.24418694456887,27.189215230352854,62.978904955539214
851.885003558875,464.8662226563378,27.13568999515283,63.22978525700737
853.042081182344,467.35306084286975,27.33801638616983,63.334207181062695
854.020537848339,469.8534003918385,27.445323482646472,63.71493772820572
855.3398359079837,474.17877265714225,27.628603173980252,64.27074856411437
855.9526983857896,477.0719621175926,27.669684940055745,64.66079462337726
857.8749729020572,479.35779770190726,27.741020402302187,64.93847438400816
858.27907272775,482.5445662566161,27.73245425387671,65.40548102153868
858.7435662770336,485.18010601470354,27.468337834688118,66.32779521263923
860.5462875095667,491.3381617531867,27.72864449033403,66.40596703035067
861.29778558278,493.6168027001351,27.791156351910676,66.84247623981689
862.9536039085499,495.8267494452784,27.824428891502627,67.09529555241728
863.4887530092108,500.9803863690103,28.03841158636768,67.1551739190037
864.4669295509026,503.49388030375087,28.029414250206877,67.42035848146833
866.3302417284289,509.5703242388121,28.297522513486218,67.64646841408037
867.7417399566586,512.0409718484054,28.535689005635064,67.79164618302225
868.9041690353204,514.7693415285195,28.680593650435714,68.23847270643078
869.2995554534407,521.4864098363269,29.05089843279389,67.92288162304258
870.4621365683446,524.357908053907,29.140741886885078,68.01925591542127
872.1200343461405,528.0109012880362,29.07938258579444,68.4072596777233
872.7689736090729,532.8744606267209,29.07508542646886,68.44482853850076
874.3155435793022,535.4953028709509,29.17584583276613,69.12585303823047
875.796747982213,540.3328481877679,29.25779861828373,69.10780300060472
877.7838172546777,543.6874227448892,28.924066205098626,69.93343963389017
879.8894408900958,549.9832304557156,29.20650513345072,69.73892752186873
882.9846241007465,554.0626756950467,29.51766506789266,69.7159508920837
883.9106853444484,559.1248174191879,29.80789683044302,69.81900814204329
885.7032106598587,564.3153396814223,30.004691053977492,69.78092302156625
888.7979097171595,566.7121903382268,30.140098199080267,70.16195200886044
835.0804657883348,520.7026399759987,30.24899728719857,72.34851794327754
836.952631586519,524.29540008111,30.59416278021598,74.63093234151461
838.8481935537479,527.942634738321,30.98419357369414,77.06026177892356
841.5000137426695,534.3962452856767,31.220919845478736,79.76766184662655
842.9521522215442,537.2932597368256,31.408046133654977,82.6435853369071
845.0874950977218,540.7963512473766,31.961470412427957,85.31301858014822
846.1851467327273,545.5944097545422,32.35488984825788,87.13469007137128
848.8592666330192,550.2236789535115,33.11357076682095,89.12738668167243
850.2325591817543,552.7132552580478,33.44739591143145,90.58098525134137
851.7298846738609,557.8864728692531,33.97168537597929,91.73779728997818
854.9406321283412,563.6272967619333,34.44691755213188,92.60582849784288
856.2105554586843,567.9173875388165,34.972257630413594,93.6073425007172
857.1555102616956,572.1332818861714,35.28956595613867,94.85200644272595
859.1861900976523,577.4464368329614,35.72657120960967,95.87880896064516
860.4911312048218,581.4883203410989,35.94476345053192,96.64301862894044
863.2343950861627,588.1152325898764,36.059092945692925,96.95229113150731
864.8232211382373,593.0589255856844,36.53326960741309,97.47111031719847
866.3114706052436,596.4872588249893,36.63318215907245,97.88039976357634
867.9583252538937,602.3877968258181,36.749017091279654,98.20040988252426
869.961411086381,608.5856995932744,37.025840173466975,98.5967901309979
871.4229798315723,614.9553069502368,36.91409546720304,99.0206298833206
872.7531073395256,619.8947438092565,37.27930236345154,99.10372554089159
874.3914638962088,622.856345453058,37.24262883710605,98.58785181261479
875.5246159119267,627.6520927911896,36.918989428930686,96.69002121029567
878.4237905572877,631.9565572222845,37.10463271480789,94.20395468712589
880.3020358361616,637.047057803381,37.14858318374763,90.80803729568458
881.357206806852,643.8068051421617,36.898489927250125,88.31780516084785
882.6399453857897,645.8141740976158,36.97986383214935,84.62941200821179
883.9444453456582,649.3564578360626,37.178120372601946,80.90091385771889
884.6456361741718,652.6291917011679,37.190318107054374,77.15124991283261
889.1946728205448,657.3925331275509,38.1322276100237,72.62153914411196
890.390123909989,661.0747144479727,40.82589250114259,67.83922992619613
891.7512140230317,666.6341211980854,41.75648851635972,65.8794521086491
909.6956539032585,671.922960990123,43.171704977829954,64.43193285629988
912.9577566013196,672.4893244424273,43.45827581538082,64.15623413801242
912.2557903743112,673.9445542776448,43.500176213542844,64.11763974009959
912.6914207790094,674.192034414075,43.539102648561695,64.08208870414704
912.7525942972219,673.9156666374716,43.54157235765646,64.07979730890173
915.093198402215,672.2120438955951,43.54179114962324,64.07961548171123
915.4927239017483,671.1437429816796,43.54191338644991,64.07950761944832
915.3808853733206,668.2137781322189,43.54202209322878,64.07941048197456
915.7636250989163,665.2951867304114,43.54207793704666,64.07936594107646
916.6637450579706,660.1288747734081,43.54210654978408,64.07934443882326
915.896788477291,657.9172578052164,43.542120165473555,64.07933723674833
913.8307099358287,657.2710371613664,43.54214948655717,64.07932070546345
915.9121453296535,658.222660926238,43.543084660516534,64.07864246969629
917.8495897063112,660.5083235433209,43.54521745833341,64.07695119625424
920.066450764573,662.7510741560445,43.54834255174018,64.07435249766249
923.1474199321951,664.8913336486015,43.562325656620466,64.06234480786699
924.7530997418104,663.0044925662772,43.56389027940973,64.06061393616916
927.8236774959745,660.2640515386155,43.565111193963475,64.05907602384133
927.2237594282306,654.3111718641499,43.56408587544149,64.06046792587306
926.6267917032687,651.8451528392488,43.563343257204046,64.06059021563479
925.3956669869017,649.7827735773667,43.56347644848292,64.06032823540141
926.2054240095347,644.7447738592554,43.56286866275388,64.06072227916795
925.7199424656301,642.8022340330537,43.56293634097889,64.06052919025372
925.3664007638735,640.2246491076286,43.562907372570635,64.06056627056537
923.1871341892763,639.452025262096,43.56294814734479,64.06057093680457
922.3279211183557,638.0878632841016,43.56216485658421,64.062147379976
921.2440262877665,640.2452388726782,43.55914667932265,64.06648609234922
920.5350775977399,642.4966805824811,43.55889196548838,64.06684754960486
921.6461378262708,643.1554233617969,43.55878235933291,64.06694865135846
923.0442810991955,643.0159642179547,43.55858665477701,64.06707107088464
923.6009359548174,642.7515057923147,43.558533636419554,64.06711811444434
922.5934048037799,643.3139967968052,43.55854505043292,64.06707065956344
922.510899591336,641.5962912330307,43.55830398186656,64.06724580993964
922.3461480978762,641.6010200070415,43.55821524749023,64.06730938680249
921.7369759261979,640.760888111131,43.55809962704794,64.06734744868115
921.7790806154364,638.6118678589168,43.557875405882065,64.06737474281292
920.2454659358792,637.7745993407477,43.55793819814767,64.06721342633716
919.6422339461608,636.7854405780803,43.55793693329133,64.06699863737164
919.2914010858792,635.3575429383891,43.55802463280492,64.06673603444507
917.6155386535561,634.2017499780384,43.55802987960749,64.06668145412411
914.6687497847082,632.958083853179,43.55804005520003,64.0666324839789
909.25580497983,632.6289358022397,43.5580534289946,64.06656905826988
905.6331272021943,631.5818893812432,43.55805719288413,64.06655784867273
903.5455604688723,626.4659052222613,43.558054570203126,64.06656491633132
902.7127628037803,622.5570986932339,43.55803958697183,64.06656628005022
902.7805625960222,620.5689458193622,43.55803113691695,64.06656535092905
901.0927900367417,619.7766848476089,43.55803218428048,64.06656063637762
902.2944260712866,618.8723584015289,43.55803727392773,64.06655528631177
900.1205602003793,617.7830958877066,43.55803933281993,64.06654962090215
896.6685874424772,617.5237881479216,43.55804607832987,64.06652195967953
895.0686768603991,613.3483818905567,43.558013345391274,64.06655208
893.5751252172378,608.6204834542739,43.55796262475619,64.06658322838345
890.1862781557061,607.3283606730846,43.55797873497147,64.06652326593594
887.5355980509324,607.3668714703646,43.557983582580384,64.06649384039856
886.5374066795928,608.2393672120428,43.55795941245601,64.0664944939975
885.8866860143007,607.4432634944598,43.55794035771766,64.06649533183527
885.0589185891561,607.341210003841,43.557900290213745,64.06651253739133
884.5561321854926,605.7218294166933,43.5578074376361,64.06656759977882
883.6274797203614,605.595808742478,43.557789436608736,64.06656850240488
883.7230759495317,605.0222364564304,43.55775373812631,64.06657090264015
883.9081965313707,603.8004210956481,43.55765902782903,64.06658380346519
884.0790727308375,602.3072248459374,43.55757884078071,64.06658523538148
883.3502070990661,602.3296843214071,43.557454164458456,64.06659683191805
881.5355928059386,601.1835799967301,43.55741052819454,64.06663185723328
877.2014428453497,602.3647805876207,43.55740409866439,64.06664932703302
872.2110016895242,601.5069353415266,43.55739518259324,64.06665325954404
867.1650799984449,599.5480185266865,43.55738828399013,64.06665761409288
864.2948768706159,601.554975995024,43.55736227722734,64.06666012355439
859.4096764119604,600.8443235382252,43.557366961933525,64.06665306262654
855.7745151664977,601.0954365564141,43.55737094471063,64.0666474184758
851.6714368842613,601.1490371247914,43.55737936160037,64.06663744204246
846.520685840169,601.4099352654747,43.55738875874495,64.06663255920115
842.564102981288,600.5733258718126,43.5574103648738,64.06660973122996
837.9413008737433,600.9520847284308,43.55742723102511,64.06658533512076
834.0264999059742,600.6122356257997,43.55743407760448,64.06655670131748
831.0916403241965,598.2900368060829,43.55743707370982,64.06653514748342
826.9609554975365,596.1873971880826,43.557454187967636,64.06650117776482
822.0774477602794,596.110898100087,43.55745229797982,64.06649661480351
817.4209948362961,595.9409904618735,43.5574509270132,64.06649648323895
813.3764102654834,595.1825419840347,43.55744770535743,64.06649039612329
809.4185620709079,593.8533841724815,43.55744508938149,64.06647033349986
806.298877985607,594.0160764344186,43.55741191949876,64.06648675815012
804.3896750256229,593.70125790707,43.55740672763533,64.06647399490363
802.4346203931584,590.7955975613404,43.55739169065362,64.06647724251522
801.8743810125353,588.9865453372015,43.557371079417564,64.06648343182084
801.5316679345028,589.4982437521853,43.55715254926057,64.06648535883423
801.0121065365875,589.7281331945097,43.557126895193555,64.0664793888334
799.3325201852317,588.4381419318819,43.55721809117577,64.0663682918815
796.9004934177701,587.473607458701,43.55726939831591,64.06619665386958
794.3039593207951,586.8946205793693,43.55750559916288,64.06590863656267
790.7793864038056,586.4400266272246,43.55751860919777,64.06585552017256
787.2337670820831,586.4955469764294,43.55753592009267,64.06584402201882
782.9587236974928,585.5045667505101,43.55754715826742,64.06584167383157
780.0282518655731,585.3157250282379,43.55752509334695,64.0658590622197
776.4685177649568,584.3800954713791,43.55755035482128,64.0658417973057
772.6670252905906,584.389701856189,43.557558504542534,64.0658285778376
771.4346499116381,584.7440626243152,43.55745120733289,64.06582075189333
768.5341502941458,584.7361599797935,43.557403594020286,64.06583560265733
764.6234603164552,583.6119839939395,43.55742772969943,64.06579260823993
761.3402119191528,582.5634844667254,43.557529241558825,64.06569283530608
758.5003323939422,581.3582913266755,43.557551677752656,64.06570733501029
755.8253050308628,580.5288626877281,43.55757645853816,64.0657040486734
753.5807454174247,579.8450413804693,43.55759999754796,64.065661106779
749.430472105726,579.5600151242545,43.55762095566206,64.06562952420735
746.4746265725544,579.1383178495998,43.55763084677352,64.06561501208496
745.2028472672542,578.9710487481585,43.557613932089815,64.06561585787573
742.4698643680555,578.8370989143295,43.55760969111985,64.06561589307971
738.4973116826924,578.5990808966177,43.55761380070701,64.06560634978509
734.3882013911256,577.8856307947223,43.55764800536171,64.06551985924015
729.2171511180283,577.1304061497979,43.55767987937622,64.06545786998278
725.1664148567942,576.1308976421576,43.557682408252894,64.06544512967095
721.9382319629045,575.0939213302064,43.557669259264756,64.06544650921917
718.5305824759621,575.4738123857906,43.5576672916823,64.06544158635181
714.4704605847501,575.5951170441447,43.55766418689925,64.06543327686686
709.9318618594727,576.0703259325984,43.557664562563794,64.06542318380866
704.5784396604465,574.8047186974707,43.55767130650244,64.06539170717986
699.1914563610021,572.5067770558293,43.55768160656306,64.06536777915895
694.7822420027449,569.7941162150214,43.55770231068749,64.06533402635716
692.0287407746093,567.7501683451195,43.55772720882267,64.06530004051393
687.8866951480948,565.8539933567951,43.55774653954949,64.0652796977964
683.8130975842956,564.3965213193751,43.55776683194261,64.06526124250021
679.8173624415175,563.3489819716262,43.55777822467676,64.06525217135038
675.8375820300685,562.4286625728406,43.5578120318887,64.0652271782189
672.4611009116919,561.4515480968713,43.55784076644453,64.06520436395274
669.5998607481698,560.148328332493,43.557846518445984,64.06518046039747
666.3340642095087,559.7321134332166,43.55785533292039,64.06516058434379
661.8084856388149,559.3687142548514,43.557858337650366,64.06515265807711
658.0569267313773,558.9722736012565,43.5578590680222,64.06514621797922
653.8337684961585,558.6494411625204,43.5578626341019,64.06513764164364
650.8685978302136,557.6031317303012,43.55786606010801,64.06512850391505
647.625813490428,556.4452455535437,43.557868600458,64.0650868391806
643.949568419257,555.1080158958242,43.557874516573165,64.06505284178397
639.1458742175021,554.952064383722,43.557874423684154,64.06504419363463
634.11951647613,554.2136601208238,43.557872697566005,64.06503380024924
630.5652879414449,553.582014024526,43.55786791009396,64.0650316536649
627.7866486085329,554.9683231248644,43.55783790205935,64.06502912414584
624.9075635715461,555.6398878095148,43.55783784816431,64.06502366765628
624.2144795752602,555.8070956108453,43.55784141393275,64.0650172124962
623.4566242477091,556.2747887795298,43.55784374174142,64.06500859214542
621.8916844865063,557.5562043018754,43.55784760420433,64.06499392890883
620.5207122939892,558.446161582774,43.557847437770754,64.06499088520829
619.6632344647585,559.2845203833691,43.55784728949989,64.06498603540662
617.263420993451,560.1327291578922,43.55785026589799,64.06495971122176
615.358447211683,559.7425734998136,43.5578534381832,64.06494984655833
612.5785578805894,559.8414265285177,43.55786008575259,64.06492587180325
608.4629990682424,558.7351288680728,43.557864276608555,64.0649078485005
605.9202696766974,557.6829079728632,43.55784618439342,64.06491800973883
601.3547392812394,556.8182842646959,43.55785400442317,64.06491118031535
596.8958156199699,556.4777589196433,43.55786513769222,64.06490179466081
592.484519693314,556.0026813435493,43.5578776071539,64.06488905248541
589.5478639804838,556.1202248347005,43.55785891654226,64.06489281765862
585.1463113265509,554.7568230521047,43.55786936051656,64.0648849738536
581.5014313277215,553.46034625732,43.55789213359633,64.06484840343461
579.1323848006642,553.35013509983,43.55790182513169,64.06483083732805
577.4416722831344,556.2555417333896,43.55783686804965,64.0648453022953
575.2404386712359,558.5539240290336,43.55779726353848,64.06485290491594
574.2815198913456,560.2725881153893,43.55768681573539,64.06488025054556
573.6593958914268,562.3767456842929,43.55734763257444,64.06495296445347
573.0204573392557,564.4491215973635,43.557205904709946,64.0649855888432
571.326071526923,564.0446065295416,43.55730422386378,64.06482980234121
568.9349373467322,563.5832591015964,43.5574208851792,64.06455817797654
568.3404073053562,563.2654499063322,43.55752375357593,64.06429383325258
566.3137994609249,562.7028224437645,43.55754587325518,64.06420483958752
564.2575627476758,562.9293569980921,43.557540566690456,64.06416700262838
561.2479484703114,562.707186012583,43.55753684831759,64.0641415648942
557.1639499824956,563.6415766213419,43.55753264902231,64.06412367497504
552.4338866348425,563.6178054018753,43.55752769912593,64.06410395803557
547.9973172112016,563.085728299595,43.55753097969644,64.06409090147268
544.9709718212453,561.2033045927714,43.55754269771938,64.06406886359692
543.2141869840119,559.5998433223144,43.5575651901029,64.06404312417642
541.212872601925,558.6399251692851,43.55757516460378,64.06402228587928
537.871472673248,557.0616720170513,43.5576014318699,64.06398533549454
535.3301038193375,554.9982098641265,43.55756211637554,64.06396462257591
532.5490216195976,553.2705269574446,43.557530261125095,64.06394689673972
530.1276146430016,550.8357296818067,43.55751880156675,64.06394544352963
528.0849438991725,548.7780286056203,43.557512636789745,64.063943466874
524.1537555996297,548.3039511227066,43.55752303638201,64.0639253269846
522.5986426006898,548.9808971619875,43.55751143584265,64.06393284654445
519.0549392227242,549.0545400863257,43.5575177553723,64.06392244571366
516.1671288093227,549.3921268140217,43.5575491160805,64.06390433194684
513.276279638226,550.1537841666806,43.55755209236801,64.06387823422632
509.4005950413845,550.1006681935697,43.55757803577636,64.06381354428382
504.7676149205634,549.2288078031056,43.557584259779496,64.06375168570874
500.2540759787907,548.5536261977983,43.557580653761875,64.06370216992099
496.71414251393605,547.0536656901206,43.55758212784367,64.06367921364239
493.25310975872645,545.8422924014131,43.55758381074824,64.06366721180335
489.0899665610221,543.9672955219746,43.55758579758766,64.06365548705296
486.71136916759446,542.4876442825567,43.557587019074326,64.06364552692388
484.231715008123,540.1158157648472,43.557589097935434,64.06363448296683
481.792942550843,537.9092069166009,43.55759008625642,64.0636274823464
478.6866333297746,536.2981003097368,43.55759542261926,64.06361097691263
475.23972114678656,534.3809191746718,43.5575985491239,64.06360477971151
472.8923819042465,532.1539565742974,43.557614463250566,64.06358100585102
470.31961482763813,529.7553961698951,43.55765367857065,64.06353546715185
469.5315424540163,528.8673462550324,43.55760926546731,64.06357352357718
465.6377787912308,527.5487633148573,43.557671495518285,64.0634823047757
461.7304754784462,524.7107176420473,43.557697203729155,64.06342714313261
457.110069798832,523.0160987193477,43.55770675173927,64.06339968968828
452.14464262723783,521.9167915096493,43.55770915858723,64.0633914055328
448.0065754585726,521.0606777956677,43.55771091229948,64.0633855285187
444.84289749766583,520.3555373574034,43.557713833472256,64.06337830957322
443.03795445129964,519.4085403204418,43.55771518728253,64.06337352218333
441.33547542227876,518.3361869619195,43.55771761979018,64.0633654069223
438.79596484518447,517.1014302497433,43.557721611655815,64.06335707033406
435.70904726851194,515.4510622669228,43.55772720948932,64.06333062104278
431.8890560108963,514.4989485822593,43.55774085265036,64.06328734141337
428.3499354816258,514.303005623302,43.55777012682854,64.06325713331516
424.3450266494392,514.4898952522626,43.55784314703668,64.06321562783155
420.44546271078246,514.8100084124974,43.557973622158976,64.0631769284787
416.06380185083555,514.4772013849959,43.558138451183744,64.06312607221155
410.9729221682868,514.4845312066632,43.55827912579051,64.06307828309497
406.9782951337594,515.3769871077138,43.558337371175874,64.06308812711174
402.02525003523664,516.2582390564767,43.55837021043327,64.06304672634366
398.2649983577713,516.9752328078357,43.558387210536125,64.06300249526252
394.6916782943,518.5205598968668,43.558408017562954,64.06296859651255
390.90810362447604,519.7043317209636,43.55842393054453,64.06294075070213
386.7038774981331,520.7978891727878,43.558446083743085,64.06291624393496
383.37318097197914,520.8795431036995,43.55847505752932,64.06288293850996
380.2674148365513,519.92801963926,43.55851478993278,64.06283235705104
376.87793368430476,518.7467415768319,43.55858600784761,64.0627597835583
373.8110626502251,518.1489488514071,43.558663944842344,64.06268047095732
370.94324252506595,518.5759339033629,43.55870706152412,64.06261425670192
368.9123835143507,519.2390032916927,43.55872807672906,64.06258500858377
366.7525745590584,520.1760013845906,43.55873825263351,64.06256886810668
365.241577322825,520.7293096028278,43.558745286898485,64.06255605406874
363.4587591571467,520.6733738567661,43.55875237440432,64.0625400912054
362.29454787383077,519.9951144829857,43.558757639858165,64.06252781478702
360.9184448430243,519.4892364160485,43.55876119063735,64.06251751494577
359.3026662994028,518.8724574912756,43.55876210074104,64.06250598087031
357.73581556169694,517.9601940906186,43.55876368220143,64.0624941936604
355.2681947252491,516.9265668739807,43.558762702204014,64.06248359321421
352.53240685959196,517.0472036429845,43.55876221968165,64.06247624621223
348.9861836416898,516.1391688064098,43.55876280511362,64.06247035593103
345.9011033458934,515.6151589491451,43.55876453363887,64.0624624358397
344.0000970624492,514.9707062877553,43.55876680275196,64.0624570120448
341.8574369768333,515.3022227630713,43.558771937210004,64.06244628154771
339.88640356739404,515.6010410400202,43.55877566290317,64.06243402956028
337.4985353012161,515.5607323674972,43.55878396955099,64.06240535145218
335.15668667367777,515.2733000192483,43.55878829249876,64.0623667386047
331.2021984226249,515.2970940944966,43.55878680922242,64.06233927249075
327.39636334284484,515.5341547923556,43.55878266000569,64.06231864533913
324.8981979431075,513.1228736413613,43.55877556885542,64.0623201601268
321.9493977876493,510.08459936536616,43.55877475214732,64.0623182284133
318.65061768633825,508.11303421142725,43.55877597954965,64.06231232108122
315.44298972416925,506.15302397027546,43.5587687279233,64.06230960048865
313.01575774282975,505.66358845539185,43.55874670198537,64.06230302624817
310.6294119909266,505.1750640274604,43.558669231487436,64.06231141246467
308.26371591458764,505.37111182545993,43.558558851206385,64.06230908748267
306.4308021756747,505.38687276383126,43.558525676108644,64.06230132264622
304.66161165871205,504.7007110301552,43.5585394386106,64.06227612380724
301.59697804510085,503.7776631394121,43.55856662982224,64.06224546810634
298.20684205448686,503.7469588634951,43.55858233968794,64.06222411702917
294.6995640814746,503.42430736040217,43.55859809024736,64.06220640969494
290.9862316517096,503.39493030692665,43.558625777078376,64.06216719166882
287.08904677656886,503.1458660858007,43.55865920839021,64.06211867178342
283.2224543991899,502.8236434624432,43.55870063352771,64.06204774847357
279.9985635653091,502.8286129423375,43.55874603801421,64.06197689083324
275.3937905461137,502.4704254897087,43.55876315337035,64.06193329137581
271.5058833824278,501.3044956304657,43.55880347866697,64.06186594878085
267.4902209151368,500.4383828332533,43.5588250074872,64.06183656121107
262.2326548736339,499.61402557979807,43.55887473117903,64.06176869564683
258.04233975791567,498.1731114164046,43.55890594070391,64.06172508372832
253.1927525639523,496.954631985002,43.558944548296175,64.06167747299226
248.69186266419374,494.4417628815643,43.55908402798908,64.06150530236532
247.82378987684496,491.79757906509207,43.56353371225997,64.05761991788411
241.02961819942405,489.90397263551534,43.56413807631809,64.05688345338338
233.5040942899364,488.18695990713996,43.56444565328899,64.056511451104
226.57455865938783,486.53376216157034,43.56574599458631,64.05492902743312
220.064742313282,485.62577086915053,43.56629566372669,64.05429328894662
213.5028190435803,484.7163931587404,43.56670050696309,64.0538168419766
207.6182493397314,483.88119486474557,43.56735389171171,64.0530101743129
202.9844906989319,483.7177634028237,43.5676172975783,64.05249488475098
200.38794842640246,484.04455515236134,43.56628484282028,64.05323603644025
197.0596076788355,483.97791153096676,43.56686415747324,64.05263662902475
198.98378194105575,484.1467487062637,43.56933975069324,64.0491156922035
196.2540886026895,483.8668285009597,43.57035335766257,64.04789418407597
195.1523062357212,484.8145651998233,43.57097500497502,64.04623952242518
193.32133027116282,485.61773542838426,43.571451514093596,64.04512939672406
191.48111309962982,486.261751662502,43.57347032027912,64.03987459553419
190.73187744562102,487.4319386290623,43.573944225151855,64.03845797213653
190.91367348810746,488.1142924440803,43.57689823459654,64.03457874175871
190.50661746589253,488.61116390599716,43.57797777113002,64.03330059873244
190.57229950376586,488.18793769789954,43.57933461284667,64.0317546938713
190.65509396088012,487.63319836304044,43.57959101824683,64.0313766388505
189.824167489948,487.76310890800124,43.58074375812286,64.03037563564646
189.8120592037433,487.78099136774387,43.58143248106668,64.029811941591
189.3751324467039,487.18239711494977,43.585012643476155,64.02587339487211
189.17786060001856,487.4862403206885,43.585705295052975,64.02526958875646
188.3578010158084,487.4575013508514,43.58786712895489,64.02270052033364
187.91001046582332,487.7567617919352,43.58929600486116,64.02118202521277
188.48759965359937,487.9942534255042,43.59083898283994,64.01981866616916
188.81552644211894,487.70169877061346,43.59222740590383,64.0180913994889
188.68882500229816,487.3410101872879,43.59416433910947,64.01595406885986
190.28337217954342,488.0842167383881,43.566037811462195,64.04347367158502
191.81808179934916,487.38264090173374,43.56849986610119,64.04100739254689
191.74677164159252,487.48959670192596,43.57694541745816,64.03402712987672
191.4036853275501,487.54190306884004,43.58063967726063,64.03123540139288
191.96111544495974,487.2469433574539,43.58339347327939,64.02821520891547
192.42120719610352,487.8805234245028,43.58392464737197,64.02779992688369
192.23357408044123,488.2566440552849,43.58521661502853,64.0264167933905
190.9363857867495,488.4303867885953,43.58557116681321,64.02589336147196
191.27402320204433,487.8287402899123,43.58593042235562,64.0255300430344
191.14641305006546,487.28038769890867,43.58727716946101,64.02454106648763
191.53629906047917,486.9839130160392,43.58804340957032,64.02364423032991
191.2677093156343,487.40378634478236,43.58920995170069,64.0223903835697
191.73386641696504,487.8481321092565,43.588365308708724,64.023276899036
193.3107377420974,488.5505002024147,43.59425748701153,64.01608187807139
192.00476106201867,489.7245663963764,43.59568762329201,64.01418381174227
192.85934554741425,491.07732010154643,43.597363169255004,64.01164929034867
193.56445778700942,492.13964463540043,43.59832800776795,64.01004304452488
192.07099764679634,492.89818228444744,43.599621590653754,64.00824739711896
192.71831781608756,492.4246548575952,43.60276415002055,64.00421465679113
191.1370827188003,493.070142176599,43.60508071719946,64.00201880067443
191.03480903422096,491.46828662207616,43.606098236709684,64.0009242971561
191.2343099275826,492.0431908943234,43.60791360582443,63.998768378699225
189.4213856288406,492.09030667518715,43.60931962594633,63.997126418846
189.3470771540708,492.8768462621711,43.61482914633913,63.99042905697377
188.94676440445744,492.18553618040914,43.61698736708537,63.98826380675564
187.8001962142952,491.7283451034535,43.6183132348671,63.98697365842091
186.08983142833625,491.66982259652764,43.621059274833094,63.98473802106083
184.50944090219645,491.4538537061148,43.623252632944634,63.98240729750536
182.6389568804762,491.61841353229823,43.6236327266323,63.98191073135248
180.3560900912422,492.01242550678853,43.623758757340255,63.981380249702866
178.7803665185411,492.99347722700566,43.62381034343164,63.98108406024518
177.15306426905315,493.766310140365,43.62386295489529,63.98087452377155
174.71612551317398,493.55185440758197,43.623888690530585,63.980784836822224
171.56352086562717,492.0818544698238,43.62389883935343,63.9807119374515
169.7175459034754,490.8613022738845,43.623997147751176,63.98054454740861
169.68449109947056,489.86213388690766,43.62422498938199,63.9800425390519
170.4159432194945,489.6555832633185,43.62482446771031,63.9791319799806
169.31145860415072,488.53895837931066,43.62597280606388,63.977538255488334
167.94254864512396,487.2022536162791,43.62678629825984,63.975944491374975
166.69096481461105,486.4257482285991,43.626840451061206,63.975539610645214
165.68208856781712,486.1501383592601,43.62686890747864,63.975421630359584
163.87991980007212,486.1906839801377,43.626869942800774,63.9753225061286
161.87999108172482,486.2579894754119,43.62682179325271,63.97532890382866
160.38001056381762,486.62357698293334,43.62681167771518,63.97531107243285
158.06538926288792,485.57265253607045,43.62672269082949,63.97532924525714
155.355464886255,484.5228032370395,43.62670631271715,63.975301643215275
154.01880586718656,483.33660229251586,43.62670238849746,63.97525985626768
151.87477670470724,482.70471307666196,43.62667859065337,63.975234209873356
149.01907940925153,482.89315575504406,43.626679348404366,63.97521882962978
145.70276610667145,483.92618773844015,43.62671422916877,63.97517487473948
143.44580216943532,485.6630840867832,43.6267356247592,63.97516567109523
141.44324468285984,486.77843302775767,43.626755592874765,63.97514873168175
140.0624971135921,488.07598628363553,43.62668194669651,63.975057268906795
138.81181720589086,488.38543018464674,43.62657238839598,63.97499794235969
136.17544811311393,488.70760999612367,43.62642572821619,63.97494390622063
134.19273910378493,488.23415051635266,43.62628378746258,63.974840487318055
132.3958654933864,486.8742235798321,43.626108870045506,63.974917729957525
129.96589272147835,486.48099712759125,43.62610530192315,63.974868571164855
128.51644191637132,485.90979309814736,43.62606253423801,63.974890432008806
126.23470652115441,484.9017996752245,43.626059623194806,63.97485388040884
124.17423343748973,484.0649387777344,43.626059383206034,63.974847686192255
121.92653211581023,483.04388951165845,43.62605825993297,63.97483625206612
119.72390316917374,482.0499073545226,43.62605797449501,63.974821392677484
117.20925859543826,480.9363305083659,43.626060260546296,63.97480604812559
115.44628216252829,479.8616824741363,43.626049104683496,63.97480607128158
112.4220233456139,478.75518404811345,43.626044266130684,63.97477401555139
109.16908455117496,477.8774466924121,43.62604054549929,63.97473279391726
106.76347042465531,475.9814283048837,43.626014774032974,63.974734942967004
104.49784713440687,474.2220756823268,43.62598417481182,63.97473625055027
102.19202969026331,472.67830386837215,43.625963350971254,63.97473925193373
98.62472700916257,472.07228498012034,43.62597284220108,63.97471919953408
95.04812919317921,471.77390483054296,43.625981199234936,63.97469067508423
91.62224520921458,471.6069036777889,43.62599783964952,63.9746529050518
88.1105516601854,470.89733853163875,43.6260113338871,63.974622235247395
84.26339238053613,469.9460078137137,43.62603114898396,63.97456977625332
80.60768483339814,469.0017906740017,43.626046306583945,63.97451576298333
75.84508445671905,467.7820350495901,43.62606338226876,63.97445467751693
71.50520539300614,466.7594376715034,43.62610349211647,63.97432820757032
66.27894829572438,465.93700289846015,43.62613546316926,63.97424128412105
61.43361942293032,465.418052256039,43.62618613783451,63.97409084452948
56.756506115359805,465.2018838122516,43.62621525083931,63.973984679573924
51.6251805129971,465.1169131729536,43.626239807615505,63.97391534675496
46.81984385371267,465.0441770403828,43.62625352688016,63.973837137372186
42.23049790378646,465.2255241860506,43.626262145787756,63.97376367657237
37.73261649733169,464.9875270781966,43.6262573653135,63.97371240296925
33.329874273149954,464.630050363945,43.626256088274154,63.97363694944576
29.292081484557315,464.3004416611339,43.62625725383833,63.97360487052895
24.714021200679458,464.12245713997663,43.62626038232403,63.97356809519172
19.80060056043614,463.3336243122604,43.626265076812125,63.97352264527749
14.717765522185381,461.40036057702423,43.626278109856614,63.97345699326748
10.641952094694894,459.3059273575119,43.62628219262079,63.97337766202855
7.8690212071924215,456.56961224201757,43.626272233006596,63.97330586664994
5.69984694017948,454.4676426162988,43.626239953433846,63.97320506758088
4.304176650445335,452.713948605581,43.62621300207938,63.97311675921304
3.0287637497923434,450.7830591571924,43.62619818715917,63.97294931161471
2.2902482560677875,448.90205182639306,43.626222023958256,63.972782452751275
2.043546533010627,446.91541259194474,43.62624239030535,63.972464587190494
0.34193340956356977,444.4726121759679,43.626047473640504,63.972537331528216
-1.2383893446646894,442.1781457772838,43.62586296119248,63.97257862270132
-2.018219337327846,439.18328735729926,43.6257974235238,63.9726099272396
-2.604070812867281,436.56709655641885,43.62573075561463,63.972640702737
-3.0250394201418693,434.6509809179218,43.62568447302102,63.97264880277484
-3.168892141827225,433.14050770343295,43.62558766719854,63.97269259808564
-3.1909008921635476,431.4749695029274,43.62551675579495,63.972745306011966
-3.014406198757694,429.74155994094247,43.62541055889985,63.97287126706375
-2.5547837680146763,427.2004959288885,43.625309076148405,63.97307199167216
-2.13532297513164,423.4467947112417,43.62521718656077,63.97321648858074
-1.6796990243320273,420.3162250463185,43.62516831822189,63.97329176584538
-1.765851540427409,418.36345807460646,43.62515223944883,63.97331838314338
-1.9238545687637512,415.85769967582553,43.6251312806739,63.97336009449307
-1.6638068459530544,412.6265872278113,43.62509154632188,63.97341963483916
-1.7444181662887601,409.5230174390049,43.624983546677285,63.97351937938311
-2.031958586163036,406.74884365447576,43.62481709867559,63.97363725407496
-1.739410320004943,404.80000190868475,43.624494881716615,63.97384407253077
-1.6854224360628827,403.19232908535207,43.62418119555094,63.97397951983993
-1.4345723332313618,401.1800182034492,43.62391650815267,63.974162902450615
-1.3077408005757896,398.85219976032613,43.623715757447236,63.97428650210621
-1.311392522356961,396.8706817026598,43.623513966678686,63.97440791216245
-1.3806439172274807,394.82475932440434,43.62338907826383,63.97449537115744
-1.4468814438216668,392.799013130909,43.62331037521517,63.974554671752855
-1.9803193714434641,390.72854679803254,43.62326142004922,63.97457575837366
-1.9792066982310672,388.74078358815814,43.62321060380273,63.974597302939365
-2.0663485461104933,386.3869498243192,43.6231613381215,63.97461369231163
-1.8434062525352282,384.59331339867055,43.623140266109594,63.97461127696163
-2.066949861573388,382.25769221409854,43.62311233111165,63.97460616380579
-2.245972307709007,380.2782791495563,43.623090157905516,63.974600505780934
-2.412014884377033,378.38217951089086,43.62305897561115,63.97459063470482
-2.903656235246885,377.0615031577317,43.62303276602731,63.974576859242134
-3.0372375353677192,376.80852271190116,43.623004671460016,63.97456488865958
-3.1350860631950397,376.2983173370283,43.62297159226988,63.97455532552374
-3.474445947154667,375.4093945803302,43.62293935508888,63.974546992370094
-4.0159163016082005,374.7507381192021,43.62291743181669,63.97454159435191
-4.713381802901861,373.401889470297,43.62290293212282,63.974539345348006
-5.33921406522915,373.2084709334357,43.62288755946905,63.97453378081649
-7.2109185150115565,375.8605189542301,43.62282722075261,63.97455971035811
-9.39347919643842,378.6108601284894,43.62278334999428,63.97457688195058
-11.223256696424436,382.4876000646623,43.62274166837146,63.97459556383451
-12.840898562233814,386.7948454332478,43.622688142604964,63.97461917755464
-14.267985041379966,388.4925108296221,43.622682433828786,63.9746195291389
-15.975476604299342,394.1146307344625,43.62267084302325,63.97462429495864
-17.872327050522966,396.4809253718596,43.62266770257255,63.97462474184405
-21.811334312805172,399.7556982501428,43.622668625610345,63.97462427336353
-21.811335336745042,401.92814644466455,43.622670673490084,63.974624200848446
-21.811335772805563,404.31329473987944,43.62267154561113,63.97462418405759
-21.811336575046294,406.7896123966335,43.62267315009259,63.97462415878794
-21.811337112788788,409.1251384194913,43.622674225577576,63.97462409213735
-21.811337631598295,411.4092602038372,43.62267526319659,63.97462402701602
-21.81133824460163,413.5379812201791,43.62267648920326,63.97462399186026
-21.81134085169549,409.7794466766414,43.62268170339098,63.974621831834945
-21.81134149056793,412.2945523981954,43.62268298113586,63.97462183739639
-21.811342571864902,414.48639249188994,43.622685143729804,63.97462199363516
-21.811343885955534,416.3088568842086,43.62268777191107,63.97462190276933
-21.81134506611374,418.07526037251415,43.62269013222748,63.97462203789824
-21.811346217110394,420.10417893946595,43.62269243422079,63.97462239026179
-21.811347194464844,421.85147687868374,43.62269438892969,63.97462275473086
-21.811348104665658,423.74498509581116,43.622696209331316,63.974622950648744
-21.811348943120606,426.03697464607166,43.62269788624121,63.97462297991901
-21.811350295385736,428.4707970901263,43.62270059077147,63.974623355481526
-21.811351361783284,430.5415392020226,43.62270272356657,63.974623869085256
-21.811351975695192,433.28330361166735,43.622703951390385,63.97462414067711
-21.811352662219633,436.06173199732837,43.622705324439266,63.97462447842483
-21.811353470181007,438.89028403986515,43.622706940362015,63.97462488553882
-21.8113548264655,441.2008134376335,43.622709652931,63.97462550772672
-21.81135617038386,443.02555171218785,43.62271234076772,63.97462572520425
-21.811357538208558,445.58783750878473,43.622715076417116,63.97462593224245
-21.8113589086294,448.1488084847304,43.6227178172588,63.97462602365551
-21.811360774558104,450.19773584601074,43.62272154911621,63.97462639218991
-21.811362174163914,452.3485236255697,43.62272434832783,63.97462649377743
-21.81136387353148,454.59790355014394,43.62272774706296,63.97462639118057
-21.81136533896995,457.0972235497174,43.6227306779399,63.97462645245846
-21.8113643769452,460.1488436466458,43.6227287538904,63.97462722539852
-21.81136584769469,462.60966779985523,43.62273169538938,63.97462694449237
-21.811367494073416,465.0065230792929,43.62273498814683,63.97462709423521
-21.811368681104426,467.34664084645294,43.62273736220885,63.974626945809895
-21.81137005831532,469.73939645369757,43.62274011663064,63.974626748166344
-21.811371203671747,472.0010594832793,43.622742407343495,63.97462660910793
-21.81137201137401,474.6441307402898,43.62274402274802,63.97462644432989
-21.811372971374862,477.3484704965588,43.622745942749724,63.97462641711305
-21.811373876451402,480.30638268600063,43.622747752902804,63.974626451528984
-21.811374735606126,483.2674963744039,43.62274947121225,63.974626457382335
-21.811376060193663,485.7870812562807,43.622752120387325,63.97462648198927
-21.811377036460684,488.5098672015634,43.62275407292137,63.97462649083794
-21.81137785030588,491.4838999195066,43.62275570061176,63.9746263358659
-21.811376684670808,495.02172064547835,43.622753369341616,63.97462699283959
-21.81137564107105,498.59475438961704,43.6227512821421,63.97462760072315
-21.81137652707274,501.3417546598118,43.62275305414548,63.974627495209084
-21.81137734069175,504.3124907904817,43.6227546813835,63.97462728739708
-21.811378183533506,507.09704866573463,43.62275636706701,63.974627175624114
-21.81137914461753,510.02136996570965,43.62275828923506,63.974626924917324
-21.81138030816888,512.9518891555736,43.62276061633776,63.97462675319741
-21.81138124800026,515.9948172303249,43.62276249600052,63.974626564540635
-21.811382042208482,519.013290494713,43.622764084416964,63.97462633245613
-21.811382953662022,522.0052326161344,43.622765907324045,63.9746259473404
-21.81138334256949,525.1074861121766,43.62276668513898,63.974625829340624
-21.81138403973805,527.8790785480336,43.6227680794761,63.974625714859364
-21.811384581810866,531.1880654889061,43.62276916362173,63.97462563758803
-21.811385187038127,534.2358543630055,43.622770374076254,63.97462560621677
-21.811385630143466,537.5212085562034,43.62277126028693,63.974625494662135
-21.81138621381806,540.608076452033,43.62277242763612,63.97462532159443
-21.811386868711406,543.8521890402033,43.62277373742281,63.97462512846914
-21.811387492044094,547.245415097138,43.62277498408819,63.974624831158565
-21.81138786577249,550.433196274788,43.62277573154498,63.97462466686801
-21.811386880893203,559.3742729934684,43.622773761786405,63.97462569422891
-21.811387252845567,562.5994305146869,43.62277450569113,63.97462565041868
-21.811387633445506,566.016212510297,43.62277526689101,63.97462546382482
-21.811387983760525,569.4480069662856,43.62277596752105,63.97462536181472
-21.811388339675027,572.9042932234299,43.62277667935005,63.97462523140664
-21.811388695145347,576.6089408499382,43.62277739029069,63.97462506048243
-21.81138906429894,579.8664487274448,43.62277812859788,63.974624907580974
-21.811389972232675,582.4418922965573,43.62277994446535,63.9746243050006
-21.811390594264648,585.2197362680962,43.622781188529295,63.97462378944348
-21.811391095014386,588.1343754987317,43.62278219002877,63.97462332042085
-21.81139166964696,590.674197842205,43.62278333929392,63.9746228366604
-21.81139249494253,593.2448981129016,43.62278498988506,63.97462215564936
-21.811393047419354,596.1160304102978,43.62278609483871,63.974621831639446
-21.811393843302923,598.555244435209,43.62278768660585,63.97462128731006
-21.811395153057212,601.4617372905351,43.622790306114425,63.97462052004799
-21.811396119806098,604.2616169156812,43.622792239612195,63.97461989478611
-21.811397228271645,607.4175369238327,43.62279445654329,63.97461945901911
-21.81139778193207,610.9236473181115,43.62279556386414,63.97461952998912
-21.81139912639931,614.3464986869142,43.62279825279862,63.97461944054662
-21.811400849800876,617.3175019230662,43.62280169960175,63.974619079387644
-21.8114026267416,620.1123117671747,43.6228052534832,63.97461807403196
-21.811404198848415,622.8813522317571,43.62280839769683,63.97461736032119
-21.81140724697131,625.6348630975223,43.62281449394262,63.97461514859672
-21.81140928360404,628.4942559309095,43.62281856720808,63.974613814097566
-21.81141176716906,631.3736297540987,43.62282353433812,63.9746127917121
-21.81141375356327,634.2006401958649,43.62282750712654,63.97461174079084
-21.81141508760482,636.6929059216915,43.62283017520964,63.9746112148884
-21.8114171785387,638.9275358653832,43.6228343570774,63.974610112752664
-21.811418574395166,641.5550101507572,43.62283714879033,63.97460968119556
-21.811420013002884,643.5478948354914,43.62284002600577,63.974608868321845
-21.81142130422312,645.8663827193519,43.62284260844624,63.97460791215477
-21.81142252605436,647.8770922286802,43.62284505210872,63.974606988133196
-21.81142347499839,649.9735528151346,43.62284694999678,63.974606023202
-21.81142425186777,651.7581992648716,43.62284850373554,63.97460519220932
-21.81142556360376,653.360859812994,43.62285112720752,63.97460350056653
-21.81142742605142,654.4142976744964,43.62285485210284,63.97460033615537
-21.81142959915027,655.176980836937,43.62285919830054,63.97459650288183
-21.811433470428355,656.3053005215562,43.62286694085671,63.974589700095606
-21.811441095428474,657.1379538091807,43.62288219085695,63.97457359973827
