708.5,58.5,31.0,108.0
705.800516126864,58.15128400621688,30.99080133773323,108.88614196185517
706.1939197980835,57.69527307931732,31.407612879380835,109.58541792563298
706.9931326557356,56.71953610961944,31.93979548431279,110.25718765188634
706.2896181063021,55.88470702472769,32.5105439392398,111.10993674688652
706.673669190185,55.33403087705061,33.21913790508766,112.1308285683456
706.4250856623563,54.360273327334895,33.92172649790587,112.58209697225854
707.5483578838521,53.02961553305515,34.57242603150734,113.44022936284287
707.7329107355762,52.440102003125425,35.0449737942837,113.82178776044036
707.5196569677557,51.47838276437254,35.428967244155054,114.35464057701168
708.1041249341961,50.38276051180129,36.07424399113734,114.74549972620478
708.7636239251559,49.449470145652185,36.07273873268273,114.77232277761004
708.8027654865916,48.38589677075928,35.951229535383796,114.88706627765525
710.2467739467277,46.34667284260792,35.54313538656568,114.72512621739303
711.0440659244279,45.68238263362642,35.571318402753356,113.77902768981465
712.5129120706634,44.15807341533012,35.395135051932606,113.22978531326638
712.3835757313362,43.417234140169285,35.108193845661106,113.06902425978251
713.2602232997568,41.94057107194485,34.881902831553944,113.17656287105437
713.0667455917082,39.977823888680106,34.74709003533282,113.07270457263635
713.2677545092149,39.790285114139515,34.96023469211796,112.71200754505357
714.2306325772427,38.563588152754676,35.03528321876677,111.96007228805945
714.1217104572904,38.015382431234414,35.26248430384158,111.7986446474284
714.3750628117441,37.657881320241174,35.21039998606461,112.33314011847361
715.1138909838462,37.35898847771831,35.27240433407536,112.78244258675679
714.3207532265855,35.786264960934844,35.445800262377205,113.59500578548486
714.2952654406533,34.230823724758345,35.510521231570706,114.82934914670047
714.2107120247883,33.389615360401066,35.398284156182896,115.10523215730589
715.562705411453,32.855579230871285,35.44792992832489,114.62065491837961
714.6837294783686,31.815020879241104,35.490638454954926,113.99657595628048
714.2035400848175,32.425218758609304,35.26917527256705,113.10493748361586
714.7592553328176,31.785354792612637,35.16822649176919,112.34670750888617
714.8214488370518,31.48585976341711,34.983845605293915,111.59414520006683
715.5048734626383,29.629811696237113,34.92086893941756,110.97726231907649
717.0068570344355,28.117977509800255,34.947964875657135,110.81463065265882
717.3463962179861,25.88644095325006,34.82729482850602,111.00210237873529
718.6345828372553,23.04968281907324,35.194189412233385,111.26612758492462
718.4741425435037,21.754817986597224,35.36954654101713,112.25494861282984
718.9331121925051,20.410877627508064,35.657474652720616,114.06709488257523
719.456870522807,19.9429850729529,35.87053590921566,116.33351708904426
719.5439969237381,15.678959933540177,36.157684748722495,118.06395613129745
720.4499218314305,18.533573898212964,36.324771486339,117.82056901844967
720.9649689420178,18.771797616978716,36.1509436445208,117.46189758737836
721.911238812653,18.661498045930813,35.98469436765154,116.2618934541751
722.7108253785996,19.13818579232587,35.98524815111796,114.0659468458912
722.2038683561542,20.135899860604738,35.969250797121035,113.21260533443265
722.4795312773762,20.481174595713476,35.73446114280273,112.38990744936494
724.0143610944575,18.415255457179875,35.81679192230591,113.42872576412135
725.0125063117997,16.55813785289338,35.64094011104966,114.46791738977808
724.7529600691176,14.641958737499081,35.649826910321465,115.03632956420071
724.9188033945101,14.293706137776638,35.38384323433294,114.95277041923947
726.7043180929413,14.708918030855344,35.197154600562385,115.36651694119516
726.7077772335919,13.589209910970986,35.18101886886613,115.08729075542676
728.3160477402234,15.498281011548272,35.22226818267515,115.06639024204685
727.3857538433421,15.758134580878817,35.27850917658756,114.50955376082976
727.2289097347693,16.63678385055473,35.182442104178406,113.4113446079411
728.0811631067442,18.096431622846666,35.26258473232947,112.02893110624206
728.3335321545048,19.32559282714923,35.195722682512084,111.5060234887441
730.1928519050181,19.069699754441018,35.13388178263604,110.80169725890113
729.6338951489379,20.528156431577038,35.196473839794606,110.71563569791827
729.8471436079583,17.1672566016521,35.41336322613239,111.32233020563802
729.0401785149049,18.292628952878943,35.386669008285565,111.57793578203871
726.206141319676,18.358276764516276,35.573638071137076,113.28168001281372
723.4167286035143,18.42185897747251,35.57892663059664,114.78055711846406
719.3960511829313,18.25767376890918,35.552830948386315,116.15335934120138
714.7505063740581,18.947494725215833,35.42872986941642,116.1199107421867
709.6892216307302,19.83533924531828,35.228162072747054,115.17769407308319
705.0902946859228,21.872508195220014,35.20252429366059,114.02606969142242
699.2367120510414,23.660507760760865,35.40384067884083,111.59208959377273
693.2069145607045,26.492847161778833,35.525243291960926,110.62222642741794
688.1340753537993,28.297387069139894,35.32699718337153,110.0305390096227
681.7965066939655,29.39183945890192,35.215427578600504,109.8351057333564
676.767083260996,28.998979911681133,35.491345024068494,110.27689357007321
671.4982689150814,28.093885451946804,35.68281378090008,111.35792146544824
666.179181878486,27.558756521846675,35.69942966469865,112.30678281385536
660.1700635913481,27.792247133857558,35.736292452048346,112.50315002618919
654.0659059919957,28.47137979828406,35.956017410274704,113.20788132323645
647.5033921363571,29.386903403161966,36.34763428628571,113.82463594186504
640.2945930210003,31.152847011218725,36.41337056326395,113.81113413606036
633.0758289932155,33.54720091613929,36.430529470579025,113.6838104319016
625.7850141733032,35.91068235042533,36.48644518981041,113.09887732559758
619.4659355973965,39.613685175179626,36.3146486520486,111.92405186712904
613.3731535649156,41.25445429070511,35.97544865603634,110.91217267843646
609.1416956129575,41.76212630789095,35.94737964326553,110.78284602620971
604.2722441561292,42.92780887688889,36.33194200363846,110.63408996948215
600.9999290181421,43.92742495555115,36.55212798563693,110.50778655075167
597.5325531839318,43.09754039391666,36.46996194852152,110.08588181347073
594.5496023943475,45.07891815033416,36.48369315568074,111.19376400357763
593.2826483048847,44.99138321259011,36.360893094097506,111.03219760401271
592.1742186767615,49.31348069810717,36.3306527123586,112.5258905876905
591.292224378496,50.62456400257145,36.091403823003816,113.69622757411412
591.7082601937299,53.11034613731738,35.74138419091306,113.25833325320014
590.6051985239359,54.13718410747024,35.822364240935094,111.80475473072583
591.5013576328228,55.950342920820404,35.818145192892445,110.3164485595614
592.1155383225806,58.56302143759973,35.77420046510238,110.00413502499566
591.9653603091954,59.49261560248975,35.67983939459062,110.44040119732134
591.8023132658889,58.66320912504594,35.762782367812676,111.40444465052286
591.549954819253,59.9642670417449,35.898954444113514,112.21119689154206
592.1510986595774,59.346852181025056,35.586359606425155,113.25978352592844
592.2225508037113,59.47501351580347,35.65363892370896,115.42571184247086
592.9883645125444,59.71611683424699,35.939760052643216,117.46040407605196
593.7121786245411,59.13519175668509,36.07599925933665,118.31558234353957
593.2920001684947,60.27155362886144,36.25113382464688,117.49791455125902
593.0442334756779,61.80973048514072,36.699253086268456,115.88730044651143
592.0957597537445,63.34828935927849,37.089602415168045,114.2215697841505
590.8166213581195,66.62578557660802,37.406545244930975,112.75259924966844
591.2505066513444,66.54353153287764,37.51423840645956,111.91209124864349
591.773471617195,68.96251810805487,37.53134968493274,112.04374118712569
591.9014657933716,66.91549153418273,37.60167363612273,113.20120080230771
593.3508209038117,66.84694572983305,37.65556174860117,114.66435723606506
593.0173388322303,67.02931780863315,37.20061376999138,115.91532882057606
593.6889823586505,66.98045180493523,37.42986294723832,116.13624987495086
593.9444004794594,67.5721437334763,37.09341554641482,117.81196564440987
594.3233190229589,68.25321292463785,36.8191547273737,118.4454812490176
594.8287677455132,69.40194836735463,36.72413253832656,117.74656640530156
595.4316366183685,70.8477165093569,36.35940434986307,117.08820992895998
594.9746856798924,72.27538089630558,36.27959189423468,114.83073743825051
595.9056038075262,73.1047108449306,36.1296068781717,113.01704881036962
596.5040615707236,74.08257160608821,35.97636963546823,113.25208670844926
596.2173494304724,73.77049437464066,36.130027668698226,113.50112377999648
596.5069910376641,72.25987655229575,36.22375343268162,114.27566128358828
596.6089172008118,71.84411270495016,36.44504434826843,114.97683181711518
596.8314071941192,72.44636316582353,36.60574214514298,116.98555339903054
597.0195763808716,70.69685570362091,36.717549719094464,118.08922025138378
596.7490788089178,69.83753566296943,36.95090669466701,118.64834781285032
596.8150860836944,69.99432843676328,36.832692985007476,118.94434826570512
596.5591918011215,71.06748450614249,37.03699540346464,118.26054158673216
596.1574258743514,71.65242206543529,37.38124244479308,116.28894292831731
596.131971651612,73.19460250213763,37.483654384653555,115.3371976211663
595.9278122385681,74.46508867585165,37.75317177014487,114.6712864281038
595.8115103125184,73.98953612210525,37.97150229446905,115.47572296734307
596.3097627730962,72.19636453869744,37.82013359853708,116.04710703725013
595.2623848618769,69.84072942594509,37.66182502697839,116.5594226805405
596.0969178703879,70.00736062161496,37.81380965387737,119.0531241907205
595.132951038864,67.37180950447967,38.04307948616801,120.46418242245814
595.3262424269675,67.24465517728684,38.18911249079124,120.23109370412115
594.9793955515678,65.97909279450157,37.96306806810605,121.30276548297448
594.6941243753038,65.14231706623357,37.73461212437316,120.75457645527281
594.7464399916348,66.96846913973359,37.81849768734628,119.24008182327216
593.9998665971059,67.74433882745846,37.76954738472932,117.1996714132479
594.0004037171433,69.55553198253611,37.20566355812957,115.59603863168758
593.6243251153513,68.06610887583585,36.967280138048736,115.70955033428486
593.2975105364178,66.52796869912625,36.97451122844138,117.22661800307273
592.6254856438404,64.5300498817096,36.64308958853968,119.01825155541701
591.5889385149598,62.1544279562885,36.51950568467992,120.07617656241766
590.8004000470378,59.88286265638014,36.44750758924327,120.62606585211475
589.7659141129792,58.6064111886052,36.56139847133743,121.33920264291213
588.9389117177533,57.64131784180735,36.338583889612245,121.14014429370692
589.0033437709008,56.45093654901426,36.39982335890451,120.4603840845696
587.7186099619822,57.1235956876589,36.52406597636023,116.8976781310413
586.7018530314906,59.169911647196436,37.137592516443505,115.44989622760649
586.0628427411111,60.39059359278843,37.390633386623364,115.22720008201271
584.6248608555333,59.67006889875459,37.76850236064476,115.53884313711072
583.6101290292657,58.62694235086826,38.01458920024493,117.58064507811491
584.1434171759065,54.08783009073214,38.11318870251846,119.42690453338471
582.584236291436,53.24211011323118,38.619328515206476,120.80316719675494
581.9571915725618,50.446160648851496,38.62510047286763,121.9418772293351
580.837108749258,50.38940210289354,38.8892658104847,122.19819335596571
579.7679887371323,49.951463065985706,38.5462364751474,121.50193157058186
579.5369175070927,50.07371010913941,38.4851992849201,120.6634501981836
577.9544017042591,51.02923003812566,38.320717340782394,117.60358970155448
576.8442151156261,52.65462232124298,38.19337061028796,115.75863039262117
575.7948091267684,52.40284345028036,38.372503423116825,115.78797149455085
575.2741606090405,51.6669065150015,38.3255815311894,116.9168367574826
573.5310375674178,48.56659111663331,38.23733277572009,118.65201822102806
571.9647718189174,46.534307812792704,38.03846077883962,119.7241813214766
571.6210424046843,44.12681743618994,38.075846317434504,120.49741927301588
570.3572682399723,43.00504598747776,37.83565296671327,120.01678385623126
568.8721801159533,39.91534918208775,37.591748165785845,118.48628280987626
567.0033840684823,40.955354746412894,37.58362631152441,115.810778126157
564.7579740027757,41.01994310944021,37.89690614066107,111.91469323130964
563.2062887040088,44.20456924294043,38.57738059142049,109.13725524386548
560.948083855806,43.67764273728538,38.65745520100359,109.53773519256495
560.3083047618949,42.83232580304464,38.86288750286232,110.61295062690337
557.5404113974031,38.647432695040905,39.08019469388205,110.87657477168281
555.6571710674964,38.58809452075926,39.77676864211719,113.94790762773816
554.0770575971636,33.27847285415632,40.35185535451119,116.61023653604781
551.286580747798,32.795830573128015,41.02724188405288,118.07742475124925
548.8016038930858,31.11089943813319,41.34899412787068,119.09003084715138
546.7731428024842,31.704424443856823,41.485030746176975,117.28918877389839
544.6416449049183,31.283826872495,41.88303988321262,114.83651418281161
542.8301552494406,32.877097018380645,42.18664344076513,112.02791397955083
541.2282144554256,34.5150655781717,42.082103893846686,110.39785434047562
538.5752070261831,34.489691553441844,41.89527893909924,110.10333813393481
536.1863781784745,32.447217781144566,41.37086506316622,110.33667978634797
534.463511168655,30.25981914764033,41.25123400674015,109.51316858549146
530.4689059924023,27.35261134624259,41.14778917736096,109.06337587148396
528.849328824752,27.566641566576337,41.16477244446991,109.34051550691967
527.2079289603381,27.684164107741047,41.58935231131336,110.37163806527629
523.0021609741359,27.752979265778364,41.704212601649864,110.6925172241944
520.1063005406418,26.374763272781706,42.39620202332579,109.38576351835422
517.2419619978234,27.681289626143965,42.988059269484914,107.81765915109199
513.2545293567895,29.535775403843587,43.520656656807866,106.96499748643981
509.36818622513806,31.339454902376012,44.188211293981546,106.93776549018368
506.21824428958587,32.61242231796916,44.54746759016526,108.16022727497943
503.16769839378014,31.82133179077576,44.739139368349015,110.46332728278497
499.5342253301158,30.59411837851657,44.934691529002905,112.1559692557523
497.529753009675,28.234619518873522,45.35575388953471,114.25186359483514
494.665118230287,26.930558131257605,46.034715220771645,116.28008813188491
490.4695041317246,26.433171099259823,46.14218811546736,117.01870631757504
485.7301923135371,27.281721533308513,46.061691573619655,116.44634688452862
482.11105596273376,27.079761310666427,45.63113006578422,115.0884480863817
479.98749171464,29.256323762320925,44.930884694936786,113.52609514428487
476.46038149299795,30.88589742438512,44.29552374402539,111.80414993998374
474.0713799950036,34.82972209194732,43.901823878228086,110.69159559082127
471.4129205120485,35.545738832044535,42.75779771474377,110.86636230918182
467.9109746681179,35.96182970138723,42.06821081831546,112.3460215815438
464.98929334788215,34.029839300297354,41.51029782402128,113.79694505645304
460.82630681707707,31.809805252200626,41.08358533875655,112.87330417971559
459.7357129749891,32.36917722678388,40.8301640866226,112.65225654679129
461.0385507255602,35.033189300238654,41.083997576721856,113.80912953656998
463.7718697462402,34.45665430835542,41.41955937590749,114.55558247493393
467.82453958301437,35.33140440113383,41.81109069692704,114.98059872881497
472.7259995138417,34.38979386419136,41.815714589849975,113.14329859107576
478.94382873059436,35.115435530597026,41.923423542209015,112.59181603569974
486.23953536793,35.11676911141536,43.083361624044045,112.29289397098499
495.3251757038008,36.33874750371348,44.215681263581686,113.06791892924764
510.1435131543334,35.67753225801219,44.016428161222635,114.63977721606037
519.5369952329831,34.21009478773118,44.93869824159408,116.29356130102394
535.7407442739866,31.82757084047887,44.735805262126114,118.67425579625183
551.7539722113097,28.80422297037505,44.525484793974016,120.8333871157594
568.0319126120428,27.52080589425819,44.58479640583798,120.64772669439998
585.1891929380113,27.67038179540127,44.68891022289506,121.22568525416673
602.7663231645145,27.965754541525904,44.70739452086542,120.75633417264687
621.464900357589,29.256457108554358,44.89048992109316,120.23019637257434
640.573148885239,31.42123863442714,45.47208475422088,118.84692190649162
659.3735547715527,33.85657468045129,45.9838027362324,117.38836824934933
678.067325699015,35.39704891933991,46.14097676265533,115.67093228759381
703.8527611844434,38.76933492236941,44.29452443193543,116.09461370331826
721.4612147748225,38.86200318533278,43.0764156215385,116.51070032173203
738.879351775354,39.68949935770951,42.220789661246776,117.42491183058576
756.2936877926676,40.78312369124172,41.308797008943934,118.45136512694602
772.0030723034683,40.84914687038932,40.5982780331188,120.14187168803863
787.1239381066495,43.20218212791371,39.7871418247057,120.36956801487828
794.6511753341283,42.75775154778742,39.60778753271196,121.21169427957369
809.0563932211244,43.84281959521414,38.91494933867576,118.29870138416408
815.6994754329996,47.539708456993935,38.93537213416354,116.35044692262841
822.0394006607789,50.68227860962718,39.17918100325086,114.97458310280503
827.9480400665219,52.4760404604497,39.44933600676747,114.93161053526948
832.6754467732732,53.10531722362491,40.040550730471885,117.15516965502198
836.2199828513374,52.39334216172824,40.70024165875509,119.2212725650702
838.8351985310436,50.2941807122185,41.27221804088933,121.70637808642702
839.9707597462369,49.18720263131439,42.0634408768449,125.00246038882972
837.2141039646494,48.747446813952365,42.73484446196195,126.5145811525058
834.6889277208935,48.18384994043274,42.92210929536,126.54990947920356
832.3496895665932,49.669616546513765,43.34653248811609,126.37929937609607
827.1924135393197,50.82668687350166,43.570297608764236,125.55116367073632
824.4338431769107,51.66857455345658,43.97834037597097,123.21664113084142
823.1154440577078,56.57568138790251,43.76507171412343,121.00557544550058
819.8876037478367,58.45445546870671,43.232651328311505,120.76833601687864
817.1651790161203,60.65582905382892,42.50574309368515,122.85455817265351
814.3892257410582,58.87750332704398,41.36544087687196,123.36418394568139
812.2865031813743,59.44495424430806,40.815556864159795,124.88259288691007
810.3271945973872,60.80834862339631,40.21794344894304,127.01180836686223
808.7601491326037,59.05548960342387,39.90188984916746,127.2113809771959
804.9572000492885,58.93446437541344,39.582947088673855,126.21993798591299
800.9781385943819,58.05664146182143,39.5403003833138,123.22972514381601
795.3080820029517,60.1046219177892,40.35486844593489,120.27328606911496
789.7632692370045,62.52632989297861,40.70260116319309,118.04730247461688
784.2669898976234,64.61964272095602,40.828915525854136,118.21311765270747
779.7837599343304,64.97069549732782,41.62703858415394,119.75979497311755
775.8980553282001,64.90150017107993,42.126650139401505,121.53424240642848
771.6232140199311,62.931198706272355,41.94368390645238,123.29043071087577
766.6596494849852,61.99733639599699,42.340501391871584,123.5654012058314
762.6441196061835,63.895672009905084,42.24335775744621,125.67838841002205
757.7153513834016,61.97486307194432,42.26278327924268,126.08948527459104
752.4003491917966,62.64155150536631,42.77757903665928,124.64168083376816
747.9590796659132,63.44691990249173,42.80842970341626,121.73319380491344
744.9964305484689,65.27081642908529,43.052531725536404,118.95659875025004
740.5927774530836,67.66055906937993,42.6698183087631,118.28476708751964
736.4446864005697,65.92442531147441,42.52738080014343,118.38679010030944
731.0778626103057,64.15181203211345,42.25629910973635,118.02117352510496
726.4257700101643,65.59157149447894,41.86347713075893,118.24704204963851
723.0126586884987,67.30544089262048,41.657432680431704,120.14497635668795
718.887696546145,66.05450487436408,41.58824418742915,120.66452009749304
714.8035541047298,66.32424482706597,41.43200132978113,120.37252724536437
709.5361102100649,66.94189554321535,41.4696776628121,118.52790588775738
706.0897773150026,69.8698163208473,41.88278164721153,115.89017942381733
700.098658145658,69.96194596500249,42.222953030334274,113.45179859353004
694.7644264584533,73.46207005947285,42.67806420137463,112.98581306175484
690.0101344999724,73.39856246047643,42.954077470142934,114.55594516305273
685.6538062887225,73.20397197050121,43.347525747501145,116.63784297993247
680.8658046047186,72.36990680640804,44.022948709320005,118.81853135112192
675.3750061979065,71.45397403436618,45.248147321955415,118.95262308100428
672.3336059686786,73.49732911081072,45.78035583476288,119.35777617884762
667.1095059283595,74.96790994439213,46.377693412349586,119.05438707180443
660.0478352252895,76.62756078563508,47.62243565161931,115.5102564606095
653.7338980129804,78.85097154299241,47.993385447026114,111.63491933281577
649.1340459132344,81.6455796921118,47.37192170065633,108.11859784620727
645.1814541695281,84.9354116636577,47.19859681099359,104.394873052972
640.2956344379187,88.00360830532497,47.60226485392437,100.59967344563233
631.418750547244,94.43097127812015,47.545813824238536,98.42677599888232
628.6462587874164,96.5269713331008,47.49044505660145,96.5696204781544
620.7512300346949,98.04067932186456,46.860473875520896,94.68284344811377
613.3469169490247,102.57827985772329,45.59716630052343,94.02831288573469
611.4969826856626,104.49285265253103,45.61681422330486,91.64679567498732
604.3238619014859,106.68442778350762,44.02679270724653,89.7173755193879
603.8249050846621,110.61059507668301,42.88704893694832,87.2623011220935
602.7300200540606,114.4573546739228,42.01952200680299,86.2053814683244
597.6886372833551,119.9871607535981,42.120825069576426,87.26930446522377
596.9387736096828,122.2998223925881,45.19035648930087,85.18733999003919
594.3663285574386,125.39665333643515,46.917031080559944,83.17631865486585
592.1806356612203,129.4310544868003,47.704688797969155,82.18917996268661
589.838091302832,130.62037373892798,47.71727928857993,81.0353197529945
586.1664093607698,136.77632286140593,48.92934224649583,77.94960826035793
584.2766115329506,141.59444996340332,49.24322940794777,75.14233259487632
583.4663954102152,146.50364237682425,49.99660891952045,72.03811154824692
580.2875702248765,150.2200215584217,49.94581345508426,70.42681295525463
581.1255659936696,155.6204700445962,49.66817370601882,68.55952976006625
580.0779824126565,161.43557052702042,48.87585297970906,67.27249800755912
579.8111376929339,166.54703123788426,48.28623411818215,66.02686197096328
583.2251774122943,172.36203133073343,47.53076648823811,65.36605810484502
588.2350541499716,179.1109844680844,47.52694986438518,65.05502145141992
594.0815380465907,185.46133855817803,47.09438379691591,64.69399298925025
599.6514430056819,192.7337912864632,47.14009691187561,63.75951348177662
604.612057591264,200.16500412522416,48.22940298088476,63.359318486627735
608.5424492822905,206.74922262145276,47.712764896836035,64.04737639773496
613.2320539202174,212.48293033799834,46.935797137095584,65.06309618803247
617.7152558596545,215.93816460974898,45.96816683305034,64.83907526492305
626.6963142850933,223.89080518042755,45.275558343989076,64.73892603579739
632.212585321476,230.58532833438682,46.75518897019835,64.04117249063518
640.7802067494463,239.22998204953143,47.78453313513175,64.2450195861028
646.5388181500678,247.57099259884365,48.5459701544454,64.77954359245884
654.5289170549898,257.82100428750584,48.98766641808771,65.69298380766368
659.5910030879561,267.3779516776315,49.33873792057554,66.60601125336456
668.6113046644324,277.3407816171698,50.16487404069417,67.59249698891205
674.6662735144516,287.6869018791769,51.27315037568993,68.0754712323538
681.5605852513644,297.10647598775125,51.98503997864668,68.77570594977544
686.2644448199968,304.95828283361385,53.65056302888178,68.85876294286466
690.567643430308,313.9568385732903,54.496316153108104,69.3005514574082
695.4702514617205,322.8657580928569,54.778110473889036,70.19599023504762
701.3631269142803,332.43495577627573,54.36522333830074,70.74713954594425
708.0693093226236,342.7758612099343,54.10577256885542,72.1931973309708
711.3637384444772,352.8119681484357,53.7360477022233,73.87008509276204
715.8739584745842,362.96013495707473,54.1978797901416,74.15067484584526
719.206210557003,371.3868168776882,56.01721561401249,73.66317289731857
721.4535227846428,379.9243042716008,57.52246002851431,74.69866220556261
725.0118398380179,385.29345206653113,58.69155914472568,75.11197317545549
728.0794388301513,387.8798497280534,59.06029268282832,76.2367085035035
731.1046790253347,390.4893550736682,58.81006806791305,76.54950523491176
738.8481124102206,393.11181723288024,58.597518085861026,76.53365253361414
743.5618216863658,402.38994588204787,58.25735691882451,79.27757567045953
750.9708045199584,403.88961173825317,57.65356838329211,81.04851335196989
755.6132086925323,414.3819960876056,56.82900230956754,85.01550589899253
761.9838582192779,423.99369551973393,57.211406259006225,89.0766853581001
769.9050740365459,430.5374387439777,57.79328530867434,92.1804563864192
779.0321101865371,435.2655284016024,59.02626211147493,95.46964221399213
788.5970615424931,439.6044496873677,60.47335524917257,98.86743936719284
802.344415401326,442.34989628658167,61.7460749759646,102.55541255517856
811.3713050917298,438.1966982144327,62.14357237433185,103.51253358732447
827.9498853809016,441.63652261826786,63.082206473722586,104.19376162596753
838.3674910446531,439.7717094930326,61.48738592380759,106.01663362114333
856.9603533955004,443.14550356784207,60.52190276874386,107.82588446078219
874.5990007055425,445.3492864952094,60.696394189919275,107.35169134202468
892.5953117686046,450.7086167662417,61.25181054646114,106.7347973862638
913.4139667730834,460.16515852408713,60.594000354398126,108.00793785433757
934.9469109242827,470.0434264018229,59.710626242673136,109.5375291893202
965.2390894471442,476.86864472449196,59.31936535783896,114.11877436771252
987.4446797755751,485.51248065638987,58.06831424809634,117.52214635767643
1015.20355696281,486.13164715417014,58.36228549008158,122.80090749740032
1034.9104866672255,488.7594093762027,59.077042414258145,128.8230396085109
1055.9793139557535,488.0221891497468,60.466186085493305,132.42096562660836
1077.0933201620373,492.97142060997237,62.65580672956628,137.1993272758593
1095.0108287906405,495.31946049076936,64.64768232514344,142.09481360008076
1105.2312563749872,498.49371083786446,65.98597716560505,145.94399910126407
1123.169297040033,497.404031835819,67.36848271905865,149.23243980417703
1131.3152503974247,498.4514074719657,68.54121376062251,149.52679909706927
1140.9196366064984,500.0258091106683,69.6106453067087,149.60902866802212
1149.174089379057,500.36620314587583,70.77811610436498,148.18063342607167
1156.2112802604697,502.8106691008178,71.99322408763335,147.91317768958854
1162.0660537699387,501.8752597540122,72.42227264975027,147.0248904624082
1168.1158838012493,501.746710148608,72.97650033584691,148.40216300829198
1169.6048944434697,497.8722485629004,73.55594198208547,148.3815363330579
1168.8348486853426,492.2855433752268,73.1886527982283,148.58722572299254
1166.2612304222887,485.9594364587503,72.64914606490633,148.26797349149237
1162.160537771593,478.8776800936969,71.98966672701549,147.69249448423346
1155.8160432428797,473.27572442765955,70.68652645857537,148.0739885570919
1147.8343868364136,468.13247260547837,69.46785532375338,149.1109022814103
1140.4090435085907,461.77305478773326,67.91119143923844,146.9240572604674
1130.4633055579181,455.9944002178003,66.79906817371332,144.227157835575
1121.9482960764633,448.33623820675854,65.71241652810268,140.9119453738939
1107.2972074132542,439.00041599935935,64.93858028945736,139.46969055773522
1091.530653554849,424.56047923378844,64.6705767849538,137.99289943128423
1072.820609009848,412.0286057055981,63.699857769486954,139.88257231469134
1051.0340074627834,398.40832253878136,62.362729137542445,140.0460436165866
1023.6152580601738,384.1504118316818,61.98015042811306,141.40974253322696
995.5532642976069,366.72262837490507,60.54041343542472,143.28313171240552
972.6528149644448,353.8038938777013,59.123672178653145,142.01906681704253
941.952374218562,345.25111297358876,56.50363387061409,141.66214426552636
919.3640390644318,331.611957400252,55.70500434366936,139.0374555342703
889.2408677023059,323.6855917219779,53.989917471974074,134.86847744867976
868.4286231745112,317.64943688069445,52.921169222875704,131.81477432912266
842.275674960092,311.7397963229083,50.477813332378275,128.59885151097905
823.6176051389838,307.30203157012653,48.346187624252956,127.4385104644797
805.4160620647596,300.68482162726235,46.82705544994739,127.24897634019825
787.31035505201,295.15601113115844,45.27247063511463,127.71071682398326
770.4139346671358,288.11666620132416,44.02546307722627,128.81644335052187
754.2333585147446,283.74643965050063,42.803710566334686,129.4213964979453
738.163619251572,280.39590616952415,41.92204422573676,129.47720503323205
724.5045112915667,276.53131128444556,41.25395872362809,129.9554859517657
710.8297859026245,272.96601582198394,40.811535569627814,129.6683074446211
702.5862333824871,272.2742811192038,40.690068603677034,127.51449080701428
693.6252277450067,271.4751556273742,40.72404505808112,124.64911969747278
684.6019047203486,270.153675221463,40.68550128806157,121.97406827174638
675.6324748326394,269.89742943877707,40.540775324343954,119.77903005386926
666.7487841046076,269.70459641073455,40.47941189210206,120.65920431679866
659.5652040922222,268.25619945143893,40.441772455508016,121.78301230017875
652.9222870188164,266.6612399464969,40.235754795679085,123.5156978811077
646.5541217026195,263.78492210350436,40.361568879916085,124.76182426304615
640.8613428314667,262.151089523166,40.31808094503657,126.45200946518861
636.2536673120304,260.70287006619924,40.664988494834425,128.38136802443165
631.2018510162558,259.77274373549005,40.73542272975527,128.50760665157867
627.3735621150562,260.3459850193195,40.08522353172721,126.63025300256751
623.534330617832,261.87502920720334,39.76560198104008,123.00537345000399
619.0109346623244,263.1526645374843,39.39031289840301,119.89466653589434
614.5725531381429,262.8736315229312,39.034818103748464,118.0172865410595
609.7004742814272,264.25218672082536,39.24314531943806,117.96010156793963
604.7906878953627,263.77125471922295,39.3130366187888,117.6732481438907
600.5967260390223,263.81235175342954,39.48105733922106,118.80899202179722
596.1188194511952,262.4216199583383,39.604267060285366,120.80278768185347
591.4034445393492,261.0168668803166,39.57224928296432,121.77938723408364
586.9221363591125,261.721688402246,39.81345203107175,122.99866808319973
582.3981485327652,261.7444306010969,40.06365718358344,123.86689314718696
575.9874310175906,263.75358654150244,40.225769475285254,123.24175424573075
571.1715156048829,268.0518260744115,41.23337086954827,122.3287873907585
566.0311337750538,268.46034870660594,41.776123169037874,120.38483310880673
560.5521909005196,272.73634021578977,41.80803693324317,118.95621358531223
555.2593525934918,274.23752535805846,41.79704721123894,119.47299808783842
550.1531218456573,275.13792299190857,42.12456188378803,120.3873329108517
545.3394198501854,274.56906555224543,42.08621155649436,121.5939738116347
540.9929881753208,277.0696529219449,42.38314843069877,122.4664334106146
535.7613234182934,275.90449942738263,42.76526971568855,123.33228348388377
531.329415879373,278.2108724720058,42.95740148206715,124.46160520851078
526.0207408345838,281.14701590268453,43.40265531920414,126.21043784635984
522.2596054476079,280.8265649837091,43.68137197786047,124.18167029458601
518.3523079232157,285.63820752257163,43.14348995297543,122.41299375262747
512.901750353564,286.8348540500495,43.2166326801693,119.11872171522316
507.9710059351294,291.1351591027217,42.651383731699184,117.11825361198447
504.52891976779694,291.20160098808964,42.51911329063789,116.55412341156682
500.11994953525823,292.4062540617039,42.492863158181095,117.22790494706221
495.75619664219124,293.67268819477516,42.58603628745469,117.34308126710141
490.57028918805236,294.7788990764624,42.90253522435797,118.55247203805925
486.1659124415962,295.34082546421246,43.73401906776463,122.99252021012988
481.0993639230166,294.5558515575388,44.21166528400104,125.35501256722037
476.0037412348235,294.79454976954435,44.376017044664565,125.63150111435101
471.3034685922013,295.93803664823446,44.29951250233333,124.44914328371343
465.44037832245914,299.65551874451774,44.73630533887568,122.92163835018007
462.5854706664339,302.3429285753932,44.85161534086765,121.52314873031446
460.6837746004211,303.444723588573,44.784243455788086,121.08532818561376
461.35058757077206,304.9749247701634,44.88310416841414,122.81067096632336
462.7307059426423,303.2513945072991,45.04388292569591,124.99930911732663
466.48046298108034,302.21410231308624,45.73071490289703,127.22264540535242
470.84264064187136,299.6636628367663,45.22721815522853,128.6058317443906
475.8768574511272,296.917120367469,45.181193975803765,128.2621590230731
481.8769826263407,293.52731228873927,44.77084078113857,126.5873531834622
487.4218919495751,290.65950719147594,45.19060751522381,122.41698708251775
493.21795033476803,292.58835572027976,45.3971300423234,120.34995684352889
498.0130334163347,292.97336548991666,45.85022540720524,120.8066781413522
501.5403110846452,291.15200744370696,46.57889274590762,123.0729549008096
507.224065178317,289.38150051242275,48.13705041397185,126.1532651520041
512.0326275180386,285.6265729403822,48.81659855557356,129.09905913122927
517.5685906685818,280.82947730335616,48.62173505203359,128.6937138909991
523.2403942450311,281.17144554772904,48.11656688686679,128.0852878296091
529.2058801484012,276.89409561364135,47.421735331286385,125.72651456851199
534.7445159385712,277.51842544127345,46.43079225741593,124.19923922993068
540.5144318687821,276.90887583141904,44.9998251812348,122.91641774956621
545.8956143159882,275.5506327664473,43.55335155269198,123.92323095165324
549.0724419332655,271.0144454318396,42.33864285134041,125.43275752974313
551.468651211014,265.5691368735721,41.69636362766085,126.50808038053103
551.4804263073145,264.6687050733305,40.76810516880194,125.40590834029777
549.2820014300858,259.28285173336985,39.98123862610968,122.05665287727467
547.5987046823991,255.82535087370923,39.11725131475087,118.60705727603933
544.6622066898218,253.4930142820251,39.21295647882988,114.76726630993251
539.3756515176708,252.88900767952006,40.08328133118867,114.58586889997521
535.5470824210933,250.8696829607582,40.846009867819106,116.0186468985188
530.5192432403384,247.49782728728076,41.51804221797635,119.57259899101815
525.9772927484397,241.8156144183294,42.64822024797728,122.61658062186521
521.1690011251958,235.85017579442183,42.730917538654424,124.26769750896256
514.9590096193584,231.8336686823209,42.25067300363732,123.89194880134067
509.3000231274546,227.653435506497,41.50328877919297,122.05964419504171
505.9225064442256,226.16606810596753,40.99505605907273,119.03335570355915
502.1866438076656,223.82218259001206,41.08292122095606,118.6200115087245
497.9049731061915,221.88500300491896,40.79597900116261,119.41061089421221
493.07457837920765,218.4431830051003,40.305671157461816,120.82995455290714
488.7916743163585,214.45639726338771,39.9183075531185,122.17370568950005
483.62923351243455,209.59728434241305,39.49717838063208,122.46215629341225
477.4177163907279,206.0727942749717,38.75082957503413,121.54834307807522
471.60475493871996,201.4784216320595,38.615388495895644,118.14434067560612
465.05861958472485,197.86231997730934,39.219826180814565,113.49864195416167
458.66657099246424,200.88657005552741,39.55611796067274,111.72123087472137
454.9528258970666,197.79742211323128,40.02676954367991,112.45038096539884
453.0395961214101,194.06360324444415,40.4258242144692,114.2159684939277
452.40778216826556,189.1757872095592,40.941787967182464,116.88323216693857
454.20973347373376,182.95987441549158,41.28113029032808,117.35693645533013
456.92164469913604,178.22313398996022,40.83734362138385,116.82884088274785
459.15626360009884,174.74253480219772,40.73214333319116,115.65543003586075
463.7064689618195,170.67046634351018,40.884154942513526,113.99102374797455
469.7235559863602,169.47642392853612,40.244207921325106,112.05185571308506
476.54176468941563,167.8389149713463,39.64611201027047,113.40396389083136
489.35243524171136,163.25968635765503,38.40246980399448,113.92825153966169
495.99273950056505,156.81012448833928,37.687120266084435,114.33139692288547
508.9837639799167,153.1715559401036,36.657391406258064,113.85407892978779
515.9243271400287,146.57449745758012,36.09281438718157,112.975913103697
528.9972667099175,144.66590762627064,35.69327886007467,112.07427457860233
541.9857441864394,139.76501487151523,35.084764535082655,109.25432832999546
554.5781218449662,138.42279070788533,34.88486105518738,108.4566661569196
566.8170465358772,133.9997461732801,34.9574839328868,107.9656056060739
578.6730326669549,132.14615901529334,34.95663990559482,108.45259201959684
591.1428909969479,126.80621232175588,35.2965787021516,110.60747625139834
603.0311717245635,121.18018795121642,36.213880161959636,112.69336250163254
616.1668549857648,117.21557512685538,36.77588766299464,113.48745965227722
629.3481140845914,114.41505470708404,37.15329675721147,113.3453512112718
642.710332408939,110.61189903056109,37.39773980822314,113.55542185310556
655.6144103865659,109.8949379551761,36.951163747989014,113.02059829540994
667.1042411231742,109.24295227095945,36.64132115294616,112.0814892862645
674.1676742153684,106.42673442870363,36.95721257506418,111.58667954459818
688.1467791832059,105.82360384325256,36.22419947776811,109.5041135346379
695.157875681825,103.94717967208986,35.540781161621204,109.90968495092264
701.9926046337785,102.31689749288435,35.16808953884221,110.23916157701859
707.2610185638271,98.81004846090683,34.87427696805173,111.02182107056959
712.6283390343102,95.38555199211635,34.36289976762497,110.147905988131
717.2833757874588,95.02206825000951,33.843180036352074,108.27040631879551
721.2674795090002,91.87839065977883,32.81610037036889,105.26855404076078
724.5725003196804,90.81620277906367,32.406009444046234,103.89600778604726
724.3561596099821,87.9691575581628,31.774313793969657,102.5931547540331
724.7062923331181,84.30270910337367,31.91437924645939,103.0853038303594
723.1620989946987,81.1439741081398,31.85296252325856,105.11380191988721
721.2266893011557,76.95684844141181,32.30323704759728,107.1877702981735
718.9897026137428,74.93803168780252,32.67255706396378,108.1541032988003
715.7339865255313,70.82175334128046,32.62811870739717,108.11264170418573
710.4202228821433,70.18357009785275,32.73708558462729,107.38612618725696
707.4833419562261,68.71762744339372,32.84233947900316,107.51397130261728
705.1859719437673,66.95024730767244,32.51152093687378,105.3397862997068
702.8697918302054,66.58184450689112,32.40217956106167,102.55573432871394
700.1064889351749,64.04040142687113,32.12874033769513,101.95693265687524
697.0991684114432,61.94128713293276,31.76573064739593,101.92855153787332
695.0865881921591,60.50614726728062,31.672106181484303,101.40062122050206
692.2506098761114,58.58616703179908,31.831479557811733,102.03509181757903
688.9013560940756,57.87351103234876,31.849122310939777,102.29367615439318
686.1019736575187,55.69766060524513,32.18943000021567,102.29389032570859
684.6747431725199,54.86365766727609,32.34262706564165,102.51857044366633
681.866900383607,53.27295404217632,32.943788660465714,101.02810555488881
679.5106162874872,52.47978796891641,33.24063448255767,99.58296621054865
677.5619173989015,54.460881677257895,33.02730113485118,98.22660374122286
675.6510851237765,55.17653943431103,33.107115547390485,96.91651660165739
673.1295008790146,52.897617598377494,32.63193534306667,96.53799133126373
670.2036984383134,51.792201175998656,32.395693468487714,97.78305935544569
667.5037358380899,49.45527739084615,32.403262273213066,99.47374213845822
665.171999860333,46.765700783632994,32.35425273000882,100.83785781626344
662.7238543246051,46.8398611858989,32.270744053997554,101.4198748699317
660.8791195109208,45.73820339366164,32.1387865745089,101.34824781791635
657.8230263635821,45.11070713114877,32.42390740135168,99.44136104187092
655.3176982629703,45.77123141981124,32.75682016766928,97.48004241020563
652.9547672967844,44.756004894135216,32.38904081891309,94.97277811918096
650.7427089630356,48.2970760717226,32.30526010939663,95.89653233230453
648.4329084256866,46.4799000326844,31.666125527356368,97.13453688764534
646.168762704285,44.76312014481434,31.457449406530493,96.4352803486882
643.8699134006331,44.449860247106464,31.64505995154788,96.95981331863779
640.6908983878814,43.88190190668581,31.610414577271136,97.33213501447085
640.0413677221529,46.072350354239255,31.8706902126982,98.25076767182368
638.3006364180752,46.4646814358468,32.202655550269526,98.92382602672077
637.1925513810855,45.74833348049754,32.151584861538424,97.36281785683762
634.8639431646878,47.600545256634504,32.132805467612656,95.09978851442546
632.7165308172263,48.830393936491454,32.3859693768607,93.11805540694506
630.8119449105909,50.69192827224669,32.42515670641244,92.3687962161017
628.0548656436983,51.029480080414864,32.39742271166379,93.02622595929294
627.2480764569764,50.405448700971796,32.09125361329833,95.05999392695746
627.3287306339292,50.15415017727587,32.14568437546509,96.86989154197626
629.4632806055536,49.59980698713058,32.471736333461735,98.24424837080849
633.9367980960427,50.85083525445491,32.61006569421931,99.42181448630632
639.5914948521689,51.44993829158324,33.08444846523096,100.5078491347059
649.7724128996299,53.43724483750775,33.18816183930309,100.28374649703474
660.4061879370375,56.76051581848523,33.33871212154347,101.02614439256268
670.6980438492978,58.32479319410803,33.199216071558915,101.3046643311822
682.6764517055749,61.92568304653915,33.29478950390248,100.8479751109391
695.600623996183,61.73587457068245,33.29962676167547,99.8387228962783
708.3289832615353,62.1704335610501,33.275689450453136,99.23324001447716
721.8816575980429,64.80007429543734,33.08749318222324,98.87549453355669
735.1946740196336,67.57298821233009,33.20494865080953,98.99116620004585
747.9099766978496,69.10088922445641,33.433032793278684,99.84336679076819
760.6619296104202,71.14080588550172,34.058111419431384,99.6613887505074
772.2399097588179,76.18417431313044,34.52962876851004,99.4323961121689
783.208216581323,78.76093213335331,34.81110136617583,97.4753369040657
792.9387666765342,82.27834617762412,35.383061249605895,96.07198044943522
798.8582986713329,85.21659068126897,35.947858305845784,93.83643568462291
805.4261122679188,86.98691907407274,36.491721202090616,93.49608602982897
812.2396769738157,90.07530021255722,36.75969715223531,93.55039379451651
818.7942649632258,92.74041830205695,36.5921381854389,95.4494380873188
824.5333066657321,93.12153863843155,36.45365915817307,97.54580875986076
829.8863335140402,93.73976069244564,36.57811655469649,98.99567851940154
834.7747743051879,92.79756240119924,36.31122184984254,98.72442377094646
838.7190292704362,98.22285506062657,36.07543189386367,99.66826346277296
840.5425867242568,97.34321719626145,35.73205629553337,99.96505757357565
841.1491630001349,101.30542982723077,35.40761328891266,100.348249499137
839.5506663067887,102.56056248088318,35.08212428043293,99.16693757718528
836.9865258073997,104.81069595065026,34.91084950070746,98.7440622621018
834.9006507695381,105.43892749639024,34.410762246566364,97.92207933109663
831.3497545030775,106.37451447824878,34.24881519361084,97.92751791143928
829.3795341387028,105.992126729104,34.13263007931231,97.45106029930099
827.3413113928855,105.81300810707822,33.97694695079906,96.52625117856833
823.5478055112144,106.47802262428132,34.14329774154614,96.74997730830852
820.8525192362385,109.7493777379864,34.29072864034413,97.56901911413199
818.4375734095463,110.0301845421987,34.587366147152906,98.80677507930056
815.2861025052454,112.86153887578575,34.85235553265887,99.66605194297972
812.8342632408392,112.62763347127705,35.25506465152868,98.71007456210911
810.5096794292425,115.91657867363634,35.302921067904535,97.6540604925346
807.6017741065389,117.78679846286084,35.328785157220295,96.26823588715384
805.0969223839138,119.21608802582062,35.042008900474684,95.72930669600292
801.7569110895544,120.83130489322008,34.608998671353035,95.58762451569316
798.5562241685894,121.08065850122779,34.76630818222825,97.86805228846254
795.3258895606091,120.80699666597495,34.811317016871676,100.2541953435431
793.0637400806169,120.39074055315871,34.850676878498106,102.21671996217333
789.7523622336283,119.98530113695598,35.18965295135071,103.6135737262957
785.669398811955,120.53457926544444,35.41922420387721,104.0233717755398
783.4091433687812,122.09878627432754,35.40983358570821,104.42005679685136
779.1094632136836,122.5199163943661,35.13220739230233,103.89585787874803
775.8151921399576,126.61885975649918,35.29505936565145,102.86457805755805
772.1684701627545,126.8101214438644,35.21883340581212,102.07079574689926
767.2535985085808,127.7773099819894,34.94498574888839,101.06991949700804
764.6900815722723,128.5461277791513,34.88444094337427,100.84309053472616
760.2272901532865,129.17411524465814,34.58108377127526,100.75004931094975
755.8370932591547,127.25891190912824,34.29330605837916,100.85740324191248
752.3731347332285,128.95726910383004,33.91813015368851,101.74708011074864
748.3417606757973,128.32092998927192,33.414006625484504,102.58934062336172
743.952596381525,128.947182555196,32.9699297803743,103.55745707735952
739.5488542661318,129.88796472983972,32.989979433218906,105.25192488978475
734.3504618019176,130.55861874744278,33.17747862556317,106.24062512293494
730.7584531026174,134.05380255016175,33.33622460845312,107.1711778895063
725.8241320893987,134.57383201176242,33.665057407900754,106.41478957053388
721.2903568676355,137.6656112667916,34.05934430162262,105.23987659499095
716.0301578636734,137.79729332197786,34.380019065833494,104.05823879725574
711.2174911123915,139.15640752726773,34.441334318885524,103.291829448909
706.9310514167814,139.4843180338467,34.527396350181235,103.8551308455716
701.4958133239263,140.68212793688133,34.57216605395789,104.37847447181431
696.9875513051288,140.5395214911488,35.05836324829113,105.06902320684247
691.7060495134427,140.15894762798789,35.4330180615219,105.8744540847909
687.6676728642091,141.059492024628,35.9449892173499,106.63419779196838
682.5021269633165,142.6620642497944,36.314807825775645,106.78479412723438
678.3508229954705,143.4661491751762,36.41186556768115,107.32422158939801
672.1048354713814,145.66840212621992,37.78747995149168,105.36476902631513
666.5512772769165,147.8211685142108,40.29705453133945,101.99202921193081
662.5836340655723,149.08510553421817,42.64049448796344,99.02612892250733
658.4275738948365,151.33055298090707,43.96739153613033,97.32175331814625
654.2057989885118,154.82581885330097,44.68436549733958,96.54155778170194
650.0031932026795,157.6808075792137,45.66667162390502,95.69649760816627
647.6986626789657,163.71875542570746,46.1802355399852,96.68719508534477
646.5071845343978,165.56525001733857,47.17578476468326,96.68140382574286
647.7362348556094,169.17372010316433,47.372872444327285,95.66061729483839
651.0174438705563,173.8547452831208,46.94250588232866,94.58867656932492
653.9593867639483,178.30844767522876,45.86840355425472,93.0996472772049
656.2953697068514,181.62134116302852,44.54976756537539,91.65522483789078
659.0989892899828,184.50849944352046,43.461995276096204,90.36895969139664
661.8518760456608,187.6228908820902,42.89992303198246,88.62162355726868
670.7748942859754,189.51922892553353,41.83328451583099,86.44701652307823
672.578960187237,193.67088350724282,41.42870925093586,84.47843798481225
680.8633182040603,199.41336539765297,40.62899517804359,82.83921261494164
684.2971270442494,204.38247131475077,43.502008601181245,80.46602229563858
688.8974023911337,208.44964204518294,45.84173824951447,78.50964504528451
693.2423497079017,212.83295981486094,47.62265164515346,76.9843897206197
697.4373812436434,218.70530483440527,49.140470310425286,76.23602708173853
701.5682243573588,224.11840015085068,50.24614801274306,75.87006346148202
706.8143325032964,226.73795452240026,50.50705595792821,75.25819013098051
709.7839859624651,235.39176122526695,49.80006314939338,76.57598489785453
715.3622597939105,237.60819260704693,49.673465628409176,77.21030038365373
720.2176899538324,244.353727993287,48.74116690066751,79.25700178982346
726.8974443682497,247.01454621513707,47.53655290062917,80.33575692479765
738.8531164706344,251.90598337300023,47.266033967466115,80.08308165997465
743.0604582011831,260.1732659559459,47.27368327004074,79.7988064110755
748.236903976453,268.34960880550045,46.610954378192226,80.19695803801616
759.0498307041421,274.9100693314962,46.1457664348992,79.53187805047783
764.0212148340775,284.49611367151203,45.67102338254796,78.01356553926942
773.4840193994064,293.3932840151786,47.05613278826702,75.66853515467065
783.2021359796255,303.3510751089141,47.673507568502686,73.47551194241936
792.7643177557298,314.7426576139988,47.598242984799775,72.47003019030662
802.7157379463229,326.4362372195189,47.05984733627972,72.05840541835336
811.4161516478479,336.91916230618494,46.700541005617474,70.86707802639333
822.6349552430182,349.8590988047477,46.29837998226883,71.29571485592794
833.8794732452794,357.1622546702985,45.62565867501216,71.19709546186246
843.5608802285946,367.9014251414156,45.92425599378233,70.22425340573666
854.0895574619615,380.6550143009148,45.23699582636492,70.26369259467289
863.1941064755025,392.7109815200855,45.87430473592823,69.31221958211263
879.0543348685849,407.0083281022456,45.16735007073511,68.96835611444777
888.0459988015442,420.0974206894533,45.05497671836631,67.88238552438287
902.8073187201962,434.9178743995974,43.37885635127705,67.74007811019834
905.5007735635372,450.3160125745928,46.97466227128459,64.38874614192143
916.1899827519617,468.5757002207281,49.101796186305904,63.012658508342184
925.9789554712406,485.32900807560134,51.4237740723328,61.22922356946964
938.3215753326315,501.8577959059993,52.46435107623573,60.197446706281184
946.8791536401434,520.3251764819297,54.35795300613373,60.69391037741853
958.6345902110492,539.2839950307216,55.98292123395115,60.806031733203824
966.5830321451201,553.6495705918016,58.80193587960311,59.51531792793815
978.0928640437104,570.9933454571227,60.37455151662682,61.16967188381947
990.7439077723611,587.799217115581,61.219055245848836,62.74222422119992
1003.40523733912,610.800196030971,60.600150537379726,64.63178402957996
1011.7333720139571,635.7959363749783,60.443314705161484,66.80959579151666
1017.5648198654676,656.5087471884048,60.276255260075146,64.61329469078667
1025.5969393955895,671.6503752595823,61.49232587695528,59.1678681382753
1026.3109474581545,675.235334375897,61.52597192509646,59.12776691461813
1025.2167492684962,675.9486304776699,61.528476437729154,59.125598167264336
1021.9476696601236,674.0118936722288,61.52858404924994,59.1255025280398
1017.974491590976,672.4256204701556,61.52883136949098,59.1252910681877
1015.5474277457599,669.9951292569345,61.529403380601615,59.124852386383914
1012.294721425854,664.179203192344,61.52954983083831,59.12460154925664
1008.1970536182399,659.9693966034713,61.52957294606644,59.12445783765862
1005.3837746282551,657.0319619796171,61.52950443448959,59.124066255441534
1003.9903499679427,654.1633517437673,61.529574113009254,59.123704520415
1001.6723413387633,651.9792571198151,61.52961887152067,59.12326765061318
998.8225197611467,649.3314627154482,61.52956882378124,59.123179274288276
994.2637803499425,648.3712873910542,61.529513962412814,59.12306123506507
989.4278872675311,648.369779156655,61.529445154396434,59.12301542909096
983.227957555232,647.2748040678276,61.5294194013822,59.122990583476046
978.8512878982503,645.2483660301431,61.52930164594872,59.123060758271365
974.7166790578158,642.9047055434704,61.52922935641972,59.123193583118045
968.7807192645254,641.607075905125,61.52927413373548,59.123272586752876
963.275674196143,640.1997429708298,61.5293249409714,59.123300794363004
957.6308822653784,639.6130957958844,61.52933131836973,59.12336151598084
952.5896623963624,640.389029402058,61.52925629352337,59.123559437682154
945.9849339340373,640.7892588939453,61.52925295968981,59.12364143758438
940.5412557587304,641.6456259844704,61.52920296112146,59.12374376051693
936.4723097668156,641.8480084623747,61.528911351201025,59.12413365876748
934.250041936189,641.5761575379477,61.52833859875801,59.12469980501143
931.0232680996252,642.3483631398377,61.52784145300731,59.12541515858148
928.4506846323309,642.1255981217325,61.52683586409746,59.12642853600894
925.4266084358098,642.2242520705116,61.52665365859821,59.12663432308117
920.601375321015,641.5606721208967,61.52626100909857,59.12710378690156
914.5052685556744,642.4506582337553,61.52606216337583,59.127474974537094
909.8377913319594,643.8983459149774,61.52599463814973,59.12769873890876
907.4513423651993,643.832972253226,61.52594526026867,59.1277306177276
904.1762331816043,643.0241957989998,61.52582392866711,59.12781016230355
899.9941552898752,640.3450382674964,61.52529656088028,59.1284291689445
895.5336710279797,637.2809907879245,61.524680001663256,59.12938789761957
892.4136535216386,635.0630670718447,61.52395754898287,59.130626393469406
890.5507814215022,633.9397927016549,61.52321053641087,59.13202027621339
884.3611875138452,634.8664376169415,61.52316594510879,59.13215225292933
880.5596287948472,634.2502855320125,61.523115372392915,59.132245667439015
877.3992132356109,633.6870569656002,61.52246573982803,59.13283531426371
873.4582672076655,634.9853006379166,61.52233160019277,59.13331662044885
868.5576664770745,635.7937600505074,61.52242946945571,59.13427265603061
863.7065066207185,636.8406488205837,61.522263143959705,59.13581152594272
857.7980874715399,637.8240022305492,61.52209819219487,59.13708437558259
850.1319385586498,637.5518311432495,61.522169264740015,59.13751622560862
845.6832937402121,637.2992838348034,61.52209142419863,59.137648100172186
841.2673441686177,637.5225986848885,61.52203847235562,59.137722698259786
836.5737045549364,639.126602655017,61.52189609174698,59.137919981086206
833.2459733802726,638.9198932072619,61.521396927555315,59.13866242300616
828.2496975773701,639.0626281656132,61.52121457797726,59.13887753890961
823.5256481756911,639.651231125416,61.52111410917937,59.13901308048572
820.8971392814796,639.624696503442,61.52052920595191,59.1395970074419
817.3699223246294,639.2351774204936,61.5201487809681,59.14022837449888
813.9530917500505,638.3925555591113,61.51967773560694,59.140844206676725
810.6172795488212,635.5350367882552,61.519375639652445,59.141234932135376
805.3011921552946,635.2927891010011,61.51932539008463,59.14139911605764
802.9830793752697,633.4768872219762,61.518791668976114,59.14214203540801
799.7185991177787,633.3484643062537,61.51873950390428,59.14226189992241
797.2415037221579,633.2875447184058,61.518477780497555,59.142638514428256
793.992208021833,635.3255975467465,61.51840241784159,59.142741926045154
792.6521535127343,635.6018304097522,61.518359973483896,59.14282991335537
790.7772468442145,637.5797075197536,61.51830038762631,59.142937023385045
789.1319886730519,638.3447346412138,61.51827627317964,59.142974066170105
787.8361277491844,639.0766818023532,61.51820696796052,59.1430474248225
788.6201817887659,639.3674248797789,61.51819004289598,59.1431143715107
787.3382561939336,639.2762447009184,61.51816603419637,59.143144478491664
785.954704352063,640.9597107954594,61.517900209194224,59.14344532735818
785.2988503760887,642.0831234998792,61.51787515371187,59.143488767319184
785.0536645773032,642.4174616871138,61.51784566209152,59.14351255144598
782.7140826801345,642.6492645933666,61.51774872568529,59.143681420031726
778.0678788722513,642.6260277690571,61.51749276723308,59.14389270381609
771.2376510424559,642.932423457186,61.51733345947769,59.14414332451421
768.1296316074086,642.7746340158683,61.516734241345986,59.14464344199598
764.3639800907273,643.8096362493313,61.516530259480234,59.14488900940208
759.6735493840284,643.382798835114,61.51650559499715,59.14493633491838
757.0222665659435,642.6002478988472,61.51634162453874,59.14510967580537
753.1522078221114,643.7425744775243,61.516181345021415,59.14532976559784
748.2400361720073,644.3560857269113,61.515811891933744,59.145840249650014
746.0903498580049,641.7458859421002,61.51303999250328,59.149243626339924
744.1693700181277,639.7200680945982,61.5101226676343,59.152246222741624
742.0620193782507,639.3038429012082,61.50892018838535,59.15377549603074
739.4553062580666,641.0236216721871,61.5088030136843,59.15409307995778
738.2612974741628,642.0348806254963,61.508335865076326,59.154743260345256
735.7399373634328,643.6064767174947,61.507141291614474,59.155993634636786
732.0023782645699,643.7485673244806,61.50691626195384,59.15626062708985
728.7242572925861,642.5884612908452,61.50616710560996,59.15702326961692
725.982405719059,641.8164658716045,61.506114664132895,59.157220429814814
723.0297772685069,641.6347170757767,61.506149626150126,59.15752987392523
718.8975985315776,642.6860750621294,61.50646138467664,59.15814642075126
716.747027844965,642.332931990227,61.50470053622202,59.160895338832624
713.2847015773074,641.8665186238161,61.50458176263858,59.16167387009367
710.2590904861172,641.2739551004818,61.50324313874438,59.16266714868063
705.520585620512,641.3156199126653,61.50294173561649,59.162994051415566
701.4880266020214,640.7659627013196,61.50230392848141,59.163517351670336
696.7707210013175,641.3907783107418,61.50212356494787,59.16382724343698
692.8294431767152,640.8936477010317,61.50217904249087,59.164002495316566
689.9424187829763,641.3913829992367,61.502228138959296,59.16409576361427
687.3272594708242,643.2518532202101,61.50225730403498,59.164248022625685
684.9884475289153,646.2830897707065,61.50202998774899,59.1646835710776
680.0440973591584,646.9573805929764,61.50200313915244,59.16489161846297
675.8339815368165,646.8634054027692,61.50198198384854,59.165011848749906
671.5744707690818,645.5599380848387,61.501813684723224,59.16523271279085
667.1626632117328,644.8669892856853,61.50184710386448,59.16524435719432
662.6410948644633,644.1690400281195,61.501928264040814,59.16532654618458
657.1372079248218,643.3655226836976,61.502349314344116,59.165459589368176
652.3644320305849,643.3950290377154,61.50253100088942,59.16554698024034
648.8634148424381,642.8131949524891,61.502664704270224,59.16580436787907
645.1223411387673,642.8897133566979,61.50267872309279,59.165974489025864
641.9053250946756,644.6311803653809,61.5027227169462,59.16628989754786
638.6690211944486,645.128926878724,61.502288982976296,59.16681528059085
636.1076992144206,645.1618253711268,61.50257795874915,59.167307057579585
634.1523511729104,645.9439391676533,61.50276660120243,59.16753497371256
632.9878307323809,647.4115447213345,61.5027793526838,59.167813044053815
629.3649887797611,647.4313430316928,61.502975091114166,59.167870994900426
625.667083685343,646.8393739936889,61.50317876215873,59.167914436661306
620.5344147348278,647.0148354993825,61.50377762662899,59.16839427423312
615.61757081571,647.3433635316312,61.503912150655566,59.16928002797296
610.2546635547086,648.4987007834483,61.50391089964827,59.169559856690405
606.5022764263609,648.6061822558477,61.50406317376906,59.16963349781866
604.0467735554438,648.4833443346115,61.50425176930217,59.16985099070547
600.5700356707227,648.0916276254326,61.50427685896523,59.170076992528934
596.7607679004632,646.2165475448294,61.50403512439879,59.17019686099554
593.2127800557182,645.5218709808504,61.50379365843212,59.17035800382312
588.9332909587565,645.8767711654366,61.503520067077275,59.17086040478847
583.850775912027,644.7524157175676,61.503904965529,59.170913597126855
579.5594129642532,644.5745108687811,61.50401119402345,59.17087754532167
574.0561604169955,645.4986894583482,61.50409710671518,59.17085324811506
569.4487983058893,646.5015014492751,61.50426749591946,59.17083949384586
564.6831687159055,647.2053083749225,61.504784984297814,59.171115962375346
559.3431421519206,647.1491546511446,61.50532036629612,59.17107960688314
554.7151604151692,645.733226008498,61.50613113746719,59.17105203118373
550.1272230499918,645.1605015539359,61.50672911153546,59.1718194866032
546.1554881384093,644.5129859407192,61.50733594718223,59.172744348786495
542.0775423567752,644.8500304169099,61.50766510963235,59.173008817139355
538.2026671117349,643.8267657228266,61.50837881077263,59.17281150166225
533.31583644395,643.226836509852,61.50913956498243,59.17303024961006
529.0772074981066,642.5962700232095,61.509284686588636,59.1731029850104
525.1308128296072,641.9568300472376,61.50986449371088,59.17407139310797
521.4871049684979,640.6618685453401,61.5101217267023,59.17508405564037
519.8549837724777,640.8636755137975,61.51020515458559,59.17590983625675
517.593024229678,640.7451506122728,61.51021848609553,59.17627540635586
514.141163491105,640.3544370256968,61.51012374009696,59.17651325703639
511.64663521751436,639.9944097180539,61.51004311457922,59.17669658974453
508.8240986959137,640.5075751759016,61.51000602747064,59.176853501350294
505.0482330325178,641.6288024522877,61.51011877821245,59.176940023330815
503.58521598315065,642.8380779411957,61.50996083173503,59.177135516919755
501.7130852894308,642.5681699669296,61.5090699841436,59.17812398656625
499.04088260121136,643.7929653719924,61.509081630418876,59.17836442377046
496.577584307392,642.5221904042154,61.50832435910986,59.17928592609702
493.235001153992,642.5979599386867,61.50834385728556,59.17983096932177
490.18290675695965,642.8494162356286,61.50830940000753,59.180659341758044
487.715543021324,644.0347315097879,61.50830777200524,59.181024314984896
485.2897173734969,645.4330157305282,61.50832504208563,59.18115992738305
482.9413483356933,646.0470611646147,61.50833679551872,59.18134340460793
480.54461822364595,647.6516659710574,61.50829802669356,59.18182007101946
478.893342726218,648.6116058360194,61.50831563341156,59.18201909552054
476.1187436915464,648.9218445975021,61.508165825252384,59.182442918761815
473.0227334899993,649.271580168268,61.50792834718194,59.18259178569863
470.2992718629639,648.9412577714459,61.50787684691929,59.18284131471728
467.04981637640077,648.4266887354638,61.50789026755537,59.1830089067162
464.4403799680213,648.7474322300916,61.50792391576563,59.18315000402747
461.86804983307877,648.6598274438784,61.508070578625585,59.183863298287285
458.8185417109923,648.6112633594344,61.508138344099855,59.18401753389567
455.5565737924602,647.9887590586154,61.50810977610423,59.184226879208744
452.82075930488486,647.1545161899744,61.508202591739476,59.184403762387795
448.37569902164745,647.099715472224,61.50830278773089,59.18465654314139
444.51588301542415,646.9627060511584,61.508484803229244,59.184968591487554
440.80141418466053,644.8916779251501,61.50783557739688,59.18578663091873
436.16836727732687,644.8369072326892,61.507848535741005,59.18629834280064
431.83656873115905,644.8839589985176,61.50783803072558,59.1865267983459
428.6670067888592,645.1555032535279,61.5078558324089,59.18672818815172
427.60414315280275,645.8812205897198,61.50644639721605,59.18821121081334
424.75562940983787,647.4792536453333,61.50651438760128,59.18835238451358
421.5259161410566,648.0265083767491,61.506300899071285,59.18852513832632
418.6936241186116,647.3114768261037,61.506318427085176,59.18859174913855
416.5980109329922,647.2736338932998,61.505762800643154,59.188774697575724
412.5506267148543,647.363545319033,61.50574077823986,59.188886005030646
410.63301528182274,648.1130409118978,61.50514797619684,59.189622902911694
408.05228577638667,647.2978251823374,61.505444610665265,59.19021279594659
405.5698532500011,647.4261561994641,61.505775380752034,59.190543519013474
401.77434424560795,646.829299310189,61.50639841578345,59.19046423916857
397.27724867795035,645.7961950078596,61.50719469941402,59.19063089741591
392.49360854349527,644.5030297047554,61.508267082581995,59.190850673317605
387.00206242731457,642.8844949797077,61.50880487921345,59.19109847195412
381.29709628771826,642.8276469259155,61.5089766832474,59.19126316884447
375.77116761087984,644.3012053652512,61.50905047521767,59.191307249416795
370.28871017473455,643.0488703706053,61.50879639456637,59.19159033685314
366.8500884625567,642.5789629676214,61.50802382389642,59.192497817553125
362.4647697264677,642.9291486616916,61.508069560234595,59.19286092552945
358.91840131546195,643.5608545269008,61.50807872111324,59.193218106472585
354.77042260463173,644.8909913104122,61.507965090222456,59.19363317813696
350.42945290466366,644.0741586024228,61.50772790019274,59.19403798639632
348.0006131833909,644.4577462882274,61.50573622686305,59.19601561371143
345.49165441486383,646.0145171844289,61.502026814606914,59.199616498615505
343.2101760355784,641.5600423593952,61.50011846087305,59.201991899415304
339.5782143118216,642.1188273624076,61.50003672421305,59.203037163051576
336.1938244336352,643.2990062377035,61.5000777339428,59.2033206535333
332.012115709075,644.3558823656492,61.5000327349431,59.20371606075842
328.74898609128263,643.888757032154,61.49975884369675,59.20430759145341
324.37153626634824,644.9193229623695,61.499889168309174,59.204399237950014
320.1596209935523,643.3917827673245,61.49962074539521,59.20478211445966
315.4922814562522,642.9279468383728,61.49967362218046,59.20505105879264
310.9417753265063,642.640318601337,61.49965934663818,59.20520699174951
304.95088767749706,643.9171416375707,61.499514402346996,59.205603497025635
301.10459180103487,645.5221472276621,61.49904337298382,59.20625778124386
298.21683061815764,648.8484433664418,61.49831585317919,59.20689950865895
293.3360401465595,649.2944779515464,61.49729017558685,59.20809642025989
289.3173672738128,645.7623284385064,61.49730720098755,59.20847637895692
287.3206219057673,642.2418088821642,61.49716752783771,59.20886226288167
284.04287601116835,639.7652861750814,61.49683122255325,59.20911837040646
280.98110723414015,638.4670674794032,61.49638300924512,59.209647119947675
278.11007872398733,637.4176138528704,61.4948611187232,59.21188374541923
277.04503301997096,635.2319855488332,61.489339323707185,59.21914766245375
274.37968038907354,636.3410570184843,61.487455912864164,59.221819428046516
273.6474201088755,637.8669422314298,61.48104279749415,59.22980146644992
272.5786389675785,639.7120354687243,61.47828144117217,59.23299892397461
269.87369223650836,639.451145353622,61.47687805883008,59.23469638240122
267.91147150162533,638.0013664413761,61.4757156620189,59.236444463011615
264.45450330983857,639.2872828157672,61.47532633148112,59.237021105632735
261.26447891669807,640.6431581146844,61.474385566217954,59.23835687445163
258.779701730017,641.487253038819,61.473809972844265,59.23889106716781
256.50307757186596,643.0724711665971,61.47210280666343,59.24052555326478
252.39008397952546,644.3039333597087,61.47007599903487,59.242006942111935
249.8124548723918,645.2858774545743,61.469062755630034,59.24239184751148
247.98356478624797,644.8870906639727,61.46847791670252,59.24267778575904
244.12187665319829,644.7757705463837,61.46822280081337,59.24292252635683
240.4400147023669,644.9872639455696,61.46732077168998,59.24392046418912
236.26709635375883,645.7398270540154,61.465342908969596,59.24447969594393
232.06447597501457,645.7074801054854,61.464883936538705,59.24473253049396
225.43650114676018,647.3065829009463,61.4642770821222,59.24559095591451
221.28504674730254,647.9071562061426,61.463322355646824,59.246139668512214
217.5379320086916,647.7941938037379,61.46273743696418,59.246279039075546
213.66510729361934,648.0125493706479,61.46232363468682,59.24665681202055
208.863507585845,648.0151954927253,61.46218290130967,59.24716957644468
206.19257292950294,647.1115944875693,61.45974097665861,59.24914537997744
205.0770067402372,643.7977242232805,61.4563610260885,59.25215150685201
202.6783475992675,643.4230413108564,61.45236829194518,59.256573414902455
199.93657751693542,645.1061292396956,61.44891085223926,59.260801085437556
197.82147729052218,645.7540559965782,61.446904960461204,59.262859573282256
194.80024557856174,646.3737635003813,61.446731036207055,59.26321688546974
190.6758294991909,646.0828365962856,61.44696700354248,59.26353177802698
186.69578168382952,644.6613276608031,61.44722281340344,59.26366320108562
181.23555981881307,641.7254383508805,61.447652162027644,59.26435140879076
174.55296957730877,640.2720189354345,61.444936565019106,59.26780030895761
168.6589195843484,641.149332660146,61.44199899143056,59.27116918025912
162.47706658425525,641.970155072556,61.441286008157434,59.272232537774094
156.93271392500293,642.7825332356472,61.44042128119088,59.27374209503749
151.5016222947205,642.6567928806223,61.44009290692906,59.27424361998272
146.87731191882577,643.5263958187603,61.43938123074002,59.27540694441335
142.68347657102981,643.5487802785738,61.4392831809096,59.27571192143288
139.27496161284571,643.7968270670023,61.438735735217215,59.2760348239251
136.71851441676444,644.6023605009676,61.43741141552674,59.27716714327309
133.96101532835786,645.2375093688403,61.43648561544172,59.27801963888911
131.18921754722177,646.0868510537799,61.43484935856107,59.27948926221204
125.83617807062242,646.9413671406336,61.434500737602036,59.279488312755646
122.88326662356725,647.1296112101761,61.43254727596898,59.28122430811572
120.84720046524075,647.9536917468753,61.43067065097158,59.28294245186524
118.29041980130948,647.3988298732477,61.42891320365711,59.28453800907979
115.98588591819033,645.7212477952396,61.427319940079734,59.28655465838204
113.19311610537584,646.9511295388036,61.4241297073103,59.28947317999757
110.79225667025827,647.3437801219998,61.422035120056435,59.2917505367642
108.05824907577929,643.4182817114406,61.42014397890573,59.293803647555364
103.49914646870107,644.781595629808,61.419919055427904,59.294260685927426
99.67155463081946,645.4488699967563,61.419638558827856,59.29564027291527
95.78033226244904,645.4190034828903,61.417414849981526,59.297872349655286
92.60154077195409,646.5134799890167,61.41731798706881,59.29874797166467
88.50524218902862,646.4553831945983,61.41739119662095,59.29965845125359
83.12719766596969,644.8830503453071,61.4174921217061,59.300360097635725
78.33140349739213,644.144720219449,61.417302657347534,59.30075289234365
74.19895692595615,644.6245049076637,61.41656793919653,59.3022735442003
69.91188759026788,644.0165455077298,61.41606538285091,59.302522473691475
66.52715103944159,643.9330174656488,61.41538973038362,59.30275731647445
63.01493224771352,642.0906014540055,61.41297756713566,59.30465171769094
59.57285247217882,641.6411502990458,61.412862158640856,59.30479734473755
55.32712674941371,642.0720965240499,61.412622968489934,59.30500847615773
50.74213427816362,641.7891054456134,61.41242472922741,59.30509596969704
49.14836690007968,641.1587436392755,61.41186296211038,59.305638155370886
43.39581397467095,642.361383225348,61.41123341558897,59.306447335429006
39.03069539011658,643.2118902847656,61.410428676433554,59.3075722365602
35.448408298509214,643.5845175983999,61.40940971237045,59.30850708435111
34.57785990475348,642.4166490098223,61.4086614881708,59.309270687821495
33.376581174956314,640.4726954198128,61.40823742806603,59.309602479885875
30.914058070702836,639.7688858834327,61.40763923883739,59.310305291926525
27.524029313029622,638.7220728812056,61.407469093051006,59.31051245978736
22.232796998057974,638.5325174479166,61.40742182113883,59.3105889561814
18.176396259105427,638.0710589022527,61.407330194490704,59.310681068680665
14.722602284993517,637.4659136155136,61.407349211134935,59.31070684017986
10.400420127890953,637.4919483070934,61.40727573542307,59.310837636567406
5.575689156993501,637.3454122608728,61.40718437826778,59.31101497817507
2.3033901946156377,638.6445109983565,61.40700872437971,59.31161577820158
0.5593815830901541,638.959750027239,61.40681312356288,59.31275824675021
-1.6408156155714444,639.5203634808404,61.40657561628402,59.31327728357073
-2.498456247562167,640.1674083983463,61.40635163791775,59.3137387018776
-3.301443633897673,643.3933307642164,61.40566127615883,59.31483061945984
-2.1862009207183313,642.3569959230115,61.40503567874912,59.31599928525293
-1.6576702309566294,641.7448713273486,61.40434086206904,59.31720026643466
-1.3366285243829523,642.3004684708501,61.40296202112246,59.31929330910552
-1.3439823656293655,642.8616264989433,61.40258815920858,59.31973170753174
-0.8061110149635873,643.3938704609224,61.401912143553595,59.32094169197521
-0.5495027311933391,643.0470501788252,61.401718237222205,59.32208857903011
-0.6398158101669154,643.0633387204058,61.401881364235024,59.32307869721522
-1.1582366335019145,642.6741291713427,61.402018709070916,59.32360806679521
-0.9119149307548113,642.7390731485261,61.40182402093244,59.32414423941092
-1.8739763615839706,642.5817642678518,61.40167136512707,59.32442754860755
-4.738343156662545,642.7419019265336,61.400932794944865,59.32513289931178
-8.234762504117732,639.7284493522028,61.398509820696304,59.32759728259252
-9.383340126102453,638.448819037068,61.396282616469335,59.33088199886065
-9.148443304839759,638.5088636710424,61.393760123102425,59.3350574033104
-10.784388866107374,641.2167722109276,61.392200632615804,59.336986390587164
-10.966743653185283,642.042700071378,61.389022024369964,59.34009583196358
-10.290577329085199,641.1255486487192,61.383244609171506,59.346020595959345
-11.478621801902651,639.5213866980287,61.37940615803212,59.3508368355211
-12.484867376621793,640.5898687845154,61.37711917026337,59.35391639805183
-12.883721637018546,641.0547814746044,61.37556039903417,59.35608521762654
-14.423049808233824,642.2617159656722,61.37293746366321,59.3593641103229
-13.186777009603666,642.7759440116815,61.372664024071966,59.3601722299591
-11.950393309721523,641.8070548338757,61.36965251229291,59.36470850297488
-11.134778824537904,641.938215018143,61.36701877488923,59.36948057099246
-10.06715842066749,640.0856885717357,61.36132699363766,59.37895703443994
-9.9153275614695,642.345436245229,61.35723562708075,59.38397493208201
-9.414983346617682,641.4444718403164,61.35440500644388,59.387307240556886
-11.122693468918825,638.6085365185619,61.347654850426665,59.39535189529645
-12.650802889946,639.615087862745,61.33916641327569,59.407920927435114
-13.638310028132942,639.4717332621319,61.33211274703025,59.4170615201387
-13.381450811626515,639.8441476907037,61.32827485677252,59.42186329301147
-14.084737366022182,641.1589479722355,61.32612425359639,59.42475121909882
-14.085673339118017,643.0298494916942,61.32183305344125,59.431179114324536
-13.934015341732906,643.0330725437366,61.317788850844416,59.43624176190038
-13.048882140688587,642.1799355717941,61.310542248941935,59.44679276820137
-14.507855645667824,640.6468689091378,61.30624184907985,59.45321678298261
-14.159556813327757,640.0237912918942,61.30470109968292,59.455394709196305
-13.659202809672042,640.2126216120529,61.30216430266049,59.45923651839154
-12.944905240658475,641.1278540813772,61.29553929364642,59.46888307380705
-13.268016651699106,643.2379853942579,61.28861549116256,59.47854083531392
-14.145135907376496,641.3700574891838,61.287099054854984,59.48021094981394
-15.996340292786222,640.482694398011,61.285159976782225,59.48265393571027
-16.618463860163093,639.7120279896288,61.28019913805574,59.48842137619261
-16.106975734353288,636.7780098261467,61.27591931378141,59.493985645814426
-15.176569114126575,638.2264719502816,61.27305389971348,59.49760246466799
-15.55207029334381,639.2588182167312,61.27022397751212,59.501511301626586
-17.78948992608524,639.7912701813528,61.26836436756773,59.50403262339048
-18.30707446421426,639.8276761845568,61.264201650040675,59.508921999321544
-19.926979658107783,638.0937347329183,61.26201574952816,59.511125018641636
-21.23280347706919,638.0642771235838,61.25943251625041,59.51349781841359
-23.060313250888015,638.887172373911,61.25545095190381,59.5164334234492
-25.38624999557574,641.0824056345384,61.253288396204795,59.51809107821954
-26.796182907981926,643.2675757137436,61.25196577115755,59.51903826569565
-29.049594968748238,644.1118455031155,61.25197159816503,59.51906274907018
-30.626010935591808,645.351143041538,61.252021871183615,59.519156865950904
-30.62602188050457,646.9469754309131,61.25204376100914,59.51917180331082
-30.62605240253694,646.6682138429703,61.25210480507388,59.51921184254244
-30.62607897795147,646.8514285523637,61.25215795590294,59.51929317261903
-30.62609848979098,646.5156725438211,61.25219697958196,59.519336931800204
-30.626102222618314,647.5865575836918,61.25220444523663,59.51935962625897
-30.626098918190284,648.410662823265,61.25219783638057,59.51939638908661
-30.626096065096032,649.2008274268563,61.252192130192064,59.51943391259396
-30.62609978036135,649.2199235795115,61.2521995607227,59.51947988680511
-30.62614073416374,649.3289695146527,61.25228146832748,59.5195732774145
-30.626150319746124,650.8379513730345,61.25230063949225,59.51962351481364
-30.626167942584672,651.8263499224704,61.252335885169344,59.51962113563786
-30.626184252109063,652.8465401931228,61.252368504218126,59.519606767123605
-30.626195883337566,653.5515614483523,61.25239176667513,59.5195948600734
-30.62619861995829,654.5774543487809,61.25239723991658,59.519591905667156
-30.626201384955586,655.4313413498481,61.25240276991117,59.51958837033701
-30.626204653177055,656.1462649598249,61.25240930635411,59.51958314562276
-30.626209633431948,657.1247634538789,61.252419266863896,59.519579737379175
-30.626214740294813,657.9877279110434,61.252429480589626,59.51957388442118
-30.626220544513693,658.33415937787,61.252441089027386,59.51956756058919
-30.626225811128602,658.5874550205284,61.252451622257205,59.51956068117151
-30.626234662115326,659.0798094516625,61.25246932423065,59.5195526774963
-30.626238429285394,659.6425164686863,61.25247685857079,59.519548246567595
-30.626242842373976,660.5791818391817,61.25248568474795,59.519545833709245
-30.626246064417185,661.2806668815032,61.25249212883437,59.51953986420937
-30.62625244763816,662.1196311272325,61.25250489527632,59.51953135661442
-30.626258477314508,662.5842069330637,61.252516954629016,59.51952514070779
-30.626264100891934,663.2442004767659,61.25252820178387,59.51951998594362
-30.626273840642202,664.0898859797187,61.252547681284405,59.519511718647294
-30.626293284661724,664.7673375254684,61.25258656932345,59.519491463489764
-30.62633517573649,665.3881513769986,61.25267035147298,59.5194457964476
-30.626378762337023,665.0621790864411,61.252757524674045,59.51937647966674
-30.626416169205672,665.0845536180141,61.252832338411345,59.51932253310035
-30.626431626171303,664.6353204781112,61.25286325234261,59.51929474809816
-30.626456517420475,663.5404007232282,61.25291303484095,59.51927677495396
-30.62652302633143,663.4163102253692,61.25304605266286,59.51924282547488
-30.626630844542618,663.8007398953282,61.253261689085235,59.51916622042783
-30.626687760251908,664.5155144247038,61.253375520503816,59.51911046974403
-30.626739955636463,665.0324346740264,61.253479911272926,59.519058294501384
-30.626815869737815,664.9438119567634,61.25363173947563,59.5189849176106
-30.626848104406896,664.838307538386,61.25369620881379,59.518959441521346
-30.626885379828575,664.5659962362498,61.25377075965715,59.518925590276616
-30.626916569074943,664.3873586184513,61.253833138149886,59.518914819661425
-30.626937310413084,665.1661643470244,61.25387462082617,59.51889980759898
-30.626959064736702,665.3264143941008,61.253918129473405,59.518887540508715
-30.626975376634093,665.7331935277582,61.253950753268185,59.518872473686855
-30.626979726152516,666.0632224314003,61.25395945230503,59.518865416181406
-30.62698938845614,666.5622352981782,61.25397877691228,59.51885323862915
-30.627007233023736,666.862767395394,61.25401446604747,59.51883304339258
-30.627012478842857,666.7349427572325,61.254024957685715,59.51882560050793
-30.62702234075167,666.8200827864083,61.25404468150334,59.5188155678864
-30.62703312362527,666.8764222219871,61.25406624725054,59.518803236576474
-30.627037772961017,667.1530847294785,61.254075545922035,59.51879713934525
-30.627042993221,667.1021625720581,61.254085986442,59.5187918311614
-30.627074861523607,667.2231573010348,61.25414972304721,59.51875085858241
-30.62708771470908,667.0799519218735,61.25417542941816,59.51873355279706
-30.62711887614319,666.4973769739552,61.25423775228638,59.51868893722029
-30.62714283222152,666.7422021534193,61.25428566444304,59.518665462752566
-30.62714977858615,667.1518092871788,61.2542995571723,59.518657790654174
-30.627175586643165,667.5695634993743,61.25435117328633,59.51864126193888
-30.627184618195646,668.5139132814926,61.25436923639129,59.51863383828172
-30.627193468596346,668.970938115291,61.25438693719269,59.51862658391943
-30.627195378492377,669.3603314800539,61.254390756984755,59.51862490430898
-27.437363714692,664.915943766874,61.25440567874313,59.518617829448296
-27.906467018083752,664.4840727130686,61.25440996399725,59.5186154397598
-28.889330570299606,664.4389576580533,61.254414865174255,59.518611709742025
-30.627210617041495,665.1632850932106,61.25442123408299,59.51860719953497
-30.627211999829203,665.2418346110621,61.25442399965841,59.5186051607352
-30.627214623230287,665.9266835832918,61.254429246460575,59.51860228368139
-30.627216226983407,667.1340100152012,61.254432453966814,59.51860057533473
-30.627219283962365,667.8412064376819,61.25443856792473,59.51859734066369
-30.627223535012973,668.1953678159742,61.25444707002595,59.518592579150344
-30.62722960478259,668.2428711255973,61.25445920956518,59.51858575009602
-30.62723607121716,667.8888990662873,61.25447214243432,59.518580170744535
-30.62723913130048,668.1282497972395,61.25447826260096,59.51857645583224
-30.62724258362846,668.5169200912011,61.25448516725692,59.51857335942139
-30.627245544413206,669.018339154402,61.25449108882641,59.518570864390114
-30.627247161327404,669.8143928810828,61.25449432265481,59.518569276507264
-27.891019616550743,665.2791644475084,61.25450331772673,59.51856487046262
-28.236322568661773,665.7216476654784,61.254505608095336,59.5185633774547
-28.692170056540945,666.8642309872496,61.25450897780891,59.518561328562456
-28.80538146839289,667.4381075752664,61.254511860921944,59.51855924543985
-29.244705742989353,668.0577553105215,61.254513738342865,59.51855782705342
-30.448075172930558,668.1839383440847,61.25451527064959,59.51855696163879
-27.981716873649813,663.9250760280374,61.254526008971645,59.518551834517005
-28.352560217908014,664.7935941430478,61.25452790306208,59.51855040216458
-29.910045703393827,665.743075439166,61.25453057416799,59.51854875791868
-30.62726636346788,666.2785352780361,61.25453272693576,59.51854740178809
-30.627268380730204,667.0046542325703,61.25453676146041,59.51854531062902
-30.62727062186743,667.4212449937016,61.25454124373486,59.5185428450107
-29.991983860708423,662.1470862211044,61.25455325837363,59.51853771259286
-30.627278525054038,662.6931743061593,61.254557050108076,59.518535476465786
-30.62728050896244,663.6448151668368,61.25456101792488,59.51853305961522
-30.627284207149074,664.2528487081422,61.25456841429815,59.51852899961786
-30.627287904074826,664.8591982786936,61.25457580814965,59.51852509948947
-30.627291217437463,665.3535681294521,61.254582434874926,59.51852149101683
-30.62729426226975,666.0270322948155,61.2545885245395,59.51851829971724
-30.62729868549428,666.8507667982407,61.25459737098856,59.518514045064094
-30.627300915536576,667.416051267884,61.25460183107315,59.51851194118107
-30.627303686734287,667.8625596538415,61.25460737346857,59.51850918303338
-30.627306105721296,668.298914020541,61.25461221144259,59.51850686290333
-30.627308294758635,668.6297150959723,61.25461658951727,59.51850488456032
-30.627310392431742,668.9430636164,61.254620784863484,59.51850240375601
-30.627312497467592,668.8778549266225,61.254624994935185,59.51850014157782
-28.763403846771762,663.3945993243781,61.25463714987287,59.51849485131567
-30.215491859021853,664.1494392258483,61.25464099228992,59.518491504826564
-30.627323063739812,664.7471460350768,61.254646127479624,59.51848778035915
-30.627326360001497,665.1079115850267,61.254652720002994,59.51848366085941
-30.627330226391045,665.2515624232154,61.25466045278209,59.518478965101444
-30.62733552468155,665.2174806227453,61.2546710493631,59.5184721824692
-30.627344498350922,665.4324361083109,61.254688996701844,59.518461976756896
-30.627351938057576,666.119301302385,61.25470387611515,59.51845330739689
-30.627357709125818,666.5358004370432,61.254715418251635,59.518447830209986
-30.627362617422552,666.67248598012,61.254725234845104,59.51844346354063
-30.6273702187316,666.8553586050873,61.2547404374632,59.51843690350553
-30.627374154066043,667.477878652324,61.254748308132086,59.51843198054107
-30.62737738349301,668.3333394149497,61.25475476698602,59.51842900101253
-30.62737950893155,669.068710984135,61.2547590178631,59.51842653856807
-28.47248675353757,664.0828686513903,61.254768409876654,59.518421979814356
-29.519217733719493,664.5735952846891,61.25477720137148,59.51841742318153
-30.627393416042327,663.948345618503,61.254786832084655,59.51840808951515
-30.62739776821436,664.482157282694,61.25479553642872,59.51840360802647
-30.627404407738496,664.6222572158927,61.25480881547699,59.51839516313795
-30.627407284377757,664.8922618355243,61.25481456875551,59.51839202500604
-30.62740931091311,664.9638467429677,61.25481862182622,59.518388871381774
-30.62741283084558,665.230475076263,61.25482566169116,59.518383728762664
-30.627420010588015,665.0884263200322,61.25484002117603,59.5183743011932
-30.627424394599426,665.097191653316,61.25484878919885,59.51836797015898
-30.627430665107504,664.9277571744277,61.25486133021501,59.51836082954126
-30.627436525539466,664.4594450306372,61.25487305107893,59.518354212447825
-30.627441268209218,664.5128610511128,61.254882536418435,59.5183473071447
-30.627445514124013,664.5406730763021,61.254891028248025,59.518342407166244
-30.627451748969357,664.5030571086088,61.25490349793871,59.51833377522637
-30.62745502377909,664.8174888405204,61.25491004755818,59.518328043222525
-30.627460271923947,664.5173781838852,61.254920543847895,59.51832021239643
-30.62746417232577,664.5571926833279,61.25492834465154,59.51831354924304
-30.627470124961683,664.5044488214494,61.254940249923365,59.51830494840133
-30.627475137988952,664.7950633066297,61.254950275977905,59.51829708170888
-30.627478999794903,664.754022534348,61.254957999589806,59.51829157887422
-30.627482884054604,664.2131264066983,61.25496576810921,59.518285876753154
-30.627486714316287,663.6648768272175,61.254973428632574,59.51827915535883
-30.627490022991857,664.033304033398,61.254980045983714,59.51827351456995
-30.62749363986992,664.8617680414648,61.25498727973984,59.51826891171322
-30.627497959699305,665.44582303412,61.25499591939861,59.518263336574215
-30.62750065732947,665.3610312514313,61.25500131465894,59.518259319601796
-30.6275046708424,665.397694532812,61.2550093416848,59.518255261599364
-30.627507603833617,665.3784495775569,61.255015207667235,59.518251654323166
-30.627511168674424,665.3742453559746,61.25502233734885,59.518247079760314
-30.627514159275712,665.202749240677,61.255028318551425,59.51824405417005
-30.627516211288192,665.6268237409174,61.255032422576384,59.518241849915775
-30.627518719934045,665.8834188362682,61.25503743986809,59.51823871003349
-30.627520895673655,665.3913178347759,61.25504179134731,59.5182360630928
-30.62752319327924,665.1731491465865,61.25504638655848,59.51823245178934
-30.627524693386917,665.4464467070575,61.255049386773834,59.51823075850562
-30.627530493484848,665.7034389095788,61.255060986969696,59.518222927406825
-30.627534329436546,665.0836013581455,61.25506865887309,59.51821928977215
-30.627536411648197,664.866043036076,61.255072823296395,59.518217765318674
-30.627543986453652,664.8459060859244,61.255087972907305,59.51821235542525
-30.627550479322686,664.5561376389112,61.25510095864537,59.51820685099894
-30.627551670609897,664.8255810189102,61.255103341219794,59.51820508836879
-30.627553400929575,664.7274805408607,61.25510680185915,59.51820288716197
-30.627557690259085,664.8783984051998,61.25511538051817,59.51819864232481
-30.627560830816208,665.3846492091543,61.255121661632415,59.51819565158795
-30.62756353559919,665.6406551925372,61.25512707119838,59.518193543907174
-30.627565171232447,666.5372229214986,61.255130342464895,59.51819194085065
-30.62756658430651,667.1818845382077,61.25513316861302,59.51819084526494
-29.39452525780632,662.709142867939,61.25515931459335,59.5181785803335
-30.627586926587743,663.1154212150338,61.255173853175485,59.518171357998995
-30.62759579179589,663.3713921350303,61.25519158359178,59.51816332156461
-30.627599850327933,663.6859725357826,61.255199700655865,59.51815851352146
-30.62760377169081,663.8948864420739,61.25520754338162,59.51815350896623
-30.627606234762396,663.9216827977949,61.25521246952479,59.518150383692806
-30.627607668075733,664.1052516327624,61.255215336151466,59.5181486259377
-30.62760927436453,664.1312215560151,61.25521854872906,59.518146460123724
-30.62761056402916,664.4784706201365,61.25522112805832,59.51814466548015
-30.62761244103436,664.8209721248442,61.25522488206872,59.51814261212329
-30.62761429078022,665.0821889106074,61.25522858156044,59.518140235378844
-30.627616165035633,665.6759689713493,61.255232330071266,59.51813816881923
-30.6276179095867,666.2439178427726,61.2552358191734,59.51813615503754
-30.627619202610486,666.2613393210839,61.25523840522097,59.518134802945724
-30.627622463776373,666.8943586530846,61.255244927552745,59.51813157652818
-30.627626702827396,667.0830019479273,61.25525340565479,59.51812656323798
-30.627627963524294,667.5090563744919,61.25525592704859,59.518125473399024
-30.62763202596762,667.6681120247778,61.25526405193524,59.518122761284545
-30.627637010719187,667.3398886293695,61.255274021438375,59.51811868444808
-30.62763909851859,667.5622851476767,61.25527819703718,59.51811645818052
-30.627641340459036,667.1096257992548,61.25528268091807,59.518113556971194
-30.62764722525448,666.0093957471479,61.25529445050896,59.51810917410918
-30.62765013361096,665.3134654173681,61.25530026722192,59.518105653103895
-30.62765610600267,664.378413624102,61.25531221200534,59.51809801260059
-30.627660347737322,664.132237559336,61.255320695474644,59.51809247087185
-30.62766390307869,663.3623736063251,61.25532780615738,59.518089351197595
-30.6276657512114,663.1320806664604,61.2553315024228,59.518087252564115
-30.627671047778644,662.5689212504641,61.25534209555729,59.518079642791925
-30.627675981959076,662.4958401708877,61.25535196391815,59.51807237788757
-30.627680675836935,662.3377506891308,61.25536135167387,59.518064913331536
-30.627681733105234,662.3703945591944,61.25536346621047,59.51806367544616
-30.62768455945652,662.295956008095,61.25536911891304,59.51806019161695
-30.627686818385644,661.3486798820406,61.25537363677129,59.518056755821455
-30.62768969537433,661.9319495183114,61.25537939074866,59.51805119185219
-30.627692749320993,661.9175896733511,61.255385498641985,59.51804637341268
-30.6276971997738,661.2396696659246,61.2553943995476,59.51803962560878
-30.627700826988562,661.3007572913953,61.255401653977124,59.51803433868288
-30.62770432224686,661.2891619177288,61.25540864449372,59.518029683318986
-30.627706657490535,661.2469592299509,61.25541331498107,59.51802577726326
-30.627709109854955,661.2409268597747,61.25541821970991,59.518022137945216
