801.5,248.5,22.0,58.0
800.7543399446213,248.93934995132895,21.518188156087604,57.6135389765459
801.4054682757461,250.6722464670669,20.981579382021472,57.07057151994487
802.5209638102763,251.08048248758524,20.675628558017266,56.898563435264236
802.2836453111341,252.5097335174439,20.60033587786134,56.61593427364875
802.087418834927,253.66880237716975,20.438807764525517,56.2218224474084
801.5210125169614,254.0758609167464,20.491386111287554,56.050767840598574
801.9818470832371,253.56299075929923,20.695476580329224,56.335928669599625
802.0925606929834,254.185760279819,20.97351557144029,57.06859423652365
801.8358333059053,254.51160842887396,21.315779919842647,57.88960962073335
801.9292900802836,253.34848178287126,21.58394467489997,58.514432591999025
801.997776295692,253.79761248488194,21.706600450574797,59.09275490723124
801.9361457702929,253.43370578855354,21.76823035455458,59.58879373133024
800.7360020275374,254.94253675608235,21.852785360970014,60.06324514809452
801.1678272282671,255.27441379200417,21.765379838279713,60.165618781824946
799.9354607743855,255.52423333376152,21.627912714762296,60.1649683266977
800.2050684950043,257.1398758289381,21.5300578067622,60.35257548150134
799.8843737923639,256.7020046343472,21.54628943854829,59.78301288086848
798.1693803274393,257.1900085850133,21.515015334385673,59.151233515426796
798.0346010001841,258.0167694796213,21.197293059807485,58.47553820230797
797.2648991341348,258.581632325626,21.038528991002757,58.36277551536445
796.7969739694315,258.48245444411083,20.852451582219516,58.21748350036052
795.6135317948836,258.4454638582846,20.77919473029634,58.14039881579468
794.7777751111807,257.6753351239974,20.55369300294489,58.19369956878528
794.142836719266,258.65622624086683,20.665800225960265,58.268521739495924
793.7398188241875,259.1089237063116,20.752258465229204,58.26322012563826
792.3871370956335,260.2346285296286,20.74246322139429,58.2012144897769
791.1953566102875,261.12286974357136,20.74577373813738,57.97692021992673
790.020779413368,262.2947660404451,20.773227082171637,57.42185383677344
789.5050904604079,263.0403444508554,20.83772341489152,57.055878571700745
788.3117394650681,263.63001331964716,20.973949522087427,57.194014007258744
787.8116061796778,263.97166945192777,21.201653171820634,57.329291668463526
787.1754557157666,264.44131808963573,21.44065882586235,57.6074890000193
786.1316886327468,264.0957378034052,21.612009401012998,57.870994590867156
785.0631069384259,264.4241896058297,21.808644158444437,58.52329806781294
784.7165561322925,264.00398352645516,21.895022462148084,59.403754556622516
783.7335368431534,263.864689083739,21.91281944897268,60.20003720006572
783.131404193067,265.40555980819937,22.033483632011247,60.45858224444633
782.6531512668704,265.04049091847753,22.104975486849845,60.315044617910885
781.3798384013118,267.49423533269766,22.01694598076925,60.41280099821082
781.0583452095738,267.2750557893031,21.97552018286772,60.18396625498664
779.7984111989184,268.63908871981266,22.09159987600765,59.834982596878994
779.553310861379,268.75874375388173,21.927682311206773,59.13633836388297
778.5424927227441,268.6119330446946,21.86885804007586,58.469838627472136
778.2706439737359,268.9587832740664,21.69729175416035,58.36182795182478
776.5095560057594,268.2403729012078,21.65776305449355,58.30708192031261
776.3390347961188,268.5246636070492,21.344462941616626,58.068746331297966
776.1709416972581,268.4106458928964,21.126275994234774,58.02873910580442
775.4198266781166,269.28730241255903,21.013404814294056,57.75294331367918
774.0411168497865,270.4830566421662,21.010604181723878,57.69121877093822
773.0991868635065,272.2102958428951,21.036822576563246,57.67185213057357
772.1495330085417,272.98082371335624,21.10325038556071,57.65418620593547
771.1704942454361,273.40554061052734,21.0432290805949,57.58251816247828
769.5859716848652,274.99068560408404,21.100060113296955,57.56718141671322
769.2297096351894,274.98074980438224,21.158836356031607,57.667331487229
768.2452438329083,275.5212882811861,21.476904313132735,58.10858815560001
768.1091288568819,275.47063594309856,21.842651628257038,58.44620887193342
767.3391492106886,275.6414857214879,22.29277599213099,58.56144218768847
766.7915507146128,276.52950870913145,22.427284154860658,59.27808987504491
765.4771379554107,275.0134947982704,22.55988503146479,59.619545673375264
765.1926132257942,276.7571177005026,22.64765800835425,60.38923355802835
764.4529797972632,277.16530282211477,22.758109681776727,60.68351969545735
764.5847910750772,278.1087717871063,22.834561307705375,60.85238077288999
762.3499640381823,279.82679355576767,22.908501575342815,61.04852841675016
762.1848478515127,281.3543573954479,22.73148179194761,61.177349015816816
761.7688631139193,281.0599859307983,22.603740311514485,60.46987569565012
761.3156276615565,281.4458610311587,22.228986250190847,59.59750547102304
760.6862190433451,281.1512285826567,21.91477623346271,58.98521010916166
760.0374734314049,282.694468300866,21.373759209014086,58.49912229910118
759.3789157887752,282.11907799055854,21.032074249942106,58.25706551451128
759.1727782919189,281.41248230225733,20.854034318937803,57.999885001045655
757.4348676994251,283.1092908507856,20.75217396248244,57.799847577756175
756.8459041586359,282.691581404667,20.769942290665696,57.59167795089704
755.5161740243663,284.23755370463334,20.950587480469675,56.718543194027674
754.865911894858,285.41670781319135,21.25432222446777,56.10557222476021
753.6828694821978,287.06052753842965,21.484949057234346,55.48551194832529
752.5021048638196,288.6211045851366,21.765056441879096,55.15047350127372
751.4764615076493,289.2886688002281,21.683697308806277,54.91105284525302
750.5450347521296,289.9157998378232,21.593887279005596,54.75938764906824
749.4565854781249,290.67487941618106,21.883214372966926,55.443818481061
748.6703518854963,291.6085891207672,22.093769188496026,55.933452828602654
746.5260333546013,291.22829475140935,22.5353109992026,56.568830447666485
745.2345124160521,291.0136878614164,22.99615691720992,56.882183862321334
745.025130658311,291.11715374756056,23.152436865692565,55.81916446500621
742.9874255311453,292.3484976138927,23.39894129917752,54.86590904816847
741.7514277527816,293.8915011210831,23.795431837670662,54.39742117403116
740.9379676439097,296.1322404936803,23.96059427629292,54.40891289545046
740.3132919617707,297.8341749255435,23.97480746269937,54.202183533295795
739.2158106841662,299.038761379629,23.79249407415233,53.73335495877332
737.6180169670132,301.5583125163376,23.401418262303533,52.869315341758806
736.5480832305619,303.19484019550316,22.78508899791658,52.594211252577466
735.3166093637337,305.28436961898285,22.03953110107973,52.76381001365024
735.8650126834434,304.40890262228055,21.80200808773997,52.67041655725636
733.1722337939898,306.0152404116994,20.925243917642202,52.40392203730228
732.4694332289004,307.4651350140125,20.23262899099722,52.15464075961702
731.0456158356064,308.36778425030514,20.14479653439038,51.85229152485521
729.6281782322774,310.1777639805728,20.56931617311642,51.54098518054603
727.7902224747164,311.39777093297687,21.57750737039793,51.44747501032661
726.9826797231333,313.2261312646531,21.96252907752071,51.43945315373688
726.8020625465074,316.0958328033179,22.111595452485773,51.76259728328586
725.6578223911885,317.6251905730269,22.8412902053768,51.07661795945934
723.9468390854263,318.69331083492887,23.288005857504654,50.193570337266706
722.7085175341391,320.56060506107804,23.232900426830234,49.54429878140701
721.8810130003757,323.1586824826637,22.96738096328241,49.057811620883264
721.2025108101344,326.0203770249156,22.21627539274576,49.40813965368912
720.9627488935232,327.228510704151,21.413014525574354,49.53972171195107
720.19148969463,329.6588633747201,20.38990487160305,50.371568937341145
719.7331872194321,330.09601022177475,19.552817552673464,50.19986272854533
718.9941857542742,331.3820758178814,19.20282351376641,49.87904522270286
717.6009692082977,334.1098579779737,19.426961168860217,50.48775664409541
717.0981143788624,335.50493420455325,20.065546419247237,51.13356591426398
716.441244421366,338.1701564563885,20.728449926101774,52.15665181754541
713.7545769238485,340.09154992358833,21.995160317865306,51.99835627909599
713.552682721066,343.06093286617,22.60058898663015,52.407195145519665
712.3377723944877,344.7716829793223,23.32372183174999,52.19654444275929
711.2400412040187,347.90356627145917,23.930920224193102,52.13116262029584
710.1526775771827,349.6331849798991,24.20269945597646,51.88934077462878
709.4747612644193,351.2437934477312,23.72738929833833,52.074170706335174
708.2870057579679,353.98389039202885,22.965631767997653,52.2438019138702
708.1857824122944,355.9161023400079,22.19008890493935,52.17415827227617
708.5690276249467,358.179016828978,21.488501195019868,52.13290885747688
707.830590768775,360.69917272253093,21.220538100112243,52.64555412832381
707.1721338347811,363.2505275393827,21.36578641882174,52.94536896590335
706.1478939430804,367.5727202481847,21.904046389829894,54.1924134494224
704.4152723824583,369.89674630958496,22.324081056942163,55.54005787126908
704.1906397245713,371.6643482005909,22.83005527111151,56.09874046468444
703.6618402727285,374.1386412332796,23.168185521595042,56.37244825306673
702.089282557789,376.959111295435,23.6726337513853,56.95160328637926
702.6001175027346,380.29840091649294,23.883615929632327,57.42988439582585
701.078479605988,382.23773975659896,24.055543818920135,57.992015011817486
700.778376590546,385.09906608024056,24.247331313617796,58.413003836397046
700.2953219431993,387.5366725617214,24.12237937383716,58.404834368613635
699.7461015387896,389.63392689885393,24.219711297845038,58.29552981879924
699.3053999529398,392.28524899552514,24.216463047044186,58.39886907348535
698.4424722347977,394.49764881546446,24.26824669454052,58.12029250184402
697.920596007038,396.9438565966362,24.236301728032537,58.22758177729965
696.6856484264624,398.5328050080017,24.62736688544509,58.16665382473161
696.7746617193214,400.3168193022944,24.83159051931065,57.67089324533201
695.9701238686915,404.4273973949974,25.307888529682916,57.22257279143235
695.4374895029794,406.83022151913127,25.354644177649256,57.25898081757862
695.7214305881499,410.2261078694471,25.34645504577184,57.44552108615477
695.1924914447284,413.3331107032098,25.407766202525988,58.15102912102195
694.5450047847023,415.47779320307376,25.729191110255154,59.0505226303577
694.1201051129913,417.7453890392575,26.055271321730853,59.85748879871899
692.5827549312347,420.6992038492384,26.24834698660492,60.39460090467882
690.5708006475527,423.28101408769317,26.787331952818576,60.9937482195173
687.7653251806238,425.0744715670517,27.36789023988661,61.248765080716005
684.7103091279015,426.45068230589254,28.148734952142867,61.41552113523044
678.4184022124783,430.2673952665247,28.285088608428666,61.47480990512819
674.9245646712495,431.2187666366669,28.511105976042572,61.27128388828585
671.3050190881816,432.70554804105166,28.396555632168564,60.91935770862092
667.5212534475413,434.69011632423883,28.137297534329264,60.366388878300114
663.5210197937155,437.0630148599214,27.57866469091901,59.654013323353425
659.2152350488128,440.5856889250757,26.927847858702698,59.90139743181428
654.2742124756544,442.1458438653144,26.4676364589991,60.11634436629358
647.2127558237543,447.44992810889664,25.7655318337222,61.589861899026616
642.5182656777143,448.82602346413375,25.567560870003753,62.33838739796391
634.5731550395628,452.1075060296313,25.363061305852632,62.15264242077747
625.9575498339088,456.04596978141393,25.547419605344153,62.49470047476839
617.5675051971581,459.72978438211965,25.866304350037108,62.86889208558233
610.1331920318869,462.45747980528364,25.930081055945646,63.52991721673227
603.829934884845,465.3621017322255,26.080038076164726,64.140810291407
596.071414304978,468.43805323527357,26.528294522153693,64.29057306823928
587.8840773979241,471.47079161315855,26.578167844928345,63.90056618780505
580.1517984203017,475.05854741498626,26.562967537538935,63.572508178357346
576.0245771452666,477.2437410303653,26.479082679772223,62.70304076647742
567.8134664321485,479.4236575809041,26.058547834646205,61.90600902648385
560.8111434041741,483.9776482938049,26.244378659271554,61.42655905667588
553.4932621799621,486.6351597593125,26.077486841338192,60.80164967012476
547.3328043682683,489.1612581560609,25.949874174930983,60.18622808414747
541.892167810844,493.42442881558173,25.91538915684506,60.22554247341884
535.5526437717441,497.28028470900466,26.135949724363684,59.150119329456274
529.5503175611207,501.88443500741363,26.917096171794512,59.50526191653729
522.9905905811055,506.30783704497594,27.96477564909781,59.94705971671782
516.9190380856618,511.0197426496477,28.325372743562035,60.794876887196075
511.35882205089837,514.3596391993249,28.524560191811972,60.37989244262684
505.1733722415262,518.3576925903463,28.267882982553353,60.10968821795702
501.3659930972442,519.6507899053223,27.985609963896913,59.47334367040259
495.8827565319763,525.4705748562488,28.205064280345702,58.90334812462852
493.51148609607435,528.6664892083724,28.5634985161023,58.01444720053286
488.7924246919639,532.0258643195713,28.494728166364204,57.59558844999792
486.32169303516804,534.835610574062,28.54769078949574,57.02608993286816
482.5132435529664,539.6245852009392,28.543368688377818,56.92698436807868
479.8600939289673,543.5594041562844,28.815634161046447,58.1051665486359
476.53680353985925,546.6771673637784,28.28879927840433,60.23727681425095
473.62169867424393,550.280119767386,27.994497290884937,62.56322377552913
471.2041715523902,552.508064216268,28.13112004274052,63.99260833433877
467.86275563993956,555.6755455377782,28.50631465298126,65.25043152658438
464.08844596042206,560.2945042720005,28.83975075395956,66.9925078783304
460.64312168087235,563.9871747253654,29.08113545426383,68.3257586616639
456.8418130401446,565.5165872687228,29.3527476392838,68.49740256336777
453.6265287474187,569.357773937996,29.649856656711894,68.87310799069064
451.88779191293963,574.1281217376277,29.7016041503619,69.31788602423978
449.25103443222997,577.7453811529415,30.02601527953635,70.08823188630002
446.5602710351621,579.049876074574,30.73809274429587,69.75591583682788
443.8369207168529,580.0152300055838,31.14299049776601,68.44553228844862
442.4485845998827,584.5622842791017,31.352414148866476,69.01611852748466
439.1989419844311,588.1247999684476,31.70420887836592,69.56014642537374
436.79348127815257,593.2505243172982,32.458143482146056,70.87076666688156
435.2309965822137,595.9350687465536,32.6706222677158,71.76383095702175
434.6819156596039,599.1692602215037,32.73551911831424,72.28893298102903
433.95914868577546,601.8429872960817,32.767005824760105,72.33941660653129
432.1165883155944,604.6327410134065,33.05447417750314,71.12925912839407
432.0725250822724,607.4157604514442,33.23411027691343,70.50974058084067
432.82551584045876,608.7372725199562,33.4915148908736,69.5355415933528
430.39931464400723,609.4821483312201,33.86790171599713,67.8373002994754
431.628142969007,613.2434810569995,33.57212079079008,66.94552664784335
431.5436358455438,615.9723655427911,33.74833855845776,67.81756066621983
431.2621850159277,620.9206086923115,33.973929128651214,71.48772094310672
430.0638984931399,620.7296945340908,34.154232919542366,74.9448697418022
429.03949743404877,621.4364608332194,34.15913740894042,77.7616018072413
429.2889114458793,623.0322369668571,34.00718848011847,79.66865612642219
430.87362325465153,625.1330728315813,33.69808829168165,80.65494406799421
431.356986881533,627.4746197176307,33.53432351989437,79.94640674197085
431.4078201838941,629.9340436201758,33.46610967932556,78.88560117702355
431.9857265402887,631.581670507938,33.34302885721483,78.0501772087804
431.42658337529014,634.0284340676842,32.778486522432225,77.10539963152442
431.5474237811052,637.3040816536787,32.33906667591097,76.51752628112965
430.7576301551044,637.7673668292786,32.61734911071292,75.62345476644745
429.2618696804599,636.9373932406186,32.59542682841926,73.24251411112566
428.6492778183575,638.7332498399854,32.38864031393835,71.12016245604735
428.00110059679446,642.9748305467133,32.3532857297741,70.44073534511236
425.43348219158594,642.7992826809744,32.820771227935275,70.55231446072258
424.23322715026757,645.4544062989611,32.570721169962304,71.90722311235305
422.304722764137,646.301456188477,32.815798379799766,72.50849605785429
421.65919436098704,647.6805872694974,32.95532897340741,72.05731940988204
421.9992409437176,650.4619810450935,33.05410323148072,71.90626977754376
418.3101109766837,649.9559414801819,33.47532714717691,70.48676717175584
418.0604504183518,650.2908393147823,33.59514593759063,68.2255532362587
417.6584352218144,649.9434638170237,33.64204004536047,66.1239749719035
416.3646267801924,649.1587994584177,32.99138283116177,64.09140478050037
414.83897038835147,651.2147900669947,32.8093417616179,63.174994747504584
413.368974409859,653.6212268287562,33.326296666448286,63.56729662376179
411.78145927342774,654.1172091037881,33.341760775294105,64.36114111376764
411.77340896988795,654.3489015470411,32.783043009647265,65.19749523044311
410.5415128434788,653.7303627759751,32.18210175721656,65.86855597932407
410.7511256210938,654.3847697693537,31.76876915069967,65.8807623573282
410.1787700786332,655.2378608486215,31.25580091623914,65.99161503937658
410.62938527222263,655.4698794965692,31.027231535510936,65.86770106906745
409.8331848637237,655.830662002906,30.901204336799914,65.38294806680116
409.34764225280446,655.6473877145123,31.18182440637474,64.74336630587342
408.85752957288105,655.232131423822,31.179123933949967,63.402281168061535
408.9370834769852,653.5883427814736,31.286811105314026,61.13858367629966
407.9298230581468,652.9337299980763,31.272007888272785,60.14974191178017
407.11427883579967,653.5103843049803,31.476864948689727,60.83289937196204
407.36517634643,653.7969581564008,32.03085308000922,62.123933068466364
405.9829692900864,653.0184035081841,32.45864710030461,63.9347423232244
406.4610104527861,652.151566014323,32.05957947865571,66.21149138235376
407.10968617882673,650.8837554461395,32.29460324305857,67.9216976227095
406.89292025398083,649.1118788685227,32.69075872246932,69.21100355618705
407.5952051874985,648.0686067109278,33.23730184104499,69.12918334653544
404.93531624627633,646.9837287629467,33.671121528756615,67.8276827479755
405.1352773829078,645.993015554084,33.72942396929599,66.00356645825777
404.33839624352225,643.2687627638818,33.56358537030534,64.31956900597785
402.81533266996746,640.9543462073403,33.63776484743198,62.343884659191346
402.82019323979176,639.5119189554543,33.709159475143124,60.81354798940998
402.4165699999087,641.7492803736216,34.10231830174922,61.26485054370045
402.8918626248362,641.6482260671681,34.2470600715856,63.2248458047854
401.4382444591289,637.9432378955382,33.80611491687045,64.36309697028025
402.6226865447685,637.6847599152056,33.086211482323705,66.21160531722956
402.66484587283344,635.7191047407587,32.76590194427397,67.52890223266687
403.2816653793617,635.9132075440962,32.8732872108119,67.83799878863917
401.6728711060216,634.4334426284579,32.99450029209902,67.72987663284005
400.44974487869234,631.9214254643757,32.554472686943086,66.6941413305721
399.1679891469198,630.8215136706311,32.49792060716841,64.41936746399028
398.44436704316615,629.2973290522843,32.37010468551013,62.212523440033166
397.06879610850467,627.5670591323174,32.2972619318777,59.95496082482815
395.6751031222429,627.6667103802006,32.56248928165958,59.66314528190284
394.6741285739439,626.6456790378369,32.053146159095654,60.86275001651498
394.19694826144587,625.3237314003676,32.0199165307386,63.27021737337712
393.5464032093159,624.1653391941287,31.37818012552287,66.01755552015749
393.80722961677407,621.9954079042639,31.165949565168813,68.48223714018567
394.39820614751926,620.0048201586277,31.18454157623395,70.33014665932038
392.6075652356481,618.4557149367663,31.365997350171618,71.13687155502387
392.1693352526458,616.8201447229848,31.682935164229207,71.08758075013445
391.6349272269438,614.2770730536674,31.65373161571867,69.14617768297687
390.98896451116184,612.0357495155441,31.669070872317604,66.47320466110946
390.6621799246864,609.3154424627434,31.809702559096714,63.794066836474244
389.903430978035,606.915123006402,31.735479036879923,61.649867702129285
390.79560942751425,607.1009063290174,31.936669561284084,61.117879715240875
391.8017268772646,606.9299542575778,31.961780786432477,62.645775264560825
392.2922583729189,603.8752463550492,31.813568549384836,64.62038634397108
393.18457441700747,602.1167527537928,31.529210165736565,66.71704123390018
394.7909542996779,596.1264121779975,31.008785052342752,69.2093114357836
395.0323420786345,596.0849270676983,31.27658897078609,70.2031706262801
396.4328444346058,594.5716894402769,31.392112722207152,70.67126956886693
398.21964428181457,592.9538689335877,31.387268416049437,69.66646925991874
399.97944988746724,590.4895244564397,31.54214884864972,67.94123422587273
400.24286965859557,588.2858216793283,31.26622236014407,65.28475981335973
401.7692526671646,586.31955290806,31.063559959720436,62.7830865786133
403.7196593159054,583.6582982088399,31.21631454859137,60.502719313845574
405.24835944982874,583.8193181903245,30.826513481947153,59.51220777609325
406.20217993109344,581.4323662501347,30.817418142243405,60.149848285958896
407.38263738181246,579.0985473617153,30.13721033785889,63.052755490097134
409.6454193777382,576.4002197985471,29.290862015639327,66.28119152692528
411.0487703453083,574.2204777139615,29.52132429177231,68.44798770781549
412.7335526894312,572.6821057691322,29.718749263789636,70.38373275714173
413.7029961844289,570.4699269393678,29.8844765316066,72.20933911013695
414.93762588872016,568.336839561652,30.187177143089407,72.9802152415298
414.84510398069034,566.4149273815912,30.589340041957584,72.12331070837143
416.03538945251853,564.9402050553489,30.601175323505743,69.86066200758451
416.3654006097964,562.9506776561892,30.569229741108657,67.0506266493488
415.005145972375,561.6277348980294,30.641012075796368,64.1100978285101
415.4955729450554,556.7974630618742,30.47695371797523,61.10481374966087
415.30572085907244,556.1957109388316,30.132531670191728,58.82643232413063
415.2629799593547,557.0877940897163,30.05639756148127,57.96944744507141
414.1460713853175,554.9087839783251,30.415497116362637,58.71079705933332
414.37464256083024,552.7676487937038,30.30657219306773,58.402989551531505
414.46923372121927,551.1949792589648,30.119187495756385,59.90596447668392
413.56997917829517,549.1076306984554,30.65616284442193,60.96667009875571
413.2455781080544,547.6313949434757,31.412236171910862,61.561546164989636
412.46815900304574,547.2334442958089,31.511137473206283,62.54543164375367
411.4589853031247,546.6672818798125,31.40140545868075,63.53797979885316
409.7284234076302,544.2606516012565,32.92106864023367,63.046456534859345
405.0683945687099,543.2774389100277,32.752750654316976,61.77856652196163
404.5660592056803,542.2014517582542,32.32792747626245,60.59916451134574
399.4542142600952,541.1340686516726,31.526700718567746,59.1990875181031
398.6594995741125,539.9553575618723,31.16307470875838,57.19805547025618
395.75914255049526,539.3937575717034,31.533366926769222,57.238139634477584
393.3276266454859,538.4457857268441,32.04888124640087,58.11438267779598
391.6286831010484,538.4150763348861,32.27421145813973,59.55037028171151
389.6102661673993,537.076718353585,32.49527660671848,61.252216635434635
384.6858618931053,534.216876322356,33.530435024080795,63.14464091891623
383.5079033608155,533.1611293321512,34.650364425391444,63.91740635222951
379.2498074828194,531.348012498308,35.21211368031549,64.97141921760893
376.26649086524276,530.4694811204922,35.570989823946505,65.51200982434517
375.2431457270303,529.9292410590249,37.083439020087354,65.91707425256607
371.13091381593625,530.414012011096,37.11938431810553,66.23003416517342
367.12640785352266,529.8624231574686,36.64253923304497,66.65173659071286
364.73875575981975,529.6884008528783,36.09500082248944,65.85414380689576
361.81582277575035,528.4403674204917,35.50700982651682,64.53221464658354
359.93331248603806,526.8789196172647,35.203194670620405,62.761455429734355
360.10299003605985,525.5856252105008,35.988716665799345,60.24629625360757
355.45992460373486,523.9671893950673,36.069298290337,57.719657657271334
354.2973842790597,523.5184853902575,36.43663219553136,56.21501374123166
353.4189861557157,522.8808365888412,37.019062325695685,56.67225446263648
352.42663025729433,521.6735800068521,37.368047909083224,57.62141747555259
352.6197472269867,520.8952192359498,37.64018088826234,59.12638885287829
352.0518640960785,517.8609600488977,37.65560418018438,60.93405345958734
350.2218524329084,516.9928974801503,37.958111933022906,62.41647449623492
348.9226568153802,516.0335243829322,37.97028838727186,64.13061025351635
342.68626731070077,514.198103879369,38.180256689538346,65.09572845180499
342.4088796606904,512.5585234687956,38.9134669277515,65.26620068004111
341.7405072396226,510.2305007311121,39.67908226902115,64.49961727586083
340.6359085383366,509.5201863128681,38.82104968540236,63.643532979490644
339.7937083985704,508.50688446593483,37.991347744399455,62.18085096588334
337.8078100660083,506.9504208568352,38.374894487725,59.453404667999834
338.11008505767967,506.3850051613787,38.51756168272698,57.03313079806386
338.0674219180157,505.5934149997823,38.48227588463985,55.513445186884724
337.45170828630796,506.50844687384364,38.58327149598637,55.78398644974835
339.04137580547996,504.6207815464511,38.96132595539924,56.398160450175524
338.0690044463446,503.2831190707615,39.15671836429805,57.624364522381526
339.5041089112867,501.08057972397927,39.25452057523719,58.83515305481304
339.18623542326753,500.45866878032217,39.24690651926644,59.80051038638697
338.2248259674087,498.312810715962,38.59904886581378,61.485312710099436
338.00828297273745,497.6028565243557,38.04795976913486,62.85278506191083
336.960292832804,495.3518355000455,37.71084054071623,63.59849948144175
337.8108164567032,494.3862612092372,37.13577974978884,63.22654342400503
336.2493410944986,492.77259753023935,36.678141895020175,61.83152056608892
335.2105572214006,490.7032483734654,36.22158455157085,59.88844655221369
334.92006837584677,489.84755290114094,35.46608651273621,57.5864283591368
334.12484269713264,487.77103083863017,34.883359912629714,55.515843963192815
333.05763081321516,486.49514304308343,34.34385828068434,53.96737693954012
331.284587710131,487.1828500695057,34.0406522085628,53.53307546461071
330.7257841055023,487.07135328602095,33.474277522373455,53.943642658217755
328.0289628142537,485.70645338721437,32.989321891674884,54.79894933373009
325.6701301552216,485.880096826467,32.54210359615261,55.555062566423246
322.5228655290084,484.95958583865314,32.170977235633444,56.74770420290529
319.89307061343334,483.90744228484834,31.907837193126447,56.91461004296733
317.2103130080583,483.50234365170485,31.975348253485834,56.55897908125746
314.11798532878345,481.97477245011646,32.14347071408633,55.88189296690189
311.41533739522583,481.4712386034447,31.938183275842675,54.689988673474794
307.31206241019646,481.10246159416795,31.882649238638212,53.47275615295047
299.6900487045326,479.83181913524123,31.729248137392702,52.23311698900157
295.8082745470218,480.36599990789404,31.610303433310293,51.87499336398025
289.03878483246825,481.30439699251554,31.93350165056443,52.28596350557402
285.50030389283086,482.71707623001134,31.828746134056736,54.60540807776265
279.70912451676213,481.1125478117253,31.699764935632647,57.325618671906895
272.69622136231703,481.57830374984303,31.63717135743785,59.72889130342284
267.85327598310147,480.949327038649,31.66827219124736,61.45470131179036
263.57399285666764,481.58497041750076,31.665596340538407,62.26062569567317
258.8340561937049,481.1531895944074,31.669249535543525,62.8944498365431
253.0323556270234,482.29997756652165,31.27235121517112,62.40762228251248
246.7463865660988,481.65162739600055,30.709934745650685,61.248111056629604
243.69889911681386,481.9139760476259,30.38528197774718,60.25507898913671
241.13659240531138,479.25479760138086,30.19741924261004,59.04331646252888
238.56218626560695,478.192244703974,29.7399321216893,57.87801960650954
234.5881712527321,478.8406796761284,29.277490231240286,56.98647784656686
230.31253971147626,477.84682336687354,28.90396960708696,56.70387934790443
227.37882405193363,477.67431232691257,29.291466710626533,56.55839442118109
224.12103749868209,477.1573322660175,29.85055931404736,56.64610100483959
221.74132997970983,476.17535102957936,29.89161106692717,56.458494349679334
218.55158616131908,476.66999823910334,29.727141470279715,56.206543241941176
217.430012241052,475.49921403513036,29.588812431694027,55.42356106890868
216.0969395735184,475.5202966190435,29.487634988059447,54.962689811824276
214.43962265186713,474.74879243474743,29.581166832079113,54.13463923952894
213.08925990962058,473.98339475557987,29.23518754743771,53.57662057770727
210.25215148403032,473.1661416893582,29.075176836667534,52.8861216556767
206.26567732094844,473.009872435054,28.672078028431905,53.317329994547755
203.85806906225977,471.3376514288079,28.530043473879303,54.619634145788105
201.4409026266304,471.07184755815246,28.819925108413216,56.30895148564025
200.53588957538437,468.99073473709166,29.05759415238014,57.785848167343154
198.4493062555043,469.32672349814425,29.27499983632977,58.71143391199217
196.66622537767876,467.4872399809726,29.807864530060677,58.94783812780811
197.11737825234172,468.7955107197235,29.602343515460703,59.67476841582459
197.0650094285878,465.00363246625716,29.144994819203276,59.37455609264857
197.01565210182142,465.86902051263206,28.66144230755201,58.67489672391311
198.53331323766466,464.58616571226355,28.866577570655597,59.00558020351058
200.67865775823782,461.99710173671565,29.036070242613484,57.931307279514826
201.86747091096836,460.56067393803556,28.833506116717842,57.544912474424464
202.75761229584245,458.3505006864586,28.517450069686962,57.07339563147855
203.8741471749122,456.9328317741695,28.90404045063132,56.888513653200334
204.81837261166754,455.7163930216701,29.320665699404564,57.55719333181355
204.7999339765066,452.9282192322666,30.102982677959368,57.7197249354314
203.38160533956076,452.2011050941518,31.123864795829906,58.22140762841285
201.79794105998855,451.1941424777223,32.03344212854913,58.38241316351024
200.35056247093823,450.9517974977309,32.35243393532715,58.15547432882299
197.6443592140254,450.57809325861956,32.484540785609106,58.05342411258761
195.49564461171232,450.58833641245604,32.17991730163666,57.67231676981565
193.76461305056307,451.3197219193396,31.943670763977238,57.619602466291795
191.94412242642898,449.00973273856675,31.97451860274529,56.75990887272882
187.58521864052847,449.60380712550204,32.179035769272915,56.72056464426083
185.3590505336444,448.4623350474077,32.349870689858655,56.47563480752954
183.74164038626566,446.9711672395012,32.124962028393625,57.462275905253236
181.5556773914113,445.9701781547854,32.38766274497001,58.00635343133613
179.8824714175749,446.9000421133407,32.44038639537107,59.34812545319036
173.67496478515832,445.5161813628867,33.40579848680336,59.96137341093127
172.468103995663,446.4950774168968,33.67720873118404,60.096593874245954
167.30514978048487,446.293476312929,33.676457958964576,60.15499459664309
164.230358162214,447.0238995329733,33.30072257291721,60.78379831066821
161.89234617039355,447.0337616909323,32.6182136509795,61.20932724773333
158.4420761462433,447.1521397077416,32.585949114776824,61.25205894318732
154.90908788286595,445.85087943550866,33.23288114690265,60.36471489986931
149.63185613214824,442.9134168186483,33.53848428914611,58.80121506950316
149.67087637699072,443.66112748290186,33.39462781425841,58.56234941745625
146.42992836517385,442.5433174130971,33.90515504821927,57.789406992215945
144.97936722701962,442.24469940659674,34.155077506870285,58.050917369926594
142.1416977225738,441.34957365836505,34.94710572093159,58.09225879692424
139.90557458183054,439.95955604595173,35.73822278527028,57.89382679572245
140.38278803449285,439.32330052025526,35.94507663117402,57.627884387375744
138.8293878526492,439.03490103132646,35.9937028615605,57.054488601096054
138.0340716804678,439.4008697454639,35.738533137213,56.85934678897105
138.09236023074607,438.780941550013,35.70109967258507,56.132039617098236
136.70784621912816,436.72510079721354,35.996116274617265,55.151495571091964
136.0310662643776,436.0730630572242,36.81469332403,54.03522908253423
135.88637621081656,433.9301953688098,36.88114365543727,54.189931992474555
136.01251775295938,432.8790072671545,37.00249514794911,54.56504402990686
135.65581386301082,430.2895002716901,37.33450094196254,54.94715345693194
135.6085183734326,428.82251678288344,38.61636160877158,54.853954306386605
136.50243885508638,426.39119262471473,39.90995155748182,54.920282661176174
137.61998439975844,425.96916091828405,41.08591889404099,54.42322738068586
137.854057508683,424.56735901222777,41.3977539317232,54.66967629892331
138.53208078513984,424.48081700848223,42.13145170826204,54.056409638937716
139.77077107842504,422.99528240827874,41.984367876528665,54.23379769463036
141.84560017808448,419.72452931997685,40.763544115533755,54.715691120227
145.6286694663625,420.4092744445808,40.32064314884099,55.57533972218491
147.76932844541074,418.5574077648013,39.70755310174003,55.85459908081307
148.73171977720898,417.19135442715276,39.15784244055445,55.50852496616265
151.21125965375768,414.53306128798647,38.87568310142797,55.11120686369695
151.98818161297345,412.7444526648083,39.305448501729636,54.28315639459909
152.42350601509128,411.5311112161749,39.85325541744182,54.21140522509347
153.1655971358007,410.2307957081402,40.444176220532846,54.45611187325823
153.1247275980025,408.7257369325997,41.053979964307786,54.67127035604088
153.784758024879,406.565802009248,40.875319924611205,54.68570359156874
152.75487091290245,406.94220138519927,40.8721661872148,53.963787334190314
151.45701683551198,406.9361314172821,40.52877240756274,53.45116577205027
150.4162425522544,406.2953553134383,40.093076873507236,52.57302640754863
150.30096757046104,405.23432366300653,39.563248118717794,51.910685192192
150.3524185710381,404.9000442645709,38.996474102087475,51.87040892369838
146.6724329700129,404.6884663563073,39.16666983721896,51.78420371155436
145.94589273166446,403.4216985371909,39.22518079773387,51.99946699756853
146.21097008343193,402.36790639656493,39.23089837479661,52.246379758587274
146.69774290040232,400.42036791907725,39.18475911149562,52.774501433258706
144.99534416288034,398.62208595944355,39.607937466895386,52.974302027788504
142.46805726085972,398.5049202415317,39.92746726840367,52.9084533562572
140.45343711981658,398.3704352352579,40.47324950834521,52.631642114036396
137.79795063041817,398.346353607109,40.582309130361025,52.46780839777324
133.0350591233495,398.7696622859698,40.51698286868049,52.04099313951805
132.97377969259858,398.49955292280254,39.72113035609022,51.98178351015874
132.21173167257888,399.2390711777655,39.174852860973374,52.027267755046964
134.08831085931882,397.2337762394234,38.40501233951373,52.346878627824914
135.09092153146014,395.74904107913477,37.66342019330543,52.58837000362375
136.38669245071202,394.30916995504225,36.421146314396395,52.47125246291405
135.7472373546476,391.6881462684874,35.24997563494318,52.41166123281338
136.47884213700587,390.55727536126807,34.5327569426098,52.59109547011883
136.9991548876707,389.607158939777,33.92311280910661,52.67246754382917
138.02772999384794,388.6940206596637,32.08182847700307,53.68458000197827
139.47242342434873,387.02052490919135,30.408177647533773,54.26567637467278
140.8772136988926,385.9442079331257,29.209118295765073,54.561405343283624
142.82933314890272,385.261944723905,27.968506781837952,54.669539998037834
144.79599765590365,384.97714109751826,26.848521054350403,55.51623183981587
146.24920108844094,382.9494054327174,26.42364986241725,56.501452181410926
148.10547162330792,380.31748152875593,26.091094125172344,57.425166799178896
151.39155896942475,377.6219023078607,26.067821944535353,57.70337634646866
153.14363804804248,375.4446753497614,26.18142492240124,58.0399884467188
155.69515014274526,374.0238589795461,26.693750025750784,58.483953302322725
158.40681163219625,371.1455561381473,27.3467052565351,58.27434623563904
160.10627726309795,368.796231384772,27.769172252940916,57.761365397998766
165.75617223573383,367.356446159395,27.81994154228829,56.884445856611094
167.69340823777827,365.352758354357,27.55907384537409,56.20243748307513
172.92204362102112,365.88186319616324,27.204053178070538,55.2716070082657
174.7532060745155,364.2111213419565,26.958326591089076,54.491196833927695
178.67291654931412,362.9883044334391,26.089809514935425,53.711148630775185
185.77094489794493,362.2511984578915,24.862184290452134,52.81650486707234
188.8267145377015,359.5139994615527,24.251322596540827,52.35251022058984
194.43675445501964,357.3205886277795,23.7831348517483,51.43068187135152
196.91030856733252,355.07094581487866,23.518990952073676,51.37464246587271
199.77462663667217,352.89302923879825,23.94523629075033,51.52855558553231
205.93474324780334,349.1128757427586,23.835483758490476,51.953091779882094
209.4351190568439,346.46943642789586,24.007256592618816,52.048552238678674
214.47599218034233,346.1616718589582,23.877530037089215,51.68032364225535
218.1811374123143,343.09414658843014,23.92586870446239,51.788502025260875
220.36790602458422,343.4765306198139,23.88794902218946,51.65710400434052
225.9008796148425,340.9252517115057,23.915026095518094,51.678003457614665
228.77396097154082,340.5805888505038,23.504136647960053,51.62889426884433
231.17447398330796,339.75377451340506,22.949107099645513,52.231158044360036
237.3235673275123,337.202182472596,22.17635490525541,53.25492823513959
242.06900425347663,335.52344884679576,22.31486032578765,53.73534484854122
245.00910707531054,331.97121262591764,22.68622443004468,54.14345193385217
248.22233486873472,329.1923657385124,23.501072287104975,54.10002285252247
251.0141065659377,328.03989772942487,24.459628368559578,53.854560759354115
254.9532199505846,327.60411651983225,24.911030543662786,53.12635608964928
259.10136200535993,325.6388319173218,25.247178418059917,52.63988446978007
262.845234678895,324.5923822867452,25.144311706396213,51.86276429505074
265.12663767312137,322.8958216954521,24.673451366136874,51.22769867954111
267.9920767826999,321.3819485558052,23.468077736060632,50.99810118976149
269.8394932318049,322.1579182381553,22.369336108297386,50.6063361948734
272.0431336258153,320.9005280237241,21.74755942298355,49.741084084367984
274.10726059350276,319.2337732040798,21.74552237603628,49.44850486600587
274.87825424229766,318.4197553742023,21.75000798551282,49.84677618345293
273.8680760718042,316.39086368609156,21.8046765747298,49.93818778500093
271.762130925606,315.2111399250444,22.601817721618293,50.52767633416432
270.6133755241768,313.3418151691708,23.260896379358098,51.05317558307893
269.08493637147865,311.9745460287207,23.901511819687776,51.04919252646995
266.2149152373477,312.65384132486395,24.266902655912283,50.67284410117937
263.6552055620499,312.6551040173177,24.362695678993262,50.63402189414127
258.7428140234615,313.29052529143274,24.06955692694648,50.85474648076834
255.93850895542482,313.56277355656636,23.188034731171662,50.53397555253189
250.1255927920418,315.53822535902447,21.967117752212648,50.714659929793314
244.47809295013954,315.2581169933905,21.46615319498933,50.430633909462976
239.13430503933108,315.73535145880476,21.205564076725842,50.40968350757275
232.79410132669207,315.93142909616495,21.68144173973584,51.17201929978501
225.64120754415967,314.6860230108017,22.193910556326472,52.16539733125976
217.34498184452187,315.5334686187086,22.86158683200592,52.51810686160084
212.45680806800573,315.61859485176,23.60531872341709,52.5874918597829
204.7772109208788,316.62148029637376,24.40173931314216,52.16220249979116
200.67529418332992,317.5734738823024,25.04541024398938,52.010155935958565
193.56282469380974,318.27507083850605,25.35294123352782,51.85873347359394
187.33190175105653,319.2749736037637,24.472106187942934,51.31497237857969
181.79116446537984,320.45512340890093,23.685885904560006,51.20641846914147
178.8362432064103,321.2348103915314,22.907414938307152,50.96620603818985
175.72376167998888,321.3746017821502,22.48504913754284,51.18085239484978
171.4076572804706,320.22533224784877,22.050194604975363,51.62356437032824
168.4881150024511,318.8294859291572,22.141409192600054,52.09778168880264
165.15673518422122,317.95780977020263,22.70625985536602,52.45130723211466
164.01963494393402,315.76615699398826,23.90083043786912,53.11604636684928
163.3128920023799,315.2135394422943,24.936575699410568,53.18866926568559
164.54085989596368,315.01491083178865,25.597849108333733,53.031317247595396
165.8245058210565,313.52073430881086,25.847804887313707,53.13090543530518
167.17280864327893,313.52999236866435,25.513367316523073,52.792187918656026
169.57729891112544,313.76502845814105,24.549955437751393,52.51250525367214
170.98701690381998,312.64368126995015,23.388251939087183,52.593745190890665
173.48483180879725,311.1879318662033,22.81044878165951,52.46662090382563
176.66104522597198,309.42138467016616,22.93385536329514,52.38302847491605
180.34367992653333,306.869802405172,22.56592187296957,53.194898430166916
183.41158719865263,305.6159321094139,22.892338011104012,53.87892250041985
186.17733569563012,303.9591986237246,23.93365929641541,54.03138874319128
188.89248566096902,301.94639336914213,24.965910959518105,53.93671660236235
193.01841332944875,299.8180696316913,25.781016911010813,53.421557360345126
195.26462309558298,299.5223456949852,26.43074635029994,52.89094731902347
198.08814592900623,298.7788811852977,26.688680866101166,52.21032195988894
200.745649312434,297.9899612873088,25.940958206453853,51.45827984935725
203.65966985664832,296.8431831441945,24.698759250593607,51.37574537058652
209.42657544778044,295.7299617106795,23.46003111428883,51.16468966812797
212.36629481321881,294.40142013100547,22.77356885817401,50.69133116182665
215.27384583944536,292.3009717137588,22.485263623500472,50.530950892895824
217.9709271656937,290.7556261432626,22.533694068690558,50.7433883355393
219.86647031668608,288.4399079454074,23.039886647778836,51.089369981188625
225.055737285228,286.77009122276,23.641326503724763,51.4085616559298
227.51548403426958,285.4011705902455,24.26142384121287,51.31696638035523
230.03638143824676,283.81155316538286,24.725664838007045,51.16729850867549
232.9898093899647,283.44912110368824,24.941573998810668,50.53584380062094
236.01454695894907,283.09942304822056,24.264682250124142,50.0390377526284
239.81594174461716,282.38386208355075,23.1702125335243,49.626817735366146
242.73236708039894,281.27051024898446,22.25228028465971,49.24438839935641
245.57754933636159,280.1738074890453,21.755126374541053,49.20039529481457
249.1193799350357,278.9136483937533,21.826570768013156,49.44981109015016
251.16550113156538,277.51529524265703,22.233255491347855,50.40459224814718
254.17566639910592,273.75402804916587,23.04197120565642,51.062855948026275
256.70757053730165,272.70952425090786,24.131097480503986,51.97302934463688
258.29297894006453,270.64542280730245,24.96753241448016,51.70722550272177
259.6770111451701,270.74969552762997,25.688847171825675,51.06411648489149
261.7682941632527,269.8964204284114,25.7678649407448,50.41072162450613
263.00431903470417,269.76074020303497,26.013317076580336,50.65001746602929
265.0431401277514,269.26215340120945,24.929535612073884,50.36899008567927
267.34930043119994,269.7671556952278,23.384517947452824,50.4908145210037
267.9730424345735,268.19166705912835,22.129084654565247,49.964261027669146
268.71937641801617,268.3538367246739,21.270008935642892,50.10535624781714
269.04587715642543,266.34184405707447,20.83898166777533,50.10508773780109
268.5542414295701,265.59159114230454,21.26394404326944,50.35440826937498
266.15190892196034,264.0613481577203,21.99915677272238,50.624072924685414
265.4362951030984,263.0380730175633,22.718918753688886,50.88380803852597
263.31633130667495,262.52206087280933,23.62461210886485,50.708303021622186
262.84797650081725,261.25744312196616,24.058700308303024,50.50470370732951
261.9033979084253,261.71383561606467,24.185533398314693,50.349455368836495
261.05029383418554,262.26763316243654,23.613771232768283,50.26145518385345
257.3085735984632,261.8304985438786,23.32290636058493,50.25613522094945
256.80012120641726,261.6410835644391,22.740552125778926,50.18982085433373
256.0416861580401,261.7798141764055,22.493386282363012,50.91474441223828
255.53965634880154,261.92260417164715,22.149102051657934,51.89430221338869
254.012121761756,259.5297684816184,22.15562014313794,52.244404783936815
251.6685798125569,258.19309996310864,22.42633412652753,52.43009667172548
249.97602390947046,258.58656466546955,22.898409347846304,52.77206660286477
247.55115787183908,258.25339342240477,23.791275397184386,52.388473748113014
246.1691943391112,258.2701637450856,24.539617040124337,51.86499916496338
244.3296859883634,257.30297271597476,25.027254909756497,51.66443559215776
242.84778912069848,258.5724445221268,25.30999071509367,51.67638957812035
240.97969912937862,259.4084791175231,25.41934560351037,51.56469345518362
239.86138831063278,259.61809293833085,24.635727887822114,51.41638313978001
239.29028748204757,259.4966361664811,23.82698345238689,50.76219230096454
238.80852720094086,259.13900908213765,22.676172769177995,50.262472662316505
238.31139299762907,257.37670219358006,22.121804739339154,50.054120493234166
238.89171309148102,256.86888823528733,21.76885314549967,50.31233198268417
237.95780474269318,255.03038774004332,22.320028273937794,50.6727865330477
237.55455303208998,253.4573785950757,23.048356150405418,50.94450863462847
237.78340156411915,252.25557057254352,23.836686079144968,51.02679556287156
239.13296227051018,251.8922840424867,24.421937472911974,51.07973165008098
239.86798791852584,251.36029832952542,24.43352258187179,50.94510874426218
239.72865140383834,253.20034487470718,23.95981267715332,50.66717606001135
240.7446938707815,252.59416873038992,23.048217817424685,50.86856073637934
241.7587411250186,252.06936960614894,22.254473513418297,50.686354613981166
243.67549549611647,251.25689958702642,21.469715648602914,49.98601374745631
245.1164705363395,252.02002305823257,21.316403025050775,50.634759127965744
246.0968819461881,250.41486569919434,21.185824150475362,51.41446986502414
246.54531391335493,248.3754690187075,21.428644416428536,51.917219620193414
245.56123260233838,247.56590319008149,22.20700248447607,52.17938335142
245.34956740586827,246.1194476113142,23.31054144122087,52.35603479101329
244.69684726035206,245.5410834022238,24.487636987809438,52.16609150871652
245.164343427884,245.2276051774045,25.511690539738943,51.94339107845319
244.80243844729907,245.0353358342776,26.05432173740004,51.77202430339572
243.54809191684535,245.80308988747538,26.05673199191095,51.98413558748779
242.71383859264816,245.92048922998615,25.933007915016983,51.54033986147925
242.60996316725615,245.61388503953776,24.81230880127763,51.13324713878407
243.6517178107572,245.97866033242337,24.055660776597026,50.71500556280333
244.02545462086675,245.06539406675202,24.015815227686087,50.65820870266649
240.71150796035286,244.53815568672803,23.537113509346153,50.50243138957149
240.10775776212245,243.68893516091183,22.9806535443263,50.551045318515605
237.1802740291997,243.24208956420085,23.06967700611297,50.762852640382214
236.26664323874982,242.2062180890982,23.666578079047586,51.09432116126625
234.0085475013556,241.42826149218942,24.582913892443848,51.27302230750688
233.1840464084448,241.06384059430601,25.225457915004043,51.210644213156044
231.91877985098333,241.2942165839281,25.636058378407185,50.87542869061605
230.23332928980784,241.55343515321542,25.791641536204324,50.84986805193268
227.49408244321918,242.14821405422936,25.765081709178997,51.01532362041873
225.59940719022168,241.4544037241867,24.99809104390935,51.30596859633807
224.0615933302637,241.91484529154582,24.231173492905583,51.37218695688583
222.10709954090402,242.6982404052895,23.871703658905158,51.149869495320935
223.96750049302412,243.95069666157306,22.63461919622383,51.78804460825741
222.86400616330326,240.64642509556384,21.85411338697659,52.49420727381464
220.97313819594896,241.29627220920727,21.869464004836406,52.682567918086924
218.50927509127808,239.29472743553052,22.68740656473357,52.85880371330422
217.02990893852464,238.9507143794583,23.705077969552296,52.65415126662219
215.44799400514572,239.5160387028105,24.71886053406407,52.25780031269353
213.56723016793285,238.41627450261086,25.454865499596977,51.7729002596474
212.74206195971715,239.41162092673997,25.832067326833105,51.76361159668426
211.2361110805718,240.21474484745198,25.87013385525018,51.58996926024987
211.37687520497664,240.55737400479052,25.10774197566883,51.36036002346511
211.74500506385613,240.37136277589508,24.02686083800324,51.23187923924011
210.64049182252006,240.96670093267977,22.808928282894602,50.99755724572003
210.6099852609575,240.7899154051765,21.883833281763614,50.73314805895111
211.21907665310917,240.32509473661352,21.63276679375163,50.69501685264671
211.1429496484564,238.97249485023843,21.31853619679113,50.961197422210816
212.48527230818476,237.53797713503974,21.522479305831702,51.299114698082484
212.92370569266012,236.19484646692152,22.304144441101556,51.4781498056049
213.58797946354989,235.1002080956806,23.247331852248713,51.56588502892169
213.38114843503092,234.8669639466061,24.08457619492927,51.629849809462065
214.7629330750861,234.50711520363527,24.36912192984878,51.72928705675629
215.57911369446145,234.39016728635733,24.328485802105753,51.570920402708545
216.95350459256386,235.14148827834887,23.124929626170754,52.18358384246204
218.62816357481586,234.86836298053973,21.944926522964376,52.21739673685506
221.21820879988144,234.92590976816868,21.015045404345628,52.157893038666124
223.30050161058077,232.35324764727818,20.53928133713094,52.363583911001335
224.7558500651631,232.33959802704607,20.187037034167474,52.47321102398029
226.87390896070593,230.69108354738037,20.70042237876296,52.9014927489672
227.90129299819313,229.43818155668745,21.342259032487267,53.129440857245136
229.91127755364326,228.43106735466938,22.240066029375114,52.99959887439471
230.53602985004912,228.88466474828607,23.37450690165129,52.547770102595535
232.12790077571012,227.6488357642579,24.166705754674954,52.04507642613588
234.8663017312896,227.44214733379036,24.409612286203973,51.532769967502375
236.5483051204363,228.39861899671206,24.343670455038875,51.05630632934969
238.94337466629835,228.34311856436452,23.931998923129264,50.513329919150074
241.215076908071,228.35425781026922,23.54032163913834,50.00342672250286
243.57931696806614,228.02695328589297,22.541204483778237,49.696596519355616
246.33066426608283,226.84097555137845,21.723241371204317,49.83362004258392
249.04718907748168,225.05706988581775,21.392766573693486,49.93101530467453
250.92497341828874,223.92940069591762,21.33416883171561,50.55823636155304
252.68151597560083,223.2853973575444,21.60551588986668,50.87882633459844
254.799729954206,221.91596164763143,22.349548576424702,51.15891675047235
257.3573904395135,221.1555293074398,23.178678461064795,51.20431243766872
259.77210349769774,219.75771761881077,23.685086371032952,51.083676526138895
262.0076077346496,219.93706100263933,23.806232399997945,50.84066040222867
264.38329124361013,220.30715436538645,23.627766154171596,50.991458569579535
266.61401459379425,220.97185154521995,22.50645574339994,51.21379424664809
269.0886951778402,218.88586267653204,21.304583550832973,50.97484039680464
272.2675894332117,219.91537472784526,20.48721747966509,51.05824326179906
274.7636771201258,218.37817806321107,19.92469384305003,51.25661377536309
277.0870197718768,217.72942775813647,19.62479265438568,51.531133814719155
278.7102932943486,216.8157572844275,20.018690603414793,51.86846271246214
281.15474392862353,215.11724712885473,21.104733926387198,52.156509758913415
283.2710505860463,213.73277441999534,22.137716524475024,52.016685330669674
284.4427560848384,213.68742428888928,23.183038198628587,52.109537094014016
286.44706798395043,213.0084178933354,23.863370661085526,51.72882148107663
287.20299021214646,213.6203194108008,24.28182512913968,51.55000624388299
289.9180828475871,213.76552389736685,24.2512422714359,50.96754103806005
291.0190004365711,214.06108771481257,24.07641968006146,50.32468612687318
293.49476811034623,214.3032113253695,23.13035031685567,50.17397147755194
294.9342748805503,214.19792265520644,21.99044212026627,50.01096559048205
296.2929754185584,213.5069530649649,21.130261217132094,49.713868153686086
296.6419091468317,213.43459355971422,21.06683793773616,50.160861987376215
296.84900856108504,211.44710117178093,21.025736797189175,50.31433024941832
296.74337271134146,211.11149776608534,21.54715214625449,50.62311048181097
297.1997342760261,210.0249725584386,22.24703876095714,50.69763990291801
296.84435145471394,209.7814143283858,23.199302918591375,50.63724448739417
296.95259330433555,209.22454036583525,23.75603475165103,50.4046415042159
296.85194200728665,210.31181240967587,23.71728655305466,49.99475932468435
296.3624703890957,210.12528092055993,23.58208045739012,49.78955615911738
296.388720121214,211.6011860067946,22.49171165893251,50.11619647569226
296.17416885629785,211.74960673356122,21.098528655813503,50.01919640227831
296.3894055263481,212.3343457606615,20.205182423094797,49.88942755847361
296.027605300856,213.22498514002518,19.762843423815067,50.34779666504166
294.36913948354197,212.17874364924202,19.721581899339764,50.70161418506774
293.49550986109807,211.14352030854528,19.98956329503015,50.79899823199313
290.9649495646958,211.19185206061402,20.703273208971172,50.780139785023664
288.6375651646081,210.35971141701538,22.053576000006657,50.5337524606945
286.89415621605167,209.67537425846683,23.21109587771025,50.167809306096586
286.1760521042956,210.21234240485427,24.008525235885035,49.63041542894061
283.66703641275694,210.78277030123294,24.535213597569534,49.39526473052073
282.6368662087481,212.7122902167135,24.468946349108396,49.42286020305695
281.10287280449415,212.73268613174167,24.07796571033528,49.184954710042476
281.10935061602504,212.7052332953004,23.38193847396175,49.125491772840995
280.5431749660796,213.26629292236802,22.794813193232848,49.188895432638496
280.6185345233462,212.5520198047808,22.313800959745873,49.28959859778275
279.55437641548934,212.26432035283094,22.59421332776523,50.20616670997064
280.0986117284203,210.06773097269812,22.560324701682102,50.35735585765694
280.4927340536198,208.37291688664595,22.784356581548895,50.67250015830134
280.94383542489476,207.82532231001798,23.422877997285987,50.52393182521387
282.50389540463686,207.6827750508175,24.052323162313513,50.967559931666614
283.86399293112004,208.1272334939274,24.145401300799204,50.61239673855063
286.6887817302809,208.3439833134397,23.669464907311507,51.06352229598292
288.6733690810664,209.00969620008198,22.843991997503743,51.62868186796663
291.00252270806766,209.26685060056937,21.937003198243666,52.62620435056118
292.51612071229977,207.52087669298186,21.195939525442352,51.85017683538341
294.9105175766655,207.67514963574348,20.738211928302704,51.04445018995341
297.9502560841414,207.24173496645122,20.644332523824417,51.36845448533649
300.5375201360627,206.0250955229363,20.590944900023334,51.42960393205866
301.6225204895932,205.3264792201826,20.90165255363437,51.61262423917285
301.90487186518084,204.18320363880605,21.709950543464014,51.71847438454619
303.45292302558414,203.879110349697,22.727413190766526,51.80824497527274
304.22423773329626,203.42834042586023,23.822007495892915,52.021202402597126
303.9944990308546,204.29925017085898,24.444115354481976,51.66057357021528
304.0838691215299,205.3577238584046,24.820522463361193,51.960267430475575
304.4744065748071,205.93794692848326,24.86608935482615,51.66943320924454
305.5403038459879,205.34050037688104,24.56995133616911,51.339776828195994
307.10550798748176,205.8452456688695,23.39673809674528,51.021661499803834
307.6457658926023,206.12998081816937,22.382744661253316,51.0948431167543
307.6447676307132,204.40109896669526,22.195855838976485,50.86255311830177
307.08713426443023,204.83874494510218,22.254996811464018,51.068010196369514
305.6522676020317,203.74950398628755,22.427008893356444,51.35214468472328
304.6803020347191,203.14252439985574,22.97309046819773,51.420837205479614
304.43399954865475,202.7490045988052,23.566095537994578,51.19537366045553
302.3710093146708,202.78982864735895,24.100423135784265,50.719304879964085
302.5619296838355,203.1916487224785,23.87442979788166,50.445063588272156
302.78812436593273,205.30169662135503,23.114929617446933,50.46458609191068
302.07868938378874,205.7375208858792,22.16350143453332,50.4834342936668
301.7357194557065,207.2774796752513,20.862388611635982,50.52418083464308
301.432767806647,207.47732638464308,19.843482286990344,50.28044019729834
301.8333819756671,206.8468637480082,19.31570682694852,50.650384869257365
301.0303567048997,206.46350537336068,18.952531008162282,51.04268669774554
298.89287539149063,207.1124323189804,19.56475698069886,51.48925607673157
297.5537741060442,206.13933537042433,20.489641837854172,51.4964398305637
296.3062829239545,205.3491337982291,21.756002957603084,51.126227568917756
295.79157450322026,205.7017480304642,22.856784999054675,50.91260232991722
294.6627135245688,205.67314176497584,23.75578844191513,50.61184903390566
293.57204164367,207.36934922360334,24.230138266220372,50.56851777868378
293.07054011463475,208.51353266607165,24.443005702266277,50.85964894634417
293.1050991349731,208.84391675308768,24.226847622288666,50.5860451862411
294.31398973837105,208.24388659583758,23.44100034302879,50.39023231176885
295.10491607254727,209.3036287119346,22.467659599420028,50.84572953060935
295.6037506958094,209.29848280288704,21.788828949239704,51.19384092496791
295.4846607152876,209.19966491958303,21.571646202906905,51.94201600632279
295.8902679914738,208.25121079299106,21.514740231886655,52.161027044617185
295.4976580936891,207.69257118624327,21.728871534585792,52.76958109179196
296.4888403633949,207.13601269663172,22.53837854287316,52.670780551445645
296.8840504216118,207.38782858413066,23.349722151720094,52.49056995669604
297.65204241976363,207.29792406289508,23.800927567533424,52.534546585136205
298.3831354425934,207.2395474198356,23.77879736904184,52.493878163148146
300.4591707887318,209.7802671184002,23.287581254783245,52.40264071609221
300.69830872343977,209.94964720186562,22.446565107123316,52.51639153191323
302.591077043356,209.4146299160628,21.78198631870082,52.06693443100296
304.74963733813524,210.37785305437683,21.317678496171077,52.071653849565315
307.1138374982173,209.28718735950523,21.095101788220095,52.265387058537655
309.0892101657426,209.22115080641746,20.879030430067722,52.651995899366696
310.07487495816645,209.27089255555833,21.02219063899745,53.11608814571382
310.5559425654525,208.66990930782933,22.114550282213443,53.38660618154659
311.1540430040319,208.46392564562694,23.348213573221734,53.79805714707195
312.18994810011645,208.13451676034353,24.399305059138044,53.829978178632764
313.22401259188337,208.0721009029551,24.755950245526062,54.243315656225086
312.90821689984267,209.24610296712353,25.111193336779845,54.90163891855899
313.3107759394026,210.23058575235632,25.245094520450646,55.72470678200764
315.366448824781,209.28518527131646,24.73851821800135,55.73487951589976
318.01652706256334,211.80499011693104,23.825376608311856,57.25021481673605
319.5366086184452,213.2290770820608,23.113867547375214,58.968718933656696
320.1428956670307,212.5641735490602,22.7708060081876,61.06520570384719
321.54240126385,208.80188305891082,22.708662480793492,62.16463867389204
321.95230582056564,208.79329329858206,22.813009377513115,62.369615994256016
322.07161893085936,208.3799934068586,22.97051437440546,62.62399127990782
322.90197333960697,209.09755487793024,23.337455674784362,63.21159463514309
324.0953179120944,208.64718959912585,23.932048048745642,62.997764588656416
325.0797039337148,209.63231577773843,24.07949171137632,63.07117477949644
325.90762930340844,209.91498313178153,23.84430552086301,63.018674679965116
326.65050002423186,211.9625861050093,23.001513362339253,63.43436589308597
327.49150117364803,211.07873793447237,22.111921258380658,63.09462724613798
328.1794109761714,211.8539517683288,21.26852187132476,62.881050698420204
329.4466737964502,212.15288870474907,20.781555730507804,63.37106888109117
330.29070544885633,210.8845363348615,20.98155788303965,62.29683745601033
330.72784128062483,209.9649438144966,21.545008664036903,60.75163333467657
330.45576418784265,210.96027637534783,22.513585083898132,59.17255232204201
330.1780700822261,210.21762854158717,23.472780965009196,57.93348919248996
330.91919417327057,209.63469115143357,24.514500764258713,57.553644826068634
331.83843946772794,210.8739993422283,24.886651082631605,57.31972768421002
331.8294080795208,212.5532866423171,25.069253524029595,58.00042539238204
332.7393355140416,212.48709777174744,24.455943650295914,57.67775481084374
332.95667709505636,213.92340520708095,23.904273513192653,57.933771531973605
334.7105448217936,214.6155322410225,22.9343223977156,57.81293458883874
335.7899951706359,215.7099594449956,22.17664130643047,58.24605607963518
336.8183058831613,213.44308609482,21.70313891614684,57.70760963423446
337.18685164712474,213.74094881366574,21.654796224737286,57.317607333206425
337.80470911255503,212.53683635400637,21.71756764584362,56.929954795860084
338.257161241611,211.96252753460902,22.02323181577114,56.835849923363305
338.8301792410786,211.60272773539052,22.556840997538153,56.64875630166177
339.98411992669116,211.2603347330223,23.404199446793385,56.56444861409549
340.3879001841639,212.35353560786834,24.25280095539222,56.30415522469395
341.96533739752323,214.34058716792885,24.563829095583365,56.51079246101826
343.3598912821648,216.672802678226,23.703377069899137,57.5603750169315
344.1312455632811,215.9623612716344,23.47977174863345,58.10272273823774
345.85930936800116,218.02392735607418,23.10844628991957,59.355154190879134
347.5499151613299,218.34845011831848,22.642767530639436,60.68631885144151
348.1201484665646,216.69232656552586,22.340061845462984,62.05272071071173
349.2761424195885,215.7592122476117,22.2010692683184,62.13098381042248
349.21984272880394,216.23990629633852,22.19344866672707,62.59142970497325
348.0792796697702,214.8239394928466,22.168127517262196,61.880075081061136
348.9803395116538,213.69508840667865,22.889178304686254,60.8922712051945
348.24764452143484,214.9505189857544,24.127528933064955,59.39956216477222
348.734438172912,215.52619917456127,24.845215796217733,57.827136844083284
348.81359842899514,219.00751528124206,24.823011773819502,57.58443957105981
348.5549196696557,217.67434582402632,24.654654153586193,56.978176404192496
348.784302103837,219.71848128589625,24.100986583547726,56.590522793837664
349.36998061479204,219.72820224364844,23.71238898966193,55.89943994577328
349.50531811994756,220.4259289004581,22.952876737224457,55.161312555596794
349.98278645762315,221.05890957824852,22.453256426638355,54.99836495390698
350.7149272293227,220.4022371991663,22.029789879005016,55.649790416283565
350.1301332392706,220.0530229140266,21.86442967700313,55.80311305241989
350.0266419984647,219.20747767522437,22.100306147194438,55.78898235387694
350.0679914080831,218.58039237651224,22.788467523117525,55.49982466608388
351.21164003705513,220.0223274642335,23.431810724234158,55.31689128492237
350.9714461558382,219.906187373838,23.77685059879448,55.535837615173136
350.3179043694379,221.78906595143317,23.60435233870931,55.77694453087513
350.18985900026547,222.76623049683943,23.1095626568462,56.36612683074866
350.33260652470796,224.88965522814868,22.35940231426764,58.129079232754194
349.9920665269941,223.1016722362248,22.116865423556423,57.65164231590616
350.7482960081218,224.31089779737073,21.645779594960356,57.809417666468875
350.8549528673612,223.88098963581382,21.303734968445355,57.71628160463401
351.2980329554103,223.7774014511293,20.732581495485494,57.42706953863928
351.71366179880937,223.14256820617248,20.69189674999067,57.31609206473911
351.07338436331116,223.09187656598013,21.21381204693617,56.99540645121438
350.52302136082676,223.66957718136666,22.106918206037804,56.532254280118394
349.9638899533401,223.7339474049235,22.98330166212355,55.98971487494162
349.9854848618777,224.8289806247391,23.78137609294252,55.532947452262924
348.80386811662845,226.77145562850092,24.46495963436728,55.55921918736931
347.3423561223742,227.810781713948,24.66458732160619,55.98033765780205
346.6347210120322,228.86108761877048,24.5957647106786,56.02174678893772
347.09079219114517,229.0473518290738,24.47385203060663,55.454979601303265
348.04103853602913,230.09512004538186,23.85571607988289,55.79006002430847
348.8326064494771,231.67029067839619,22.961840139728615,56.78106998127175
348.55722188692584,229.90091824708716,22.204209468345155,57.382968587633684
348.6039278763112,229.6831035928108,21.744848305872026,57.75384509393364
349.99481465705816,228.35400209857272,21.698627055321655,58.29388878828138
350.1304193717789,229.67584668571024,22.135360528922142,58.114940367180154
350.6125829378333,229.7588200125857,22.83539105901427,57.98242862599163
350.8407932634011,230.64680754202638,23.33965381327791,57.43825090464229
352.23566228418963,231.8465089498352,23.71894977591232,57.89354197864256
352.28812217067747,232.94817638150226,23.65687176151566,57.668055287496244
353.8137528497216,234.63904956383678,23.348162683853353,57.650879302084434
355.79871059976347,235.30963364445904,22.594211739510015,57.68467263623937
356.45808385014124,234.5948942367545,22.023460972969215,57.98075744873404
357.36122445926674,234.55407982995814,21.480884412272857,57.57319839587743
357.8256870486534,235.02664268362884,20.9938578178654,57.16730392928537
358.9688899135655,235.70743531210474,20.774953871412222,56.73842526680073
359.9384754071508,235.74562422951615,21.18685114252706,56.70183270535102
359.9452108560634,236.93134124136532,22.18625997397283,56.47034967232959
360.4782440773349,237.84870707905316,23.090880086338515,55.69949414899244
359.49916982860896,238.86502597527678,24.13220579269086,55.14665264694289
359.8177024570831,239.4540074235872,24.932500584036653,55.042550157197645
359.78372264402475,241.31682157891234,25.475161257097096,55.00735892502331
359.7805533048449,241.5701814137842,25.451787111305848,55.078537996047984
360.29932005217034,243.1612653353166,25.400015437924964,55.393037299665934
360.9533932461506,242.8141428760952,25.052758747039316,55.46319118894162
362.55859589235723,243.5802609618437,24.429920068776998,55.17330201947405
361.0979123108858,244.06613219924256,23.686806068694953,55.11656093704079
362.7487745126865,245.3242584392787,22.62796630101893,55.68070892388744
362.7190713766261,246.1104976214483,21.529786833050213,56.64101764412773
363.9262702483927,246.7467794772163,21.073643665246482,56.42302007753494
363.48302189138064,247.56093011062026,20.9986512978878,56.49234885852519
362.8583717267401,248.76556021725946,21.724313259516123,56.19272733619529
360.03517145358376,249.51315830101979,23.07766351667465,55.96859652302184
358.08857422981015,250.27177163748806,24.232430325214246,55.68253788177781
357.2841206302449,251.90778704796978,25.230879567553853,55.371397592354285
355.404384506751,252.0746031199936,26.03847708157045,55.22227024040084
354.45357075639475,252.92804816778755,26.50955019232938,55.571146250464835
353.11439090456054,254.047772542017,26.576602990251317,55.60607341753331
353.7331858927375,253.962063886566,25.902206573544078,55.393608712491755
353.0039758457557,255.4584239771088,25.124740570553318,55.47387584944508
352.966443743467,256.96122696000083,24.34373431624174,55.95804101136183
351.5949450514197,256.7268793336141,23.574976710712182,55.90350481739228
353.2665488156561,258.8346984517845,22.685413696323334,56.54192627724895
351.6250056179464,257.2404044771631,22.406246378134966,56.271602092321245
353.4915317568423,258.0413023749587,22.285251786195204,56.121556098365765
352.8329191883943,259.1825631071336,21.975241629702683,56.54333479919236
352.2368077579189,259.9940146123758,22.765378262521416,56.764910634304314
352.18474243346344,259.88603467373116,23.721303452314423,56.844156827988385
350.82950716580024,260.2809269887664,24.76252612196395,56.16891567312854
350.79500171114256,262.71188720838217,25.506677173719996,55.74608167112238
350.31439035775725,263.62437493528034,26.139557144723273,55.488065956057454
350.83173855214284,264.2953803553854,26.473411652596724,55.14060015836205
350.18645908742127,264.3044239942216,26.400236575158097,55.06105211747361
350.5218410376199,264.4446273627661,26.358365990553043,55.03970689571599
350.1481639412246,264.64596496908973,25.935278913469034,55.423867949586295
350.79445690856437,265.8928135750118,25.495942588259773,55.58527299070236
351.9437454476032,265.14144705223237,25.29732726784207,55.924916641691894
350.03376592567514,265.09582919098494,24.55205308110733,56.90020744221631
349.32826111188217,265.2593883958404,23.568622057753316,57.95265737089959
348.662952121821,265.1592534003254,23.170141956287058,58.407367073500396
348.1462818356857,265.8133343400116,23.355162402023993,58.286405859601956
347.61561829408515,267.5277931084948,24.32910203518574,57.51096146144473
346.4807034432009,267.864893331655,25.360093183525606,57.4109550888013
345.38785991653043,268.1102072637041,26.28049188390024,57.01772018608592
344.40990726651444,268.06823773579555,26.82243732313053,57.00464857726122
344.8230018611928,268.2152949227276,26.9665037471009,57.422474730359426
344.90345314966874,268.6176257686305,26.459244003381905,58.18427722426836
344.68367125148563,268.48917402446773,25.617891347340258,59.19752246798407
345.41924715672513,268.46207675159906,24.76003837023147,59.2968073836016
346.3638762297542,268.8129729398306,24.04909884390137,59.13981749403496
347.2757074489303,269.57203068422,23.498863295922476,60.32755499063826
347.36802833171987,268.7424478220634,23.121376662637015,61.08767787017912
347.03724191419127,268.8115896248484,22.806751480096988,61.48906961956676
347.13352856803203,268.802386702251,22.831147632664415,61.41705290895736
347.18785686723845,269.58871692580465,22.88764130411754,61.95521108634647
347.41003584869736,269.53737746128536,23.710443280012026,61.25351949288603
346.85599082491615,270.6486661539923,25.20317867040131,60.81827988747091
345.7259494881608,271.23364957824685,26.415010787919897,60.51192318739169
345.3953187978659,273.4245031989029,27.30578517293185,59.91748887622474
344.00536439172754,273.7362923611263,27.73587933181197,59.999382365456746
344.2263496708993,274.5800329611855,27.913168428944015,60.53307421335771
344.41502212276805,275.37253910185143,27.373322756306578,61.09724258273694
344.7357773924939,275.22186885332655,27.02778891525355,60.873049046011374
345.01405858988187,274.5769254501735,26.77981326693183,60.26667857101401
345.25357210115436,275.8973951060824,26.458916115278424,59.89824764199348
346.0803542756815,275.6817531199687,25.86153438913373,59.4130455297598
346.06900507018014,277.0430484993819,25.18714735997758,60.0473471182692
346.00767756684513,276.2998992242772,24.495150102529408,59.922534265966846
345.545275641927,277.799840159384,23.45192469173029,59.96696010449354
345.51597978213977,277.04809024710875,23.384321010351453,59.81884430938463
345.0810929115294,276.6329699907578,23.62092092821547,60.57770838662795
344.34463584555056,277.2870084128219,23.966172043853906,60.829497970874954
343.6168721337434,276.23066255686956,24.30805057601929,60.7697193515876
343.27377653848055,277.12266351315816,24.763805456372904,60.85555734570286
343.01434767297206,276.4511133582229,24.416353246574893,60.11853756890339
343.48337356594493,275.32494854078175,23.813078815823257,59.312781523777886
343.4237838860951,276.90393797499854,23.24376540055944,59.3590630046179
343.093486288461,276.94043554690944,22.44507998574314,59.47286451108664
343.4026204704907,277.092811693301,21.778249933171224,60.60521322481141
344.44580989301664,275.9345076462742,21.497445028396417,60.26497360348721
344.72529511043194,275.5967263817316,21.789191542075056,61.03355406087466
344.9156036989589,274.5361579618066,22.03210886562006,61.999995270651056
344.3481091842302,274.47050535667523,22.10891589396354,63.152247102808744
343.2642939972709,274.2082103493532,22.717127231970615,63.768141017337015
342.3195663237989,273.1970720980635,23.904279586570794,63.240942803729936
341.33128666921016,274.42310152955105,25.150669361064992,62.92820598321997
341.4408891199653,274.2214306155557,26.280984785215423,62.935566350401054
339.8262168950462,274.43365591591066,27.231838453269518,63.31965281567387
340.06051768527135,276.54085404828504,27.178777240184086,63.0710592204503
340.4476091485283,275.9107846977753,27.012891184855537,62.98122901125243
341.30042914414673,278.9421630872184,26.725272395706,62.745850982213696
341.1127852511624,277.819403870461,26.67091801100706,61.710293699709894
340.4661626174363,279.20420014270064,26.2602400530565,60.54509892897313
339.8227449923725,279.2586443076467,25.513912470923835,59.51709028734405
339.00902235766625,279.8793507929206,24.83009274857608,59.426311605584004
337.7693986382342,279.8923193429346,24.682285734544138,59.484847571587956
335.8872086245334,279.00020881088926,24.91932511138729,60.917401559329384
335.2342956607103,275.30505492011724,25.172744489579724,61.487455491843846
334.9632092444109,274.7235211879564,25.354439308424578,61.666556426796184
334.8913478421069,273.9292977966581,25.574966095290552,61.67072784451703
334.42930748734165,274.8834873441026,25.693335118209852,61.914157965173715
333.6886800159796,274.47513335353153,26.024142573102743,62.14066748907473
332.57357613263383,273.7405405018452,26.291998898410927,62.95740495550508
333.0297364574995,274.5852372089154,26.46514964035743,63.4022130680066
333.9948040761384,275.0694145861739,26.571655762408888,63.26371155016487
335.1374828403497,275.4790247014868,26.388245303154378,62.78104691970529
336.51503423620204,273.47767691998064,26.011368553243546,62.16847568279097
336.5205290160215,275.04051614040213,25.495170024488377,61.50162378384862
336.4616145166516,274.90065719093946,25.20668038847974,60.83308822999601
335.92940808010803,273.4394489854288,25.257720601883655,60.88399771161979
336.1485029350123,273.69908626203124,25.440660941303765,61.328456712301275
336.86353604741123,272.4392436779771,25.900084367232285,60.76353833235969
335.5226579346587,273.80337601219156,27.771462160463436,59.66583990328777
335.1722060294116,274.40217055291305,29.207568164217825,58.53781985075874
336.6244030971232,275.3223014921082,30.36962700883613,57.81815962642118
337.4664110867905,275.8149675189984,30.843200941916038,56.89025894266074
335.6234681393027,277.23526244435647,32.38011289508869,55.4801179816769
336.51860106661513,278.10342285731986,32.03711063890597,55.03166386736663
336.43595835844786,278.29454026918376,31.429065545577874,54.627806549775805
336.6890359724234,278.45519944577205,30.81814695879524,54.385249804007685
336.18860448576174,278.2774318174836,29.836763056355743,54.944297475874485
336.5091960560426,276.8937300976979,28.703242569717023,56.5139353266854
336.0944909613166,275.51726062305335,28.482591890905795,57.00949212150991
335.91615824602474,274.071771887803,28.115999660623718,57.527241518890534
336.68953091059444,273.1031012683057,27.196656577482724,58.84956701272206
337.855836294679,271.33949145205315,26.004050086542872,60.657106455140784
337.56935115422294,270.6167793845287,25.057730873894247,61.23712097753416
337.2133052483707,269.37973314487976,24.318891255735757,62.25868819876771
337.49785686341727,268.5842233453205,23.525898555542252,63.077377632976905
337.44105476721904,269.2301892569616,23.087662383005615,62.66951680216454
337.145564590885,268.9898675891728,22.94054131288708,62.472130719750474
336.11094809386816,269.5345817037555,23.11510203233119,62.66092183281676
335.52070512161976,269.269768679661,23.449944098844874,63.14347802224608
335.18103834897005,269.14707579644687,23.645910022245623,63.80129535658166
335.16199666449944,267.0576339296919,24.074070773512933,64.19365288693609
335.1231743025479,266.9815032333572,24.250106464069848,64.83494341888586
336.0157892405755,264.2708853325114,24.657131608156305,65.90505827178589
338.1327166360607,262.1395332910322,25.392373477799826,67.81711061371655
339.45805608989934,260.4450862916825,26.18466675335017,69.48927163359511
344.0219282819078,257.4477216820193,26.967590742441175,72.01874130091961
349.7368208695933,252.34640925868246,27.421916971489065,74.96712944944261
355.8160816548698,249.23482648013282,27.743928047115276,76.75271489789932
365.94373903658465,252.48617487498174,27.917526400140698,78.006439674211
371.26127964575494,254.19666970447395,27.882160414649253,78.7318480827009
377.3801559106265,254.02368691078334,27.753537790606785,78.9998361692262
383.77791944723543,256.7660696847545,27.719941183087165,79.07676381281226
391.166862968543,253.09538466841633,27.372807848357795,80.13645802990627
398.1378657372052,250.29665667359032,27.379978145689122,80.56988346764791
405.2574624409967,251.09075403546183,27.322745797676497,79.8001733482636
412.1429118867595,251.04138617034243,27.35001890322105,78.3205740317342
420.3475791873676,249.51779769749461,27.25389002099907,76.74297413721985
433.9282023143029,248.23741425392407,26.8672237689595,74.05161146961238
440.97979199797845,247.3525104836491,26.37015878912068,71.6686661338806
448.0820359306292,247.68905988171764,25.819813303579842,69.26640905546353
455.9756831489431,247.93508113030742,25.125585082467218,67.1515033847992
463.8595421670847,247.189112197879,24.459838672465693,65.52084903888637
475.9556831399594,248.34563092097363,23.732575952790604,63.56690609323877
484.27806620202676,247.02402993850973,23.11180427445665,62.395164744568
491.80963439981775,247.38381226759475,22.82216069198502,61.649239857740184
499.6502806642288,246.12737978691734,22.52322862153696,60.70606801298847
506.94391124662855,247.0139347020399,22.346310626903414,60.186854299953744
513.7241886491967,245.68276460062035,22.901131340565986,60.61152145858814
519.6433969373344,246.50953836108854,23.670986363106632,59.94000742878637
524.1657786391198,245.50819678026687,24.658677450197306,59.74040410857245
527.2466749360373,246.1028549496254,25.809002909798608,59.27043256460557
530.7969037180045,245.9169658058387,26.43603672464836,58.82429892924736
536.547638483593,246.96936208867314,26.593871812306883,58.43736062497674
539.0833539293271,247.4877956525915,26.95503951168945,58.29241114307127
542.294871007123,245.6850238000124,27.016074226642218,58.18685283940989
545.6202108427725,245.32292696864923,26.924246274245576,57.7904138536682
548.6462143664587,245.91391038070213,26.041236991460657,57.646203591795384
552.0583953239338,246.06574117671337,25.44747447989173,57.47508371587169
554.4581989042857,246.52060797450704,24.78106510361185,57.43240172169427
557.3617388682459,246.4750588010227,24.062085609041176,57.98944340514974
559.2824398244072,247.1999793364152,23.71070301816001,57.39513021217237
559.0919610758154,247.15684139246497,24.01102646527246,57.70667270568842
558.3027899283851,247.68997784514073,24.710643171811316,57.59258578876312
557.740857103877,248.3222228293949,25.529936715419904,57.48525312215758
556.9360731893692,248.1428555946914,26.057083480058807,57.454653568565746
556.9781766971324,248.5299588500738,26.55610302607853,56.76400589289014
557.6338410802082,248.7167230005556,26.70169035375327,56.268279583925754
559.1214884134198,249.76242793387024,26.585365614164225,55.86949822014219
556.9435959564039,248.82104498345763,26.35252318978665,55.97475049772979
559.2557490065691,249.13064553331472,25.342276776116933,55.71496463115084
560.0921613592361,251.045433343945,24.565041482041536,56.501422087130244
560.5587944686497,249.91936465957073,23.949724290037523,57.100448713309845
561.4184609014723,252.14729352871058,23.62447790453302,58.43787777541469
562.4048042111565,250.07799222043383,23.463970731384954,58.90880155896037
561.8534477251939,251.57877706149068,23.761978977567928,59.35238702058446
561.4159791647041,252.06122180707257,24.221467701149336,59.20414547625525
561.4673309598126,252.6211709068453,25.244240948090734,58.61671541683508
559.3607531873358,253.48097380201767,26.29321812161477,58.08429229136152
558.9661171055993,253.1153462550093,27.37379093949908,57.99937889830623
558.872010689189,253.9881191208206,28.25810996776945,57.930233112896445
558.9543034810954,255.85219612046433,28.588671254569896,57.774013813621195
558.4996921872387,256.3879073661774,29.020559402528654,57.59981169534876
559.5238229878194,256.50636094978677,28.996045722357483,57.495175728548446
559.7561811242377,257.48853909366306,28.84471884022761,57.65540363879392
560.5347685900666,258.3504115374207,28.61986805579424,57.40560174635005
561.5920761906783,257.0711459515514,27.79809083198023,57.05708969947605
562.0822080536996,258.1378199957702,26.079917729316442,57.15670946458458
562.3683588333224,259.33022388223264,24.625937350414468,56.839250171884245
562.7807502225587,260.3836772828401,23.468531239202935,57.17423313354776
563.1144856651933,260.3015707951606,22.393860047279784,57.18866586527153
563.1718492682197,260.6642336188124,22.07302060544246,57.47824197520834
562.415213559912,261.9971609768689,22.54212533790718,57.67492774257003
560.6421725374827,262.3064410424208,23.6681233831321,57.47648528772437
561.2786977305196,263.35913159966844,24.763762295687968,57.697845868633124
558.8177823849051,264.5271222134089,25.80118880448301,57.528180911980414
