813.5,168.5,11.0,8.0
812.7453538838212,167.38621571660042,11.371925117932916,10
812.7846934383106,167.28461015224457,11.229514241717077,10
812.9501747164156,167.23175166919827,10.993248155111782,10
813.5390507087321,167.7042856104672,10.792337262588456,10
813.0724497649762,167.33518432453275,10.625269594054863,10
813.0862018738956,167.93405877426267,10.342958440428939,10
812.9113948563137,168.3091996498406,10.272681416194017,10
812.9031005901683,168.13711761310697,10.128680372717383,10
813.2394105767419,168.60583086684346,10.054424633540668,10
813.5953165218234,168.58648291788995,10,10
813.1019068824288,168.70821839384735,10.008461665702566,10
813.4316476508975,169.16896343044937,10,10
813.5948201815075,169.3130938988179,10.057995821081317,10
812.9982345126576,170.1877509932965,10.265824298559144,10
812.6907203028987,169.99024666659534,10.496870029888438,10
813.197701476757,170.68652229389687,10.573895126096057,10.023928094533268
813.3805528647982,170.1794995199889,10.71052295122884,10
813.103984399758,170.80001933686435,10.72173313970922,10
813.8923028517061,171.44724353448944,10.666022949756613,10.11447868776524
813.8138596379168,171.13695848529628,10.606513030646699,10.002044156539608
813.5632325293868,171.39428661577404,10.604947351962377,10
813.6754760749761,172.7212210725993,10.610402791177318,10
813.7590745050824,172.68357673930464,10.4563754682634,10.020200414760131
814.3634728226784,173.01287512424162,10.450737330881609,10.020847049751444
814.5288565411475,172.8081264924258,10.725190629016373,10
814.4802851033548,172.99755260162055,11.058321585103375,10
814.4960914943489,173.41674089245498,11.242565876780047,10
814.9775827322918,173.64069977216423,11.365561312843177,10
816.3568891519603,173.87463335506618,11.61789450889148,10
816.4357052765421,173.48158700577915,11.738606592899622,10
816.5707704529118,173.916659636423,11.86812612843726,10
815.2511666035156,174.18457226062444,11.991860699864715,10.07257622893402
815.2008045049517,174.07647274870638,12.141646817486084,10.00892333931794
815.09695286494,174.63272331570536,12.09278995070101,10.080945668569193
815.3414645787557,175.0600645596115,12.460355721182092,10.070572093510952
815.318863184173,175.23253548704042,12.629581187888249,10.121235653758953
815.833187615541,175.480610868386,12.831928099421582,10.161716117607384
819.7838765760612,175.17724416826252,13.016102393957244,10.164480957158707
819.0514075528754,174.93244819897998,13.07708831859412,10.21117554612776
820.0061938315808,175.12505339251553,13.052998906897031,10.236013614056633
819.5823740086327,175.34755183591236,13.18305114138978,10.22793990331316
820.4241728874031,175.6864567614826,13.12144621031078,10.270238442027122
821.1512880934281,175.48171915949013,12.87880143916807,10.297927329378819
820.4154687705504,175.5546174755085,12.855354607094249,10.238704245957017
821.0481668380978,176.59896398387002,12.680468959556087,10.170893597321763
820.4084385539452,176.57529951374713,12.616273875525234,10.147534163227007
819.8191926813264,176.56956952344174,12.562182097966124,10.039512922996376
820.3988069262987,176.45573435672696,12.354311032280737,10.004555058755926
820.6830072752246,176.89682622812688,12.271529968818946,10
820.7862392380354,178.09069105051458,12.078062743789557,10
820.7979037419752,177.41707958839834,11.90437406062156,10
819.6366049274735,178.04457869194448,12.131324592991069,10
819.8299377495628,177.70353918336332,12.251683833036676,10
820.4810892458225,178.3819869907067,12.290061201311199,10.035964082655118
819.4331834294992,178.72364763032348,12.316157810917144,10.033402889004348
819.702189718352,179.04896539017892,12.333254793701173,10.0285726685755
819.8452293120129,179.1007982250303,12.253250499853888,10
819.823856770269,179.27348781190813,12.19444047431773,10
819.6739839072733,179.38061450235546,12.192910499978229,10
819.4980454024883,179.70797444693744,12.081161035406158,10
819.2645261244013,180.03991608135402,11.953974244538024,10
818.9058286939985,179.71653003804386,11.947746187214765,10
819.2149312231526,180.28499485366046,11.904212337765193,10
818.5803884474019,180.85802258364856,12.049760944877097,10
818.4283219145237,181.20696584694088,12.132684931606182,10
818.0888843355318,180.88311342708766,12.188597257139246,10
817.9945228368903,181.69769207946956,12.283091211892357,10
817.8749047941349,182.05376992933452,12.200221919490456,10
818.4586657028219,181.73036853782833,12.253548424031024,10
818.093980077952,182.00154636986423,12.07275525793458,10.01138650626208
817.7080625451989,181.5218183528632,11.879113750927313,10
817.2889386705564,181.48740833438933,11.831073214956904,10
818.3737878022677,182.42768465913832,11.883482838802472,10
818.0517068746017,182.52836953289807,11.957246542259819,10
816.9729645347178,182.83808888681233,12.012566715115378,10
817.8106209266299,183.50959773547947,11.835349443681158,10
817.0111656830169,182.51784308440983,11.888343135176605,10
816.9952332032574,183.09316595084965,11.850220052579406,10
816.5981625492981,183.4120257664472,11.959748013444571,10
817.0746617779055,183.37445938773453,11.835142896340503,10
817.1426348630306,183.7284660357982,11.902878388769127,10
816.5983604688039,183.54385581798851,11.862600916655683,10
815.7760824007931,183.49415161274374,11.932248438518615,10
816.449496313341,184.09684791229665,11.603988413944679,10
816.5259696215556,184.69431754015386,11.479930794206055,10
816.5329170034518,184.4702198561281,11.34418185180639,10
815.8911974759955,184.57757836394012,11.35320147980077,10
815.5756340126146,184.87654432468116,11.091010409106985,10
814.6700235779863,185.04743398539722,11.084160628262968,10
814.3466904148128,184.62342195026577,10.947183053261739,10
814.6834538761375,184.61195699498057,10.808191717446288,10
814.4867359720737,185.12474749609828,10.784845265632832,10
814.1255564512412,185.80620304867625,10.901035619954268,10
813.59257256796,186.15630094334483,11.056468766231532,10
813.2759934980296,185.95195309445262,10.943067643816738,10
813.2593653720861,186.12850666586118,10.81897362376347,10.001472037661916
812.249811441569,187.06593610836433,10.887173658374053,10.129118931921969
812.1228245089243,187.33940213291493,11.14766651486174,10.124320690956806
811.669947343516,187.5822248659583,11.018652264287953,10.104185801833461
810.3492308431829,187.91993583366275,11.027394358429557,10
810.8436647587712,188.28920600935817,10.93392514404377,10
810.1754229413766,188.52815162763,10.933948069260985,10
809.1018615627888,188.66530137881637,10.77185241975933,10
808.7948032503483,188.37969827279449,10.495630623772437,10
807.9755453100031,188.6373625062406,10.382805876792641,10
808.1618163197744,188.8656636737287,10.330807951097295,10
807.940942449835,190.19891956076026,10.138312917920173,10
807.6118488304901,190.20341850118712,10.331130485026753,10
808.0903267358202,190.26806795643643,10.317376037453178,10
807.8995593047273,189.99918559240177,10.523033045410964,10
807.6642346443699,190.90444532083347,10.665540885441482,10
807.3198534972944,190.74141162680462,10.728450415939712,10
806.8966310101471,189.6056205634959,10.825789996347838,10
806.7245956241289,190.8148514633067,10.892929989165328,10
806.317505021569,191.09145697997883,11.03797502771281,10
806.206656576199,191.05429767863825,11.192913323045696,10
804.7380184769825,191.64265053765848,11.318017108606567,10
804.5994277601262,191.5298625533469,11.485891193590707,10
803.191020480978,191.74478508578613,11.643379198542515,10
801.5181759608815,192.0472534068203,11.701589553356287,10.032855051142292
801.3867938710918,193.27274993910984,11.673598401419671,10.025639547750906
801.8386403725335,193.065996483434,11.795170376944947,10
800.6017512600326,193.49688483448102,11.880907105669735,10.054152496171026
800.2956688498055,193.6342513536674,11.822528493888601,10.159749185924822
799.0489781995835,194.33304065389677,11.86127059793656,10.193298014474507
799.5457778382892,194.423394718361,11.745690414992458,10.267785622431122
799.1820494882842,192.99580092421024,11.647958597431858,10.277591235558699
798.8844592218744,193.27020294081285,11.53750453628784,10.431144196505583
799.46947715397,193.33169288644453,11.489862876236273,10.53932390287748
799.3357576100786,193.6758600867145,11.414416261170619,10.508643072512708
799.199688456327,194.02133604119277,11.34531413283521,10.472189144627656
799.3328514252453,195.30626971417922,11.318130732115616,10.443826896997605
799.2159103285628,193.9780014631197,11.545598287113922,10.163468982307556
799.2561511946806,194.20640060063593,11.687736520551002,10.060759788562487
798.9536995410741,194.42760062264279,11.9381457627176,10
798.9284399342606,194.2958910171874,12.012606508121962,10
798.8680421685958,194.31615477846935,12.241413516147052,10
798.6591049389928,194.5886736180086,12.090766535324038,10.013005502817663
797.9150624265013,195.2212441866286,11.98403725976973,10
797.6735474983233,195.3352644671686,11.884596043452074,10
797.1469496310762,195.8165192832239,11.879267526962137,10
796.6520458899187,195.2974739302881,11.863632032325434,10
795.6975262375722,195.948753379751,11.887922282109676,10
795.1373291334468,195.78135622339323,11.736129853435896,10
793.8644324125356,195.82588577689603,11.949602128265898,10
792.9620467690943,196.69505900563672,12.144304259455582,10
791.8048920956211,196.65727541642264,12.153910370775726,10
791.1492950834071,196.76555019663647,12.22010927801628,10
790.1022409093093,196.82020757393911,12.219708501455811,10
789.1778876339803,196.8958819215186,12.172551042256758,10
788.8407066457164,197.13329161750153,12.202161827645284,10
789.0740322932149,196.51616968261078,12.368266467840359,10
788.2787736183326,196.62163323210552,12.29368896515762,10
787.7158064372737,197.17512229849237,12.475230586548834,10.03612522835607
787.0341610333636,197.50809559272602,12.469556245443261,10
786.8362348269368,197.04871520446613,12.468028693706868,10
786.5734751447112,197.46216002153233,12.775638424044795,10
785.5901536898798,197.85066729830578,12.799382464193105,10
783.9277636338396,197.40252426313236,12.882297179773879,10
783.9585379024264,197.40207734479918,13.080132023013315,10
784.00256038135,197.40162667245022,13.253649203961988,10
783.236636883851,197.57158156842343,13.289507353134683,10
782.4632804271974,197.78823936588543,13.21425867281383,10.018846343028054
781.4216365916238,198.26458052359143,13.129107432523044,10.039812814160818
781.018135295816,197.86567822412343,13.00247735230564,10.112092033915953
780.6808221342409,198.44096955968195,12.88783458575729,10.08510400448435
779.8036225487349,198.17416615397087,12.776879218805266,10
779.7814220978986,198.36905220702056,12.862874748722472,10.007127445053783
778.6867990426844,198.04468562811962,12.919454271321424,10
777.5991613218987,198.2332613876497,12.846709540773652,10
777.0858391109972,198.42668728143326,12.732177738821637,10
777.0993364655044,199.27490315944306,12.77381171349372,10
777.0234953222248,199.37989776939503,12.86782416675031,10
775.8406050992373,199.5261769767288,12.737945261376375,10.049268918305904
775.4739823919593,199.49415689629325,12.619079038340052,10.059220609582333
775.0840104120185,199.493368944636,12.491193594344374,10.04972511031728
774.2091923509873,199.444020736549,12.147527704916882,10.06485774421655
772.9923311933944,199.68693887291636,12.167897530631269,10.054795461636132
772.1189223518493,200.13497310862294,12.12079064363805,10
771.5131664041453,199.92461705010172,11.797825662787023,10.059371951904206
772.0275049476428,199.9313763728328,11.666943001279662,10.081807934581798
771.2245731026217,200.37506543271593,11.650864409598775,10
770.9141209236114,201.3480219201536,11.558841426158182,10.023442131478442
770.0837958470947,201.47953633390716,11.461466529028172,10
769.9694046605736,201.38280323319486,11.355696345794223,10
769.8481079965213,201.28653955631307,11.265360628936781,10
770.0508093158046,201.7092589753156,11.348535654268852,10
770.238399995557,203.46417006129317,11.342833563553356,10.005793768138863
769.6993327819691,203.34659027479938,11.447202796313016,10
769.1798349538998,203.75041726033214,11.396717575528985,10.035587601314552
769.0215011931875,204.34986267454974,11.291750124858023,10.114498167341907
768.533115778974,204.54728762447357,11.161823513137723,10.231496359573468
767.51952191636,204.76668507398546,11.27144851520602,10.278023727366744
767.6527443193884,204.72006321628191,11.390952367138711,10.359095742177045
767.2287007173774,204.78876857486006,11.406855792874778,10.445477905794284
766.79699805525,204.86326128778902,11.434130736498965,10.52134668101477
766.4861272103207,204.7742534331497,11.23260931762725,10.609340735329889
766.052925405549,205.0740681431794,11.363583282586053,10.64566265546906
765.8750885888475,205.48778567455625,11.422080078067944,10.771861914404937
765.94936478389,205.80198462207179,11.703288322882026,10.853236725405683
765.6396396968197,205.83777087606964,11.726266770128245,10.941525931057788
763.9601006937373,205.93585530397704,11.686217292925091,11.16565851262094
764.275020871716,206.30990643377635,12.017013671930131,11.233333316392065
764.1200485376351,206.46807389669468,12.045668881817065,11.2560568791628
763.9432381043504,206.4427448206178,12.097804031089913,11.283210494717625
763.7674838168696,206.41568945911308,12.14680350680651,11.313736896585871
763.5726883510298,206.62533818681214,12.220185450057947,11.056016278488963
761.8803581060191,206.85124995864498,12.21048611303761,11.045931280717948
761.8345555558118,207.56488440011444,12.393560225653149,10.923310558713478
761.2016823589505,207.66762090661877,12.274714682310526,10.863537285160996
760.8148345912497,207.558638312336,12.158230881641279,10.819882667436824
760.6530367638519,208.36863352601162,12.225612871428183,10.689281659641281
759.7731481496156,208.58283511303364,12.040779265778975,10.71358962074623
758.8100210095237,208.69741537340758,12.087695400706842,10.60192482306705
758.2459050321391,209.02102901801186,12.175464146323815,10.459469302905298
758.3085754193334,209.39965894307332,12.279937901354293,10.322901646290525
757.1980878994739,209.51203286713178,12.17320350465661,10.427945463250815
756.4337881323665,210.2907986921223,12.350216339385602,10.370182308829415
754.556394341797,211.41469693530604,12.435103026359423,10.3873155938853
754.3395255101663,211.543372740411,12.767703848741036,10.355193127771757
754.0607857353029,211.66107374630022,13.041547692758197,10.384829338067833
753.2072010098133,212.02732423925218,13.28751094599902,10.32076279325356
751.3538561044938,212.33927625320862,13.320144226639071,10.447697164274082
751.0242860604881,213.09472479244167,13.688594816464422,10.427428805137845
750.8968473282653,213.81907958184087,14.047319754769909,10.403778187254034
750.5970871780007,214.08360328222284,14.323269774031795,10.44253101031746
749.4587770504562,214.38160808025955,14.336938178229694,10.55384675356134
748.5240613501088,215.01919567831428,14.46627706297918,10.591261679674776
747.5594770650147,216.65680697945677,14.552077102893996,10.613766423810068
745.636109523481,216.8606727107964,14.648085247713542,10.702674808886293
745.7039760818875,217.0564386628517,14.764916292916563,10.809288902299983
743.9027068763556,217.35830235356204,15.018107589417273,10.972139360730612
743.8128248173265,218.00502665391932,15.22564221555627,11.076754300474764
742.4780215605869,218.25162645480572,15.301313716218178,11.050023718353392
741.0220597902266,219.13744764379524,15.186288328105555,11.094464533199634
740.7114065115624,219.22580277622777,15.04218094548128,11.129886826561197
740.4932997906737,219.7561531300734,15.014878747953405,11.04144301774992
739.6241998989566,220.59933346529675,14.789993237617862,10.990914060979659
739.0833127611759,220.8564059253999,14.912644259356963,11.016273609214359
738.4199379461095,221.35673487180566,15.10644048410957,10.923086181109284
738.0790110227582,221.41172804725122,15.17945112345276,10.831854705505588
736.7804971644688,221.96354182278264,15.494480444111794,10.792829529473229
735.7187595468191,222.38582777282969,15.705825800413418,10.900794271930565
735.923397257837,222.75904285580324,15.78775857406391,10.90179234437531
734.7710347539054,222.71557130263574,15.923847498324234,10.952186005468675
734.965711529632,222.65211178370848,16.12714924796508,10.998138131113206
732.7539993225171,223.32832081246562,15.850891903314325,11.059038230794965
732.6197380958811,223.81874592045457,16.066222102430288,10.731015039276908
732.0963471588811,224.32176625195714,16.3194022847075,10.48549209267954
731.9422712158452,224.81390244182919,16.663829501710374,10.226684056960117
730.8856825680097,225.2658777047713,16.77161615330786,10.070695946294238
729.852932487199,225.48981080112137,16.81008465484915,10.027517724470796
728.6827267986304,225.6228813387861,17.04226329539898,10
728.1840784313526,226.0517715968599,17.039244244546317,10
727.700999343529,226.52019615549943,17.0795771223612,10
727.1304139387695,226.34827372705453,16.82942615358279,10.001861687572546
726.1844539606946,226.81598299820325,16.827532738074407,10
725.4449052858733,227.21194419343374,16.89178068719649,10
724.552230528977,227.650109619688,16.764186360962277,10
724.2349256488047,228.15179327208898,16.66722498340165,10
721.7056657812822,228.1951551855018,16.61134671582222,10
721.1251323117467,228.26980590526364,16.73535732802711,10
720.8945921476278,228.80994534198544,16.800616978984323,10
719.7013534955984,229.52536356155179,16.89855558866151,10
719.5459767644929,229.71924337450764,16.70603180868883,10
719.5604018069662,229.9055034488847,16.706340619577578,10
718.0324163872842,230.32310005728505,16.654736996050914,10
717.7220949090761,230.280394092988,16.669848379171555,10
716.9283290858447,230.61907608885667,16.877447502860576,10
717.351158080535,230.92108692307374,17.090523095976607,10
714.9857281531274,231.10835453946493,17.39251274968087,10
713.2162753736602,231.4678338896418,17.375797161459566,10.001096700971436
712.8530038714873,231.86639257589388,17.565448109340153,10.033265367342903
711.915328860941,233.13632651419786,17.87457343618067,10.003474013562098
712.4005962548147,232.61304824137522,18.07585559350954,10.053128152991716
711.9284538785895,232.3852355411879,18.268256421952454,10.10414649579489
710.4776675741875,233.5496353061794,18.50026311469483,10.233840198538976
709.1350875405783,233.5001210286908,18.84482412185477,10.384077681743602
706.228684167062,233.03666243340098,18.88485855672296,10.583261081448775
706.1799992946835,232.86343464338066,18.822736553862228,10.727356672203932
706.6157044374332,233.01535251605713,18.840904372382145,10.914067987817464
706.5204210000329,234.43401672086634,19.00978026944551,11.03796580309833
704.380639522482,233.85646966072784,19.086152421019197,11.134488703931066
703.882140028452,233.86781222505073,19.24754942362489,11.194296694227106
703.3833439633429,233.8762903195238,19.40350382324456,11.260429491856517
703.1585877465312,234.25131245669667,19.284149348317612,11.438499989353751
701.7776540935663,234.56403501314344,19.59221740650576,11.58772410644449
702.0388605232529,234.70923226205582,19.810416994394544,11.655825380504645
700.343263829194,234.96872075953695,19.00909643979374,12.372179324835317
700.5632189351522,235.29874249940477,18.40299134190805,12.92691557971118
700.8265911250052,235.32699333163117,18.766038570059056,12.572458938699691
698.6443424062248,235.62080155068654,18.88991587135866,12.26674710860022
699.0333787313755,236.33255153270503,19.27058314548818,12.028738706452884
697.9342069754717,236.7221561838432,19.594610203361974,11.801726920141022
697.1023572389192,237.08388077919506,19.849916055022305,11.677209101603006
696.181117119874,237.36371876454032,19.653279433676765,11.63158635642974
694.9940830548082,237.23942093235738,19.441408394878124,11.584792070520228
694.5950098206147,237.40887628232142,19.6491741350206,11.448473087835325
693.7198941174249,237.7536224348655,19.916218938807486,11.306489678144375
694.5492450250961,238.10458324992678,20.07774617696265,11.186616046926973
693.0159873517821,238.6048337997713,19.956703111038607,11.249048153796114
691.683933396306,238.97190318993736,19.702255047030626,11.231450961770449
691.6301807335846,239.16342532803873,19.667205865813994,11.100537223792896
690.3906504750713,239.51767350689312,19.466147583630807,10.960069018073124
689.9632875949458,240.0025307109111,19.378055596289023,10.806696963857993
689.6222438473202,240.12768544046617,19.0240913413569,10.783065458944765
688.8526083264182,240.19906308184605,18.75000300339247,10.692151703408578
687.656410521137,240.80262625010923,19.066152590776984,10.522982439140181
686.5783539729623,240.86199575396685,18.994343724388372,10.44404447022664
686.1329781307351,240.8706870191408,19.005399635717986,10.353224375803748
685.305109227862,241.06004147859852,18.88216255075536,10.306951690647246
684.3932262682179,241.63475618791318,19.09781685009414,10.252131532577
683.7463884110138,242.09553284690514,19.03060157996715,10.193614370293764
681.4463166860334,242.64619297240432,18.756136036397642,10.255783222612639
681.1804952947549,242.56162279103694,18.477931523670335,10.26341344564366
680.8143825946275,243.18007676488367,18.653646058236752,10.19575515176641
679.9566268559707,243.17808367843728,18.81136356067399,10.172935351978746
679.0481028843454,243.67273250180205,19.12633010972899,10.128668454093392
677.8136465444227,243.52292876660522,19.008567860909373,10.20091095225327
677.5579728324575,243.56327711516622,18.744072200981137,10.206270599342359
677.0276448148628,243.97030015082566,18.767829861613116,10.177553333470087
675.8035541539491,244.45863423100514,18.463648932158723,10.219166394500908
675.0059890411604,245.1381510130302,18.539024509527458,10.227625029394861
674.0887011252935,245.45150112710144,18.546882249296686,10.180931877515816
673.5556541996496,245.67501436096003,18.544217136045994,10.158776586279888
672.9446592029932,245.95305493216776,18.601240307688162,10.1607962038475
671.6214788818714,245.8489303992831,18.359121955562117,10.20379183901192
671.2776405980079,246.70721017652784,18.380282219273145,10.227545337653533
670.1931917799241,246.89536408213567,18.523169342135184,10.223908296129316
669.9495248601177,246.3387111643245,18.573192158274153,10.213856835761643
669.4413051904218,246.64830735792393,18.90414172391577,10.176070207420562
668.6400813333075,246.72097865182107,19.616282965365933,10.125785770215707
666.255688836161,247.15326261684467,20.217506428592063,10.180780597183741
665.3579361102222,247.16244174468738,20.32994718129666,10.297260594757983
665.0253423244087,247.25214506950098,20.48450849645768,10.420251971120319
664.4992785554774,247.83245024350478,20.94575623638479,10.426020001980815
662.289162773301,248.00436692438907,21.073317073961533,10.51991963476868
661.267748737941,247.93405872505127,21.084352265576918,10.667693666990989
658.5071975974861,248.27501055729843,21.01592217115102,10.736106979997626
658.4949032558145,248.25783144283702,20.806740498911857,10.784073319989021
655.9202829857936,248.67128935536283,20.71718909635731,10.87421775094176
655.7167820792263,249.12766349888471,20.745480609761632,10.776775710178615
654.1453069386395,249.50088591879899,20.673658904927635,10.869173858364343
653.7680529330177,249.72817340269071,20.93637265781514,10.95071638468715
653.7765920650324,249.7452986430556,20.86552445513791,11.033377732475287
651.6534926439144,249.87394090623343,20.778943889872526,11.124441168022251
649.083430668482,250.22106174764568,20.91118047730359,11.067134898081544
647.290275393876,250.2493363174739,20.798905516261797,11.043388071991298
646.6954501171502,250.07160216123833,21.17136190591395,11.032646281427459
646.5549491509125,250.0546619745186,21.565517109766457,11.00901318689936
644.4549653500218,250.1489967435589,21.85587610902421,11.029324626354018
644.2109319396952,250.2429789819686,22.1748076124708,11.144670961054278
639.658679292897,250.5249867715522,22.31240349749805,11.263685152738237
637.8639413925389,251.20197303854258,22.375733363155554,11.347788518835284
638.4086340311565,251.51001385384487,22.14914308122852,11.472878665479058
637.7932692445737,251.79545554190622,22.04046664090508,11.540952432186277
636.7388214681798,251.44929260016477,21.716533052076215,11.646078210478862
634.2187847923504,251.8738479734552,21.674787823107316,11.715866403984343
632.4421847925687,252.17227055069606,21.768501576561974,11.66861285039758
632.686483742536,252.4722050549695,21.82725694429693,11.645606177055821
630.956773515731,253.14467085161843,21.864558972537665,11.67263379320005
629.2659126596936,253.70799850463754,21.050740256450908,12.30906933608459
627.4870530786136,253.6117340356458,20.762207454041757,12.585186911479639
626.38070518921,253.7569036854119,20.405070192611575,12.969767097993278
627.2401353044247,253.49770288005027,20.780926272683253,12.756816319857736
623.4241895435044,253.8900654932245,20.28168090029775,13.149277940242344
623.7712716919257,254.2457109301543,20.156297919735508,13.341870881194504
623.3323082606346,254.26361737507847,20.345666025012704,13.554372804125578
623.3011198524972,252.2983529719527,20.607890971632685,13.472552481653972
623.1620303851594,252.46499951562492,20.83225653450099,13.40408902992966
619.6826462691994,254.64746252817702,20.758412442659996,13.557371985385783
619.3731400481768,254.47362009547842,21.126136202483053,13.436142967812161
623.3088850366363,254.69174363003972,21.51333419858627,13.212797967781366
620.9008892342886,255.173045036893,22.037265904905357,12.983344920996771
621.5722287694758,256.88413559284623,22.37230118237015,12.891388323097866
620.005832084049,256.86562780453744,22.684811855546272,12.808025360749246
620.7436149358929,257.17850677179905,22.97838234227291,12.7083255040383
620.2059132026496,257.65212712974335,23.09263069220124,12.631361120051206
616.7407753218172,258.1922483232718,23.448804528969987,12.650986434524727
618.1244236211558,257.77930459579153,23.375774726404757,12.608684733429865
616.2471544157185,257.65619123819334,23.096906402813026,12.669303866295577
614.1219718217601,258.3756487213928,23.11843410064792,12.719834347818393
612.788335793775,258.68963898913063,23.02182399643123,12.725715532904708
612.4284173833191,258.72102612102043,22.57077680416714,12.657082955832784
612.400629384646,259.0664307782983,22.35249470133744,12.585755622077679
611.0860940969106,259.33775639018484,22.149558822340325,12.556313920075116
608.5979215892968,259.9069921788303,22.22343420255827,12.529621555735798
609.3330579159381,260.09972696170496,21.725972175305827,12.329339851309925
607.1002018333253,260.55302900708426,21.343034361893686,12.222007403713071
607.5155015684466,260.6276823017987,20.930266074131033,12.071526783225814
607.213605433338,261.2475583147497,20.777075183375587,12.017447636542926
606.1759046379539,261.9246559010555,20.90846663563203,11.910062900180115
605.0499212548576,262.01978343437514,20.708914389373373,11.761187099027968
605.170012326548,262.2057382842995,20.610895984601008,11.597602800127817
604.8922987346147,262.0492733550519,20.425367338847273,11.496212130115786
604.0228490712225,262.41928406548476,20.502142747098247,11.47058813966994
602.7603731828602,262.6515012357495,20.60702745190816,11.363428450667955
600.8442031065887,263.4920140452971,20.527699542241113,11.357261282462355
599.5716958663787,263.955536477124,20.237950495744645,11.317652987545602
598.7895142952112,263.7623256527786,20.013848615038842,11.175879791513594
598.7508140289829,263.90492600994696,19.98389593704635,11.062216431765416
597.4450713846107,264.8568155843997,19.73799845143752,11.103871614753738
596.6338250689558,265.08705871487024,19.903254911978603,10.995422753820021
596.1883837116898,264.9372356175863,19.460099845749053,10.938766329407452
596.795534926195,265.0867049828329,18.934824904970238,10.897597928628134
595.7548724234904,265.2678026020998,19.050347002435693,10.804694180410696
594.3598244731031,265.58960557862025,18.847028262783674,10.859615682699637
592.9880667393617,265.87982159335985,18.64190147639077,10.901985135897924
592.3441588973818,266.1132381528749,18.33512518513831,10.871608309735475
592.5603700870128,266.02585652750577,18.050308523058586,10.838833700795455
591.7053213346807,266.9224378533816,18.263351212430404,10.865126434251945
591.2387911544747,267.3246259311571,18.469651125817016,10.770528468360153
590.5234786124331,267.4173573221594,18.482668425629154,10.761244678150044
589.6242854566418,267.5684106107998,18.274757625700495,10.8051686043807
589.2132066604684,267.349653733774,18.08585879486003,10.772449424672583
589.1184988834234,267.5565028223442,17.87852309415294,10.743389050371407
587.6206596307155,268.3146924206276,17.86782294890351,10.76476212450321
586.7589087058305,268.69059015202197,17.796932808965526,10.741067915223988
586.4473693460802,268.2686920080069,17.53107578370377,10.718212072173548
586.4910251821626,268.2218663315476,17.295404634019008,10.767088907675149
585.8890812193813,268.6512632571902,17.339255757289692,10.632236442135957
584.6270561405033,269.03733887850944,17.236486066031436,10.637997220180798
583.8506042627247,269.66342135001895,17.30278501182758,10.597813335282503
582.6267770500826,269.5500419865497,17.255943091591654,10.529277360167972
582.0403593892308,269.75959706091123,17.067201379298787,10.516682541521007
581.2377197335027,269.86685095371536,16.697874057568704,10.432642468792027
579.7220939459996,270.3564620419737,16.326124800970767,10.44167489899907
578.9211101817348,270.755174383514,16.01868161439731,10.388238849074408
578.1184827717262,271.1241039939868,15.815250774052156,10.335406333393712
578.3299027448122,271.4619226510896,15.629172815089579,10.315904459060885
576.8713899547305,271.43124217754394,15.638730553151005,10.270396535595843
577.2625355998764,271.6055806529297,15.30606889747782,10.28549418246913
576.8960275589944,271.4957482459896,15.136692830270233,10.180366790061914
576.5431637405887,271.2801259321602,15.122916706743714,10.131624750087644
576.2359867757298,271.89822905588267,15.175760013960403,10.050144888712975
575.0428126614721,271.67487939168035,15.323371851408249,10.000404879387268
574.0543986667041,271.67362229647006,15.343526338022297,10.034490595888242
573.656343929361,271.9763912948317,15.627939712473275,10.108835840818259
572.498959765993,272.0866370850477,15.739943289682337,10.100246148637643
572.1648588319921,272.3430681954771,15.79440691887276,10.092336716131829
571.3773811344453,272.63878564119324,15.271205623368852,10.778119451271156
571.2857884160793,273.2284232108267,14.67552745126355,11.448207519821377
570.7713373787154,273.5170854510302,14.092784542699825,11.860253802716162
569.7974280917671,273.8422324467471,13.98242469176122,12.19169468314669
570.4897041339364,273.7897330589379,13.907454244805091,12.428345873563917
570.5463920761499,274.38046517796323,14.008033643542978,12.592980177726696
568.4906623672555,273.576594453623,13.822517925528725,12.676262622004986
568.646577420773,275.47436683345893,14.14036374327152,12.566000092710272
567.5137721142145,274.20104408321663,14.303064791416714,12.687228408365192
566.7744617533014,274.2004017775986,14.44401780961458,12.781252512256016
568.1334434795883,274.2371174286281,14.821838305938826,12.84880197542051
570.6729576846802,275.8366650551052,15.113606099368383,12.84333074208922
570.3417576602259,276.0685460181086,15.082533762870613,12.799567491667196
570.0692732197789,276.40268718846124,14.922075950801833,12.647794326262444
569.6990599604559,276.3128582267172,14.882467331317585,12.530399329885887
568.0541118869461,276.49599292789003,14.90715118089768,12.53402633943595
567.981540073581,276.85234805328133,14.964636044696029,12.511544610477213
567.9247009078115,276.8509742187048,14.82870124018206,12.394060166924678
566.5900763263343,277.1544643155191,14.810402719420702,12.359207613543388
566.6607106387569,277.5343451363411,14.72072591559027,12.325469943933852
566.7756334315558,277.58364683765143,14.57342409053067,12.172158317523257
565.3015534987359,278.2546502657434,14.475400608468266,12.114202879643667
565.9180316511633,278.3360043789882,14.805675533395531,11.978578150648605
565.3150092950665,278.5225545818458,14.504245584715889,12.003600979443842
565.4346205950734,278.73919259664245,14.359120591539744,11.992243520845866
564.9979474578739,279.3953699955029,14.247016538542281,11.895656583537566
564.702935960023,280.1511569113086,13.979258541259544,11.875253992732718
564.1527583153456,280.29428331208186,13.842272188234368,11.83057246856621
562.8028329521595,280.89956552784474,14.009613826090272,11.754732415626265
562.7824990132669,281.41392530331785,14.283662215278575,11.76460150775405
562.4094658269975,281.8990599856335,14.518960353087676,11.676217492873173
561.1829929994752,282.18888137795733,14.628578009017136,11.609200581314482
560.7629790255835,282.6504748312047,14.92578985429602,11.59946784981517
559.9153591011827,283.27712655445134,15.176082102732845,11.537860451104757
560.0118832550077,283.21392621726204,15.340795774186105,11.44204915360429
559.8818942324585,283.90714505154693,15.314172097043972,11.528591149837116
558.8343870013541,283.98583994576774,15.079080062441726,11.552863444067631
558.056439824738,284.76205951703054,15.392155344857851,11.548890268720404
557.2723628128234,284.9069402351147,15.602792245464705,11.438639172646674
556.9213063992408,284.9844409416317,15.892414943159022,11.352168170140725
556.274820556085,285.520413634629,15.962851138481017,11.372917305096527
555.2406952867786,286.02025700701955,16.006104442749297,11.326445920956893
554.243236580711,286.5321168298704,16.110629551417876,11.293295449544908
553.7993137585781,286.83248446191885,16.429080488003756,11.259568978802044
553.3738513917618,287.114436018504,16.704981272490265,11.268280297012872
552.6317132902161,286.9147215326092,16.79007575198699,11.28994712995905
552.180487069784,287.2330428871626,16.96795118317334,11.343569539927959
551.3078094505285,288.00683608078754,17.045228714393645,11.570436554243638
550.3710081934706,288.60246970148387,17.174935459390056,11.731215444938641
549.8505720715015,288.8673334341524,17.47177532036327,11.800456306647137
549.1250962565449,289.06223105701685,17.451595863926872,11.82192852031068
548.2834765122852,289.47787694836177,17.197002043272686,11.907931776321023
547.309996353235,289.5415302463264,16.81236455634998,11.92098845639659
546.7389641446499,289.61419163003643,16.84373683007999,11.835500351801313
546.5412358081302,289.62202548198337,16.882883880593162,11.743068645465089
545.9096056653035,290.140256113314,16.825705423608987,11.829708498030488
545.849350559621,290.5273725588299,16.872963925631808,11.74293567188683
545.2799536524309,290.8595321004691,16.84710670374971,11.782687514320939
545.2717666471492,291.19882751510903,16.713207853189914,11.764393363584174
544.7337170275669,291.3944375404493,16.542699788735245,11.743974046469907
544.3166013562287,291.6857687662318,16.67705255799398,11.666173068942168
544.6804940793015,291.84857375890255,16.87425365311953,11.701007539939464
543.2663992218606,292.8228938020645,17.061406142278045,11.671795086901104
543.1299718167611,292.53965790477116,17.189984050397513,11.530050691149665
542.1843810854643,293.20590507846657,17.150057157468908,11.602867093766434
541.4385584831977,293.51620404807727,17.18903345674407,11.575043843742609
540.752041058153,293.75537773076434,17.114771687417946,11.53885562443891
540.4690671954426,293.8943258871881,17.45125507560917,11.491342066990265
540.2766811117402,293.55179729750733,17.769444742079155,11.429433480398696
540.0151692300616,293.8020860750132,17.589260774189658,11.684997707193805
538.5824568249612,294.62458508405126,17.605955735528696,11.405605281845348
537.7151349946056,295.10867791724144,17.77993974925198,11.271679423528578
536.3852879963802,295.3781172118014,17.644775290044997,11.050986730089972
535.9909338361085,295.8068746822039,17.528055558639654,10.964335501119004
535.1626908047637,295.856009261526,17.40037755024632,10.87829764492234
535.1966360052177,296.4002893202505,17.19988396594952,10.900726978881707
534.2383542779468,296.31404843445233,17.068523378743226,10.83598269640571
534.9852948522488,296.8013367560483,17.317404557333454,10.71200611701464
534.9677874955478,297.0852595878556,17.17758297787251,10.935313347896859
534.4907295779734,297.31231015122006,17.41060134369148,10.844414167188068
534.6106996160439,297.90396362564945,17.813815233023565,10.803790247504173
533.7796740895166,298.29494889856926,18.08890268019755,10.844507923596012
533.5468219598871,298.7161733355137,18.233793522021784,10.940271921258647
533.3070857426738,299.14176081377764,18.379641504095908,11.03566312922432
533.3383201979085,299.4894202014646,18.741728401932306,11.025832756693836
532.6854711385373,299.59114527864205,19.091326176016803,11.08565730178849
532.1999856912827,299.5919632545215,19.42882432987595,11.10935403372697
531.7376155639586,299.77274051239453,20.019015962154235,11.22195631491314
531.3048452025989,299.96107110487293,20.476801280162928,11.400476573647506
529.6057903804351,299.7921658684367,20.612282369192627,11.451403424112062
529.1370751060335,300.6985425993645,20.72732212324174,11.630537293265416
529.1578122985164,301.1950790653662,20.890215644131167,11.607104258608455
527.6636107750874,301.61860051301585,20.770025227091466,11.668658057778618
527.1142507400702,302.0607576236657,20.731956928900583,11.750837204627668
527.5282459728959,301.92388450479325,20.865127301853292,11.8457829637951
527.1370775942818,301.9664947023633,20.968964181628728,11.848539449026523
526.6411722675072,302.2901636032594,21.143385764190228,11.888341217947378
526.327325553404,302.467242702576,21.29625732683812,11.985727929983453
526.5625774031931,302.51166808585634,21.724201677281822,12.059287169349933
525.8306761704413,302.64147641437364,21.88225436880629,12.056628132697611
525.8390290966533,303.1222895779186,21.83337454753061,12.183775890652539
524.8419903437107,302.9598272916611,21.99098574100747,12.22938326298362
524.3524930598343,303.61888740134395,21.911055991400445,12.413872654175485
524.7114227398059,303.71591351267523,21.954205251719355,12.553351841015019
523.9686062981251,303.9187220855099,22.046820723848825,12.499989205271525
523.6221310208115,304.5843188439215,22.289817722415336,12.479745371637701
523.9023414895831,305.1714106300197,22.135409439176637,12.626758832369768
523.8962774889962,305.68120709644785,22.223590746810608,12.20735862517189
524.0757294477881,305.734549068545,22.237376970427988,11.895993195086279
523.4686089025163,306.2361449906218,21.90652810087349,12.208041614871515
524.0210289057984,306.39857633852233,21.41316654222329,12.358979641907943
523.7706364822324,306.925996530736,21.173816911739973,12.506377101947772
524.0423286934996,307.2842802935469,20.811631562997025,12.491644195371196
524.5105462855548,306.75675326943525,20.539797347247507,12.396190078235062
523.822630493043,307.7362437829448,20.69385399654879,12.41942898567937
523.8881150556792,308.04517272110246,20.713898931058395,12.648488857815353
523.6532375193705,308.90744604068135,20.803577625092032,12.483953724738212
523.7634692346649,308.89459352033657,20.865911441674555,12.535286156840622
523.9033269067061,308.8912197058653,20.9478536276616,12.58282161300665
524.2196263480736,309.0947003818158,21.061935004631167,12.570115243577082
522.8636229381781,309.7013412138712,21.076810905919167,12.523096682951383
523.084279187207,309.55104541263006,21.171888056775835,12.619719581686976
522.1962809812782,310.2751458220785,21.32892981012508,12.542919715129212
522.3119009501055,310.20671276135914,21.44123611399224,12.437674287786589
522.173898614272,310.2574113246395,21.498336826861706,12.665048394784485
522.438801135048,310.14030474026833,21.547271666825207,12.835735529171632
521.7066302430957,310.89729698919433,21.951952062332715,12.79272046987249
520.3317299429832,311.6116610085991,21.99167656888403,12.661824204820839
519.7875769459471,312.37420374662867,22.064923330244504,12.54884214329728
519.8006207034805,312.2839284030702,21.861993304477362,12.525704894346614
519.5087517940374,312.50759845928854,21.94570185748313,12.545676968866328
519.9554294562109,313.1795654025296,22.182264512376307,12.506095961908446
519.6044220798718,313.70835316076926,22.369600667604455,12.45617129763253
519.8073870592451,314.2087494444409,22.280121304713433,12.47484715699363
521.1813178050201,314.13735413115677,22.32570587715891,12.55482608107209
520.2916670567876,314.6212082249474,22.345173680119558,12.612018687520052
