520.5,315.5,21.0,12.0
520.1767085520095,315.100983565045,21.077372664676886,11.708852549408675
519.6555523664933,316.16384573669893,21.26905010319104,11.47609864887273
520.4655504375794,316.2843060912848,21.2837484180731,11.251068627405099
519.7775801737463,317.33423984739784,21.35425960633043,11.052510843801402
518.232314777027,317.99684176658747,21.287717855671197,10.937128587262638
519.3703507033864,318.2987978356567,21.024448842231475,10.779650708538794
519.2171410782416,318.70210514557874,20.90310874317499,10.733779527892407
519.1233927625974,319.09228836758166,20.778046932109145,10.679915383195276
518.6952247639173,319.40771709377907,20.465172733928107,10.621235162112223
519.2223841426699,319.8108746971382,20.465574258977533,10.527126557490554
519.1581675289004,320.7184366027654,20.284645402842877,10.433198682439137
518.7892679768943,321.233225545431,20.267366906376136,10.3720161494715
519.1876439661776,321.33877200184867,20.239072578947834,10.325442099598915
517.6644108855019,321.6630906992533,20.17817575468817,10.26006464493711
516.934387220812,322.505234756426,19.925712975120163,10.256055427877213
517.0427567200137,322.36019877600796,19.825282561526166,10.211112151381874
516.6177287667458,323.22164006274534,19.7360621304382,10.173839156993331
517.0466118096751,323.5572663967929,19.619426456204515,10.081614022429447
516.8298747518636,323.7178837277274,19.77825753808466,10.071653650645345
516.1503688579044,324.00614182704425,19.653473802359613,10.027484356289367
516.9419635348379,323.79407267309693,18.921856187212672,10.556563756615523
517.2996320027828,324.0991622336248,18.515934949374223,10.882511702172156
517.6038629233477,324.4503845920375,18.216564974260745,11.115214270808082
516.1337860739387,324.5940627601938,17.782595099775524,11.222120486756767
515.1810650154409,325.3520879852088,17.438932478535776,11.320890874701394
514.0444710170711,325.51735829484437,17.44382184932924,11.30645174688151
513.0918902685661,326.32511025480477,17.235230027552685,11.283376868823229
513.4513309372235,326.6107337651806,17.01748433753472,11.3598784971919
513.8214262435746,326.4815617928112,16.788869244871243,11.366712090034442
513.4674811186496,327.1566904012154,16.644462605892816,11.223249969623293
513.7034066097134,327.2823956407657,16.39722576713684,11.147736924876632
512.7991710097223,327.607065799935,16.547258761400045,10.953097016904053
512.3777617269318,327.5526482372564,16.431374047485857,10.84119700956709
510.9810771177396,328.05516899028004,16.634371180299013,10.553735404738191
510.00866733059047,327.9753934867907,16.825189614002767,10.493732538773859
510.14780026778095,329.1697838146934,16.890086872289316,10.608835483203562
509.7709367248377,329.10866644467717,16.898501923092024,10.623900341772917
509.39278782430284,329.0483445726591,16.90883251482267,10.637279991754369
509.9143428052333,329.27565391834474,16.957230822271804,10.623794501505312
510.4690076013055,330.84149703279854,16.635380332738816,10.665630268142237
511.3478158531631,331.62882704074144,16.569614372045777,10.946449731092441
512.0638940853906,331.7266719563331,16.735646427068474,10.683633625800235
512.1931640270127,331.78048460539554,16.775480123803362,10.52195943556483
510.97827449022196,332.47515620974707,16.62320744338711,10.525613134095916
511.81286325549127,332.96652221810484,16.052115673918756,10.810647473848594
511.82254194038984,333.22789653651085,16.14451272899156,10.609623847908397
512.7451461397735,334.94246232242034,15.734187090272048,10.856527680294738
513.8615077221568,334.76403278057376,15.683828150892975,11.042272915301776
519.0247432384292,335.6618691321601,15.597783181885807,11.549369873078758
520.8316548953032,337.4008447756474,15.655498221104173,11.983135762541572
521.1836613274512,337.5192332650978,16.102968415737784,11.926933543481764
521.5324837233168,338.27882774579217,16.75014555393813,11.87592058936375
522.3292872063098,338.2107787451662,17.20815096511889,11.880226462529619
520.6007079860306,338.70109141243466,17.57403156792397,11.83533438671689
520.4343375706882,339.28273485613335,17.63676109279983,12.059217694899068
519.9013075927254,340.138954479663,17.82146826647601,12.251235540124885
521.3011960533519,340.5683697721776,17.939541124352004,12.186546307272334
520.6138385589759,341.25953188894096,17.91408328347594,12.097636189651475
520.9725053409484,341.379470364931,17.702938648611998,11.932601370299317
519.9307493093668,342.3977231073064,17.7751751819136,11.875566973004265
519.7838586826923,343.17667214027773,17.447137177526464,11.827719084635797
520.538828845325,343.362630464873,17.306036950642053,11.75446456150949
520.9419404292247,343.96485941071865,17.266098785074362,11.72320310479293
519.826981059538,344.4656863111903,17.21999962016605,11.787706764062248
520.0901684664618,345.33800987808144,17.303516995821127,11.931546730881173
520.0861063124773,345.3411618596551,17.422096399558157,12.041015335423335
519.9576469571922,346.11205627436794,17.731866079264083,12.105139906647608
519.433492116321,346.39807352177627,17.79606099488579,12.123545029464797
519.1594604266569,347.47856663661724,18.06751075130999,12.116127544442316
518.7523103847512,347.9901413991945,18.21555983137911,12.104759354164743
519.4332773714042,347.9856999510868,18.11873003268716,12.092485268792716
518.7196567826313,348.6388547565693,18.228176291218965,12.165851284582576
519.2162759472776,349.10926629097025,18.17862242065894,12.311985432043466
518.3630650974478,349.8488862173738,18.196562670237565,12.344069150441515
518.1826788667208,350.09145286473114,18.303381943033948,12.318089418511041
518.2196361387648,350.97106281210637,18.686112798277925,12.310915155169228
516.6640922264789,350.8823623822538,18.996029796891328,12.461991394403986
517.455618054339,351.21212400702336,19.063012807232717,12.603743100137557
516.1811482906762,351.069819983894,19.887669593011644,12.798149470504452
516.6092344964661,352.40570911781504,20.325920642392187,13.023605880930743
516.0904008609178,352.7365984117187,20.85901152846755,13.211815217222362
515.2888550818154,353.54538285336554,21.214920359812382,13.27463824162064
516.2066851948473,353.2824003625813,21.435518335347762,13.398285460814288
515.5767105022437,354.20248956510596,21.78194052986969,13.461083449464576
516.5725689097937,353.64711908939756,22.156007406175892,13.744545369604653
514.8353534589461,354.4923955044303,22.463829735864824,13.674393921985446
516.3511043931608,355.317308742671,22.4576171645394,13.796692451226154
515.02879673535,355.52396551962414,22.47770264159894,13.846123341928575
516.0444265501109,355.4177091748841,22.521676233131373,13.88719209219955
515.6573847779787,355.9971356703374,22.444631437628345,13.776312257268415
516.8743659808072,356.80421232807356,22.326823988788817,13.765712475350142
516.7043408509405,357.42941255544446,22.187380690115276,13.437856440373855
516.6633287562853,357.53197394310354,21.888939431523163,13.165454050547504
517.5375131736674,358.39974917809997,21.757143811289836,13.352344228633541
517.6507116095456,359.2813165295978,21.46114033734147,13.537524550013805
518.6104834038254,359.9363194529189,21.47992024655417,13.650059368044458
518.3479901340157,360.5514042698896,21.310354841440837,13.693008349253592
518.071855845937,361.1775485332769,21.170371675712268,13.709622124267241
517.4613704358048,360.807046324124,20.788562749920803,13.605257322793118
518.8917271289928,361.34099086316917,20.911017965534604,13.702805108601936
518.0314210612504,362.3803449929138,20.784387030417093,13.746000507025911
518.0885073239606,362.86827230608424,20.357841999331892,13.620293426022746
518.3320193244288,363.460420928237,20.15419162248179,13.562036998024217
518.5125268209034,363.67967911138345,19.9461231464041,13.565660942734105
519.0647012923588,365.0232875540375,19.64342413158635,13.452321392020728
518.581802180143,365.4032168837248,19.26930398100272,13.188628097626875
518.3767917851169,365.9864393345377,18.825769628175323,12.982065812997817
519.0021654694913,366.40884094975314,18.52936390943561,12.72043758609546
518.4081307345797,366.8908100873941,18.13173394021014,12.825039526305876
518.6870035564534,367.1791355960547,17.771174125744466,12.686687241026856
518.6371270125525,367.30208663826056,17.457432656404023,12.64116466236868
519.3768545313819,368.1433515590073,17.30988465266544,12.51299151509682
519.7225942510474,368.4336932408948,17.15958308217756,12.336743040876708
519.8417572813585,369.01701877231017,17.087460803517853,12.374077788325826
519.8405721131309,369.39988031500894,16.754149373701445,12.274263039567696
520.1857937265698,369.9457360256628,16.47884245430155,12.279261823338102
520.3143046387237,371.0737561839359,16.21212397408703,12.270733132081748
520.0846048705399,371.22290057894725,16.001073836324977,12.215085567516317
520.3287545271806,371.41755533142475,15.74090909554948,12.113140962673437
520.876531932395,372.5763087655777,15.593501284003132,11.964547935615052
521.8158150259474,372.7896608515497,15.62922087589774,11.822064876399294
522.6627248275461,373.24570343697906,15.38644654743495,11.838844244210108
523.1075541895369,373.3144744825074,15.239217377915638,11.847396803183539
522.1238645652178,373.5133507974015,14.954248203549799,12.047000850450772
521.5807414110471,373.3160979445524,14.443332265186882,12.251411310310788
522.9308446785124,374.0036294882236,14.038023048142774,12.389233078238687
523.9364607464801,374.4245182803297,13.89201896911503,12.513620380977901
524.1680938062981,375.147442311045,13.801666597504997,12.663523128263298
523.2441193986658,375.24460835419836,13.681899195728493,12.886688647041865
523.1558769313295,375.5678236422837,13.440215138596887,13.112204822942497
524.4443234593656,375.05338774596714,13.65496021843472,12.784348777059432
524.1935134629938,375.33689375461915,13.558503688828123,12.737793133447012
524.1120880369593,375.00946691682924,13.67483617783844,12.793659170076497
525.0451843069901,375.83786508634125,13.97014409172586,12.611236767705536
524.7010563386191,376.19139230572836,14.054567664385479,12.58119876598503
524.4779854025841,377.8843743601692,13.93990540780878,12.942604661757283
525.0484360347859,378.8878137792565,13.751908606219365,13.355595484913895
524.5034081716547,377.4018442014241,13.645522443672785,13.639890874175414
524.1187167107631,379.11333484094126,13.781252141941223,13.694065995821681
535.7493250140868,381.5826052374331,14.796953946548761,13.41793546208488
536.3547328680573,381.4358138397895,15.161649217306318,13.310090183727436
536.8676637124404,381.73126228217603,15.52142147400534,13.316239912647532
536.4809731867215,382.7365365049472,15.809640535515918,13.35404585438856
537.872755690534,382.7243121821664,16.331152365430654,13.370146448491575
537.3632303169186,383.41837530267446,16.873450712263057,13.50612432582263
537.3353932569134,383.60615956778213,17.301083833099206,13.670970307764684
537.7706152237912,383.92766987457526,17.708639300436214,13.895368042967732
536.2762800424362,383.99089430294475,18.108296325057495,14.05019478642356
536.8104869825521,384.1939766005893,18.313402080026005,14.30319599075235
535.5650933651625,384.42487009211015,18.686293473206653,14.321838776272843
536.6422012554625,384.9373259706378,18.803748272516852,14.559458538153805
536.0314691989234,385.3415076273398,19.371755816877013,14.647578944098633
536.1387913095139,385.3829542464797,19.44339154226185,14.71402652911163
536.7804158057601,385.90556468197326,19.613884934680165,14.720778643392173
535.5177496451439,385.20432207461107,20.37065386613417,15.022321484840788
534.8008077518751,386.3460715033434,21.109480916202543,14.946696448634597
535.8471308749025,386.75081981968896,21.892939978680563,15.002911683752826
534.4472871022494,387.3984532307839,22.804550622550714,15.025464814527702
533.6290123239047,387.15443542279166,23.477212189719307,14.990417458939307
535.0275597717151,387.9082788885679,23.642573043610057,14.946257014737325
534.4256029554983,388.6923866707205,24.089048672026912,14.96247286026793
534.1635320181474,388.2338472336305,24.370925039149924,14.91103973579451
534.4089715137038,388.73945620816136,24.56343004929202,14.886410026402633
534.6228857001922,389.01351379465024,24.837177611202062,14.909876336312056
535.212441110507,389.9826436176161,24.828991096488423,14.986364786846451
534.1494720956889,390.54703728182375,25.50911737761989,15.14602293114847
535.9122480451925,390.40658392687845,25.435304789830987,15.265973764927061
534.7322382581717,390.3327799641146,25.69229511277405,15.380016638601134
535.7663949316682,390.44884156755654,26.08889537242468,15.477775666052082
536.2172580752014,391.61128631102224,26.027202020500877,15.609778192670579
537.1068817471289,392.6853852280537,26.089890192049463,15.642326913936017
535.8917050053601,392.0109699112609,26.220006496784777,15.617817536878682
537.035710892325,392.4894168306971,26.095772551071427,15.645511307774138
537.6812978238071,392.501213980125,26.053121804219096,15.626874031529365
537.5108054220227,393.6544941408464,26.17962853228349,15.77587916266221
539.2740117499832,393.98342864977366,26.43247651173855,15.91920362053095
539.4452025161019,393.9626283558463,26.25748225638901,15.946641190181438
538.4956180906612,394.2500268872958,26.347183553178038,15.915749504670467
539.7930917048695,395.0377067359425,26.522609192345392,15.871090729389365
540.9824962407829,395.4898538612323,26.481987576649722,16.0025308938641
541.7571040337649,396.21354195127145,26.699848006158085,16.02129045406597
540.4900831137493,395.59954136014045,27.019625214918157,16.101886727193992
541.3264963661002,396.0525558371632,26.76936214386353,16.086967418515226
542.436117584533,396.63591501831746,26.8751812666748,16.07777507244207
543.7643348427368,397.7461308107113,26.830158798607055,16.118379168425207
542.6757247027242,398.23559778377233,27.282603645092042,16.16434005586789
542.9196927775552,398.39442954602316,27.411036623657395,16.152134898237193
544.2064985826737,398.8352398037112,27.414467116233848,16.165892734072585
544.318495107431,399.41640159787596,27.485131297096657,16.22360028797793
543.977118269013,399.58073518236006,27.53104796831744,16.196369632672045
545.159472868914,400.2152575188301,27.791004267248766,16.183926054931568
544.6277554058078,400.3605678336605,27.66440170452396,16.166291896923703
545.7749210260545,400.3267510627728,27.704132086650034,16.160869858440773
545.7736628592036,400.8923297977031,28.1070678343954,16.201776812141212
546.4728808854599,401.2952060523084,27.952379612273752,16.238318936319125
548.1439243886351,402.24684606247416,28.051096372173753,16.313284889574653
547.4910287503315,402.3393226640952,28.18501264878111,16.369267906024774
547.8918965323645,402.5277027651308,28.460056807882502,16.43993044679724
548.1834427581131,402.8945673288928,28.462703372918103,16.43886018234093
549.6499375243982,403.67346955340287,28.421137542587903,16.494576713202072
550.0047495960896,404.18989397444125,28.25055885227683,16.541548623269144
549.8976930996383,404.5019112805055,28.27167333159999,16.601627275224516
551.0889032284888,404.9810987732604,28.392023974625324,16.73073462289802
551.4794381093784,405.78874969282214,28.629962134065014,16.951657458953058
552.2271193691322,405.88622185861374,28.62142806094551,17.026014094824717
552.4072243779729,406.2178090593302,28.865033300813508,17.11286299880798
552.4517298075206,406.1561809091206,28.977631576392277,17.13542565613397
553.377893589421,406.6388656430033,28.85777845888819,17.19952329423401
554.0885715772763,407.6020482451025,29.130433336944836,17.35572959653595
554.7231340802894,407.9800078237532,29.071181768800322,17.413852232580908
555.0964846345391,408.49420103129665,29.45295048509151,17.471271591229034
554.85865157373,408.78696114279916,29.684945010659618,17.464237929999264
556.0522242900522,409.1353415389189,29.63248800307938,17.484512610152798
556.7400936614939,409.6263118019623,29.497702109584054,17.512375259992268
557.5629479825037,410.36481286781657,29.523415829891995,17.530607975352442
558.564060272882,411.01389917653773,29.427264461759105,17.675778520446755
557.6965334603854,411.36221736985334,29.487792945036396,17.748098616226017
559.012251141699,411.19696146135345,29.358592756588102,17.5185415874769
559.1234637879783,412.149395232748,29.418663648140143,17.547363758165773
559.5900923554717,412.67164456802163,29.309270257889004,17.50290728770709
561.330311835343,413.54749336629845,29.481065614018675,17.50530441104027
561.0272955744807,413.62815026359493,29.62028409460558,17.49106680596531
561.7366060258391,413.51117977158594,29.498993094537518,17.41068442429496
563.3051882804051,414.3406734625686,29.770025749941095,17.505596616609367
562.8889740397299,414.3553291433905,29.476188109427333,17.42438302413656
563.8361824929392,415.2981653628948,29.31713218304251,17.24148117591016
563.9947894608931,415.8309240684525,29.282662267358383,17.146942799695456
565.0744204213406,416.0663669236272,28.984772102063342,16.99366443254287
565.1534999471919,416.1025799896247,29.055955496091926,16.97721435611038
566.2288430991186,416.5999458170486,28.803257750054026,16.98620799156106
567.0998237950224,417.2100121427859,28.910360946793237,17.200878229910415
566.9965102728073,417.3044084301674,28.990484434256615,17.08421056848215
568.5877789728652,417.7392892636821,29.234258050223552,17.150069984235564
568.3326734042444,418.48317422961793,29.338946870770947,17.242127361018657
568.9502361343139,418.94790285246324,29.36432315299504,17.3403414524557
570.1824160008681,419.69919982831664,29.263649266215246,17.366279409737857
570.202751480013,420.417763951537,28.995789154492492,17.38852308769749
571.7208680923248,420.1141640317157,28.92673761245559,17.321326531656837
571.41359364043,421.2123605043146,29.135374623592732,17.491286621432224
572.9396710069415,421.3858058650682,28.86255634305385,17.33831314459769
573.5647377170998,422.0883062127629,28.79817138064601,17.33228901361565
573.3444545730168,422.3616294361611,28.609200444042283,17.36462414516944
574.9578260735115,423.20084402884055,28.76944536762879,17.18709153287718
575.9543939447492,423.4103161858045,29.032218591217656,17.091615576273853
576.2659125172717,424.2179346974482,29.325316042043724,17.143610470367793
576.9281265959487,425.04235243096406,29.70873893697403,17.229059404275986
576.4393475100194,424.3024171352726,29.808957924548345,17.282281259658802
577.3410926512894,425.1875161915036,30.22876213854456,17.38049850287919
578.3374996283952,425.7723710206081,30.320089200339385,17.38682770594496
578.5549432652722,426.63508363858665,30.526785548087425,17.544795638437222
580.0612458158613,427.2407445800123,30.569170261667473,17.59594590829589
579.3508204050811,426.8922963405119,30.715568158499444,17.707046269514116
580.9282449384882,427.69451253707,30.678739864619324,17.869716833169754
581.2659837924548,428.06558409335986,30.78688674612927,17.86706619657652
581.3036378983677,428.90446742444226,30.998941795287855,17.897938560099877
583.0095436677435,429.64149684677614,31.195079990270383,17.936845036972976
582.5398081013203,429.7587082487926,31.19907589289989,17.952269168212286
583.3782923241745,430.1158444392508,31.3427736411536,17.989852220283108
584.2932212529623,430.0042551022593,31.41190820282067,18.06749894188484
585.3927946214486,430.83227604952043,31.552294556439634,18.085108981032725
585.9755779107475,431.39593614258,31.377060700505822,18.058361380973157
585.2765443415855,431.90126095430367,31.22206730721365,18.04284783969825
587.5214439107388,432.0846862538474,31.621332480888285,18.14186011082713
588.6416738663995,432.5711045419468,31.840992532258845,18.136815807196044
588.9957110835606,433.11403444050814,32.16626534696782,18.06284713670606
589.3651569006943,433.73912622209843,32.18535352293827,18.182203907273355
590.1555852389106,433.8177304502905,32.33859468490763,18.329353009377954
591.9846303958111,434.2652648735571,32.55208997863522,18.548339677180458
591.9326085891771,435.1717492791241,32.57557772822473,18.566854110942337
592.531384263535,435.8421937235425,32.65073229209899,18.615472277388214
593.3815900283823,436.75870209180266,33.15002993942149,18.634592391225
593.6215698158968,436.4564485335567,33.34039367667509,18.7232785872495
593.6184671461231,437.21009682706284,33.049291971955086,18.853008071785712
595.2299446201457,437.615042775482,33.2191361629326,18.95601537109532
596.8579281699701,438.2799234315144,33.33590957040958,19.00498352165402
597.0083161950726,438.7997991442411,33.23087870522221,19.031327448373474
597.1496076155247,439.3267506417924,33.14377531692796,19.04207260466864
598.8643839577287,439.5893427440918,33.27896615134936,19.012187173120097
598.8154562179087,440.30350859432735,33.209502929245176,19.096831403816665
601.0967833858306,440.74642410486365,33.502693567919366,19.116765200935617
601.7828515323343,441.39306679453875,33.466167664621295,19.159695556067142
601.6374747400257,442.20369019426045,33.355324017612105,19.140350287843223
602.3599428305985,442.4683495030306,33.128262482653234,19.12503154966322
603.4011305097209,443.43719010886423,32.925045382846555,19.11140090753024
604.2289526714408,443.7203174314162,32.47610484148845,19.147287642736316
605.0868277524648,443.86038651935286,32.07254926524037,19.134173358073518
605.5941545911822,444.46576043441615,31.94693295848733,19.147012325661237
606.1395881241243,444.8883597652851,31.596163951780582,19.049432100736688
607.958270992957,445.319639366966,31.57073573700351,18.855432031381405
607.9648704293205,445.83527505112545,31.497038350995194,18.78428438084729
608.3063665583534,446.9622909925881,31.236467756928867,18.5956674034701
608.9784658822745,446.7012554291524,30.86330733139966,18.40771667689461
610.2993067543965,447.815559221695,30.51254059951523,18.37112712388331
611.3262853541002,447.70518285164815,30.449471995688917,18.38754928553064
612.2785499905516,449.16441667571354,30.22571204708885,18.444894549387204
613.6790978085768,449.7909366837589,30.44965346128562,18.498120960336568
613.0718782723524,448.9069051873311,29.999334209111417,18.415656309034684
614.5523325680815,450.0420347535542,30.35699027104963,18.435805787886135
615.4310451334026,450.8474380867716,30.528943053882614,18.63693979146477
617.4354611221258,450.8692218792867,30.723536007008587,18.581385387338607
617.4508954902446,451.9436969007184,30.885796586743197,18.894817422646067
618.9804639192915,451.7135819417631,31.153303672436106,18.734764571353466
618.7489075303477,452.4486229955546,31.724436562242328,19.070763520365347
619.7396066784279,453.5553095687891,32.06204470910549,19.277765959452424
620.7565130794615,454.1098704732741,32.30115633025626,19.367764791237
622.3447147492379,454.4110419022254,32.464167348842125,19.611861652534607
622.4641553957784,454.402011849395,32.98013286705576,19.730235011896045
623.4308594385518,454.86315468130806,33.80048988771012,19.969287677385218
624.8510245020095,455.8230862798003,34.866010886511845,19.5843922605139
625.1492905767667,456.9230361991855,35.141465185762414,19.866688752767732
625.5034401425833,457.1682116930073,35.55242445790725,20.09323191490436
625.9971072484935,457.47137728993323,35.89656872261119,20.25079277561036
626.9889089513297,457.7303314424723,36.160896082090844,20.412649754593637
628.4413579038293,458.66416138570065,36.12403873876759,20.48509423348568
628.2634165953798,459.19568310656757,36.22055114788006,20.696821766864737
630.0022890253385,459.1194583968587,36.16352996464414,20.902160693546378
629.2303302832471,460.0304156608389,36.003985682583966,21.087326243711054
630.2698790135448,460.5730565166591,36.22076305604935,21.033953521023253
632.2746963144805,460.4140220758189,36.11333177563476,21.044171773612405
632.7604104486923,462.04354629226236,35.92415665338279,20.98706769192178
634.0138126420578,461.728614806586,35.89508969340952,20.8744774457681
634.1256574613515,462.5662286788639,35.81896972609546,20.715594963739715
635.810409220822,463.3884348514697,35.64615056765856,20.70681227245883
636.7516638377948,464.3457646854871,35.5640922547716,20.654994687401356
638.7318153259544,464.6670519861151,35.23098058361309,20.50028806734081
639.0896336472191,465.46991380644255,35.30181512915192,20.484228170658646
639.3471669337928,465.49059269096267,34.95278689037428,20.465469551113785
641.2937348966803,465.93887231548615,35.04599005685364,20.40983617439272
642.065060297857,466.3375248334499,35.00057502949433,20.409056557223586
644.2667803480126,467.3355078413779,34.51550446081451,20.399748876099675
644.2711658195965,467.8132215989558,34.36876359164714,20.373199370263176
645.3444776200294,468.1693863239632,34.19727567479491,20.294452273840307
646.5976586251942,468.7681458651088,33.83787106192606,20.262844270002102
647.169816722861,469.2422850859214,33.7435376527709,20.19841908507931
648.3148419012666,470.59252321586945,33.904513974045116,20.15777291856701
649.1816909876776,470.3748197089492,34.22035679777476,20.174751034549846
649.3652709564179,471.04036019286104,34.42637914512606,20.12130778683417
650.189619628454,471.33872612260916,34.46346554491213,20.154649951538396
651.1297502080073,472.5031087278807,34.482828733492376,20.098346155332493
652.56069557513,473.177801649439,34.98234575605235,20.17613607248505
653.1006075821508,473.545337393139,35.02908982100553,20.267333973283918
653.5431710579877,473.9558449675048,35.11978931157351,20.344707746766872
653.6703944103776,474.0330122469612,35.18848224450211,20.496023988320527
654.3413456239749,475.0104452214216,35.536012199891374,20.484228331872625
655.1687588037709,476.01392910636696,36.099968742063375,20.610394450226487
656.1954591135811,476.90631422585335,36.54339667850349,20.604350073756766
655.9807023156625,476.45834399847007,36.81117642350404,20.675197080361325
656.9333165999975,477.37359691095253,36.97310107024246,20.676970579927882
657.6295789967986,477.95794583331,37.29033932671948,20.760145989988875
657.5819886525887,478.63782627368624,37.66399249829743,20.885865298559864
658.7206268197504,479.45768662340527,37.97378591380621,21.019327468079425
658.824532908466,480.08166741347236,38.122215677826915,21.15459395152859
660.4345764735724,479.32257897911813,37.97838839906989,21.301330648041542
661.2725342522788,480.5632570871936,38.07111836663584,21.374886999029343
662.5648001288652,481.899117473547,38.02883557777268,21.485228756840165
662.7482654401275,482.1301367815133,38.096945041755845,21.526050269787145
662.883426781239,482.3580536577409,38.17894687511388,21.581022958638904
664.8311995102345,482.6265167427394,38.207700657235286,21.612725040194537
665.1807367804821,483.8969344798308,38.37683237932855,21.6173130737021
665.6636102964314,484.8430252755318,38.56790051867176,21.57473275106855
667.1677533007945,485.08760101913384,38.74063310087254,21.59210272725847
666.8644229607803,485.41103762124834,38.83171449766361,21.60024427637123
668.0519079192998,486.4525736086711,38.717642693875476,21.495448554272222
669.3717603828658,487.2659199209512,38.888732358647005,21.47722589278574
670.5445667310618,488.39296887331653,39.175877802819116,21.543397095873733
671.0268455549776,488.52693518485756,39.2396066120491,21.65487351777263
671.51086838744,488.6470527312183,39.31923846406159,21.75141965860035
672.3563529089753,489.1587867975363,39.30845855368155,21.92079698971701
672.9752008524206,490.36169600114675,39.4107144204073,21.988666231269345
673.7715270467224,491.34961803985783,39.60864826494254,21.935946705620253
675.5404574453602,491.6156398555224,40.06872204751631,21.95605856898117
675.2001486584388,491.3941152535977,40.12775651722539,22.01633422446583
676.6496087276943,492.34920501369686,40.11097033943834,22.02649548071102
677.0342557447823,493.4715020893298,40.215276370970415,22.0423245128862
678.6291439592078,494.41168858459264,40.427165152843386,22.07220015955996
679.8497927620563,494.4834186213836,40.31618003760973,22.068789796847923
679.7529727778692,494.04138657504717,40.232549063057476,22.153309257085844
680.3314191192279,495.1853876290068,40.37749179808743,22.338983830685123
681.9296832283928,495.72164178057193,40.44649249707025,22.332534044057336
682.2693614786499,496.7248604374097,40.52063925955272,22.480807023197926
683.712744526461,497.3463612429296,40.788182198277966,22.5069097736922
683.7366468018089,497.6361447925535,40.75084388606616,22.530930063436717
684.5157488867775,498.62170407669015,40.89099753663977,22.663859270431985
687.0245396882457,499.20542763617004,41.27672623262312,22.89520751775943
687.6805340585264,499.9337243758729,41.35597987697231,22.775944379692845
688.6120644488898,501.0438549750739,41.53713406015839,22.779664323334988
688.3263102167372,500.95938228049334,41.659015929681836,22.761974888816084
689.1870233292705,501.62526649396017,41.92213946543362,22.877097769713234
690.9765546515449,502.20752206845657,42.05307876638048,22.68984887925011
691.9816764175956,502.8959159410657,42.10472082960074,22.968407050779923
693.0550375261853,504.06181532511147,42.02491197873898,23.04029909766027
693.6220779059996,503.1616380648397,42.028240310106106,23.08641346298379
694.226602731534,504.6223380490079,42.01145640801509,23.185677709735238
695.2445267027291,504.86020506525205,42.130223629427974,23.197085554659843
696.2230454555978,505.6540845960287,42.06106323035714,23.199738275371196
697.9339016869861,506.01913034532924,41.96731268927246,23.125166321848383
698.4537425173911,506.5668115523282,42.016271956730904,23.075179612615823
699.0155234550639,507.2342659755301,42.0330566084848,23.075938972426925
699.900928946985,508.2494946959368,42.05222925482309,23.121864407055984
702.4997346330367,508.84633106930005,42.0621965417773,23.165089486524295
703.1189763866176,509.49667494805743,42.17500636003966,23.23004666080273
703.1202979439938,509.3617421516211,42.10076694319512,23.267224258837622
704.682805765741,510.74235979639207,42.18397774203781,23.30084551760497
705.9674553081221,511.0202339807043,42.47434953473225,23.405724275674267
706.966046454589,511.61312471618356,42.535374515281795,23.473107096097603
707.6704220245056,512.567027759624,42.53457437280124,23.557208248176938
708.6320764466883,512.8314537921447,42.469705450768515,23.6391003018262
709.7673731649274,513.5370832051719,42.50603659581785,23.647949913309688
709.8846093761088,514.3248871572032,42.65044857835301,23.69656488388867
711.8070267588786,514.862121321181,42.966842946419334,23.752694862588918
713.9838859374028,515.8231853631036,43.37254212324552,23.804291382396737
713.6621870783011,516.4995988716478,43.47527057903959,23.9676700337577
714.9647159272415,517.5324474907983,43.4789205475559,23.998947168320406
715.6451768950153,517.7689998963194,43.514882695756185,24.04768048584487
717.1800696011131,518.4309499623879,43.9720626632755,24.038924296541
717.6890825945966,519.6111864217303,43.97434374036487,24.016488391863827
718.3513127259795,519.8484164235614,44.03771945706077,24.06819178742105
719.652360096663,520.9088332250305,44.21967231930111,24.218739562656605
720.3299727937587,521.2437118542985,44.2786064614713,24.15850613691867
722.4227372767704,522.1563149415903,44.564798667780764,24.125851956658842
723.7873044903032,523.0554142502979,44.754712073204004,24.088944247103314
723.5537458485342,523.3223678021164,44.9475573619129,24.195182624099054
723.942791659133,524.276473322245,45.0239221058236,24.366911902903126
726.0985669025184,525.3455093001551,45.311569960422574,24.38686831126451
727.7094010520706,526.2035778747367,45.34081838075483,24.44331166651883
727.5634016387321,526.2445171610054,45.251737801885625,24.556222220496732
728.1898481142796,526.9763424845869,45.27793752027766,24.556118445472848
730.775729019673,527.605672326291,45.27139930797113,24.487949246302133
731.1673649760058,528.969864724584,45.29374115148519,24.61612539522712
733.7050086776343,528.9779679744453,45.458913190366886,24.631298308364087
733.4206833902457,529.8026427165115,45.62305556187606,24.82820269614953
734.844695665577,530.7542789021319,45.79901162873679,24.866152873393446
736.5222222282138,531.3980744036953,45.86993001148919,24.842299787213097
737.3385574377644,533.2960181026586,46.38066383776465,24.551974933155364
738.42566020321,533.9783272932129,46.19581720885098,24.695606311720866
738.8151620589708,533.7911823987115,46.09199393250991,24.83809360739002
740.2087815751244,534.60581542376,46.129821228251636,24.882190766063747
740.991606717046,535.8463242281427,46.3116855499304,24.922888321482716
741.8077689808146,536.82545431196,46.5234099992915,24.985330515908842
743.4672592861918,537.5894531598269,46.478401899828356,24.926436275718526
744.253235281163,537.4494870250842,46.31276988573911,24.95312560549327
745.0309914486036,538.6383808111066,46.64428040375553,25.04343142868172
746.2798912063671,539.4795350038801,46.57324013124004,25.06159527881435
748.0470879825862,540.0512455163517,46.82126482983956,25.072530733515826
749.5392463736889,540.945611396942,47.135594259258035,25.159338990416902
749.1893459443478,541.2070418213506,47.29887338513325,25.277278379255357
751.5831439875124,543.0416952800801,47.61037264334756,25.13516548492867
752.167360285082,544.2068674284311,47.75947532938939,24.943356210962364
753.0398613641931,544.9337585578734,47.87860569470395,24.69833778989201
755.495178741236,544.7238515570625,47.92380723669973,24.667749621094032
754.4264665451273,545.0908906051537,48.042708889506876,24.563435724168627
756.1046004313013,546.0937073428269,48.074201517930994,24.47238855444066
757.5412482244176,547.5953344865411,48.23138107131619,24.515172656218144
760.1050610594583,548.8859588783362,48.86033575401812,24.447056683220673
760.0996093073668,550.3849869226818,48.86361867770675,24.47598266354469
760.457495837145,550.0091556856347,48.65108769359352,24.47483924898623
762.0448961818008,550.7764050797368,48.66673695736115,24.34232825184329
764.9991257300759,551.798602257508,49.19270321481485,24.262418707130106
765.4378454480174,553.618358864263,49.07479497886392,24.20532918060135
766.8556903159663,553.7481057899647,49.06986238407953,24.152398652934107
767.2282540391071,554.0205392800658,48.912707101951895,24.16043568255111
768.7415191529462,555.3199115336229,48.724354316824275,24.03539312932471
769.8751943808845,556.1387130431116,48.709881096360306,24.070303952930168
771.6201476904042,556.6286813388784,48.7516948771775,24.019657715648208
774.6152968479447,557.995316575748,48.852410470482795,24.03388909203732
773.5875684016228,557.6312160715852,48.51647537055765,24.021173609808088
776.0790832211309,558.8021261511547,48.57212103976896,24.087528919114103
776.8754430850599,560.0122915161179,48.668839178121765,24.1721267780546
778.6030704230571,560.0055917101722,48.62413318910861,24.14296446399834
781.2943027496634,561.0669559932626,48.88416273755626,24.261181475439198
780.1411381640461,562.1846380766447,48.867922538521015,24.123022947560457
782.1212149341262,563.1238762592051,49.099391732430576,24.173492839077248
783.6819507309764,563.8726257051321,49.11970337618749,24.077133921817214
786.1656916935948,564.4072728651321,49.2562091447374,24.112011831584205
787.4166552687802,565.9476044233326,49.654012438320905,24.17957068478759
787.3688252221406,565.5371147322496,49.630618623907765,24.29282782030673
789.3501801497142,565.8649811401655,50.15693340789006,24.562851339733562
789.9120672718374,567.4294741654927,50.26197400396063,24.531486968385043
792.2318704249274,568.2194036205622,50.239619570797096,24.46923193245263
793.2167638948702,569.4468696223822,50.45115854338693,24.48102551665747
793.9438168205977,569.3357161210423,50.33531048154364,24.49281551520491
795.479740849447,569.8143867607071,50.46430313543868,24.624858314854926
796.7890202018361,571.132837693284,50.48060351574358,24.699489996148806
799.2384757342085,572.7659482610434,50.46420454358926,24.786044434360473
800.8621984098938,572.8856419425856,50.134723650684066,24.761422590179688
800.7113010724448,573.823946960266,49.968142136111716,24.817858776552125
802.6964432370042,574.4839900938774,50.02504658491639,24.798343950979557
804.2578807072047,575.064560420667,50.341162952727906,24.639567694449337
806.7067348353388,576.466192936913,50.74535985164161,24.705819988312403
807.2709654308023,577.4911716292097,50.54880321508154,24.68008020930986
807.0538155995773,576.8734310222351,50.46105798045204,24.578174219088908
810.7552137670345,577.8437379517559,50.89216209719788,24.560674063774897
811.2389359397068,578.6615241368532,51.15803476940853,24.710052665183678
814.4271158995192,579.7481062525409,51.718309390341624,24.85235531460681
815.7092223727984,580.6559002016678,51.93723924888263,24.88169651543576
815.2409340724662,581.4135638012579,52.09506370139567,24.921257922327122
819.0323933260852,581.3351694998852,52.629119071110736,25.082834846049813
819.7650471524234,582.3122646915134,52.93082616033196,25.321652885644934
820.568518766457,583.9538547486607,53.256622786123756,25.346612810794266
823.6853119636901,583.9016053457536,53.39244976751203,25.51970830005094
822.8327920521969,584.8203387897064,53.48538481697716,25.575549097997502
824.7842442915671,585.4067569453119,53.67525949778246,25.607745731465712
827.1503685009819,585.6696893196438,53.92247942459484,25.623006339953093
828.6375565594558,587.7604304189188,54.22873508827153,25.68839847383097
830.9324525128897,588.4210828638172,54.06823061502821,25.76331081101621
831.5920718672589,588.2112691539348,54.19038599694207,25.674886000899704
833.8237266822468,588.6319556467424,54.02986557823948,25.60604917384621
834.7158798973346,590.4640942165541,54.260512046089424,25.809145023877466
837.9246481184778,590.9449188934468,54.16976784394587,25.857104177248413
838.3930483295816,592.3560391286613,54.247380182472895,25.91407799362349
839.5942548918154,591.5916335744307,54.181243112387676,25.866112478358914
840.9445358612102,592.9028828957414,54.25833415249498,26.014219876692103
842.3029367093346,593.38695146866,54.18655008014751,25.85359733876129
844.4229137018626,593.7972546638786,54.26392311764391,25.808548168306338
846.3812421619975,594.9632573605099,54.555413723161514,25.93623310745626
846.2619243373235,595.1601376963278,54.58015411122192,25.846916123021206
848.0883384475043,596.0989231520767,54.596570418677274,25.991193413274928
851.6963183269671,596.7884136665448,54.77690048519101,26.266245091553195
851.9679462592768,597.918128604786,54.86165686050465,26.37734105201519
854.8035196851417,597.9021177940467,54.769802306137905,26.4088150051211
854.692484738996,598.4191552821974,54.45673692926458,26.203448796710852
856.577998438253,598.5556498533134,54.35682850543612,26.260735517887802
857.3882817786679,599.5200673787369,54.20957408332675,26.354597438933908
860.5971078260609,600.229689037121,54.025661841446066,26.347480544094186
861.2963336983652,601.7945758742665,54.04667981100218,26.324698160849383
862.380628771654,601.5945025535979,53.943928955043496,26.218511987493198
863.8448457164491,602.6501401550752,53.97455597281707,26.278260153373957
866.1829051713403,603.0925842900986,54.08268732243405,26.314035478526783
868.3568031373402,604.4062660597843,53.91032073461146,26.22332283522777
869.823694358137,605.6342489542145,54.12276016916232,26.249586755992492
870.0773661699353,605.5708677733473,54.159589786227414,26.247786488504072
871.9566416329671,606.101352838081,54.04333159812455,26.21663358258568
873.5238336604982,607.2248964532643,54.12776859179887,26.24768951971488
874.9581363409752,607.9283953534908,54.091846317240126,26.263978395668566
877.7794691027061,608.1357154310585,54.29338951112448,26.446464009194603
877.9884117300602,608.576926092652,54.44295764081578,26.543928442977165
879.2821939222339,609.6930286698355,54.66879543237176,26.590962466314153
880.8256479919582,609.7313150567536,54.57295088774106,26.468240021400167
882.8571062836064,611.1388819989352,54.82316468316807,26.621170206784996
884.9635297344653,611.739098161966,55.11507566261481,26.732311386124866
885.2267610405067,611.2050059541241,55.20185198123407,26.646970926167835
886.8357517486506,611.8732561958708,55.545909224995725,26.845823745629907
887.6495638818748,612.8484252253488,56.38871485585593,26.937695788755228
889.9407656154666,613.4859904046776,56.497577448547716,26.72174855082523
892.8628331647938,614.1121039428092,56.82734867618737,26.5839288947205
893.1261404909671,615.1076323036356,56.82449970701461,26.569023997065294
894.835134809802,615.7346247374908,56.57157492737727,26.52817365656124
898.1065586577633,616.0582759853194,56.41138189835502,26.335643961111234
899.1027287578535,616.918461103815,56.512923305230416,26.582876692335827
902.3685488207806,617.7190256788564,56.9092602644899,26.82279983603045
902.2375069331405,617.1062875600315,57.03544643315885,26.93638778422852
903.8256671336201,618.2339222957002,57.105871380176374,27.091131988581033
907.0813473196188,619.3430882595046,57.53058621875019,27.328499743207807
908.2959543436151,620.1590262963589,57.40841524631893,27.37627600275887
910.9806303443975,621.0855808839113,57.216541558200426,27.455352596735032
910.9798724145695,621.7394728919087,57.166255371259346,27.425835725897265
913.162736334677,621.4388755181026,57.381177383797066,27.536195998945846
915.0263284740068,622.3358919533204,57.387750839435896,27.56581265415272
917.2334944173978,623.0610642398858,57.57752442521891,27.65640669682081
918.5367028731974,624.2216335428637,57.80162623615367,27.939053367277847
919.2362847494985,624.3301620252513,57.94308078398949,28.159761821985967
921.0627943708213,624.5173146686457,58.25264389112111,28.310774800158555
923.3621347280728,624.3418974582657,58.51006850422444,28.25252424519892
924.4763896025081,626.3686721890411,58.888087991193416,28.47672098420948
928.5667364894286,625.9542244773819,59.31369838605369,28.663984506263784
926.6511834467333,626.2662037619197,59.09936808915063,28.567628609765222
930.9568170671507,626.7108080256148,59.3093984938847,28.70434178475989
930.5415598529187,626.8847475099061,59.64176391478975,28.874488810478116
934.8483457053464,628.5642876929875,59.819554972385575,29.009293723017105
936.0806647174547,627.9102983684788,59.94534649261781,28.99088139036024
934.9018904681628,628.4750031169085,59.86179653958713,29.020005466651646
939.6408364546884,630.0120750231988,60.21423922992731,28.97593529680162
941.4116300804609,629.9250621346885,60.47541162575156,28.752164711184037
944.6999271911487,630.5969326222397,60.36982856618014,28.78513272045654
947.7130076223149,632.3254840900298,60.25831528304094,28.80309740038521
946.87729115314,632.1408973991703,59.916246100418846,28.654412396064625
949.2081653670664,632.9364210752426,59.995049144276464,28.66921681336715
952.8505156420671,633.5253705720503,60.03206824072898,28.672442149318833
955.647477268375,633.7824952597559,60.05034143357808,28.598337282984705
957.5016432879105,635.3320011218804,59.95576962743263,28.587023064686765
958.6748362848382,635.0867674054904,59.727024605714725,28.423504222270523
961.3025836642361,635.5003499673378,59.54080045772816,28.352618865135366
963.6056379697991,636.051456876121,59.42780250334049,28.379762743148436
966.7062366684116,637.0853554457684,59.44858853888505,28.58189334395061
969.2811762878728,637.0256973354886,59.002084162633835,28.48824188560565
968.5965479978926,637.9428644844837,58.606489649302006,28.487366964904304
971.6908746532031,637.2696948956484,58.80269494692671,28.48379826751396
973.9315714205203,638.8623202445192,59.09016413659655,28.726768080255162
978.2798409388333,639.4329867385236,59.47990592272434,28.954449713027344
979.3656161852878,639.9347184587746,59.85700474088113,29.11358321351971
979.219654967237,640.2077073949556,59.86311029890218,29.167342031678807
982.1797776420434,640.5991359986928,59.95237880426991,29.28144472506048
985.6581427628395,641.2638195037335,59.70724314428184,29.372306673108785
988.2194484560217,642.4993647674296,59.783605890455156,29.42307006951432
991.0727236442458,642.6227649108628,59.97368341699165,29.41845162020673
990.9800162560095,643.2069679214964,59.80997599702831,29.35301643748639
993.6112221572796,643.2191151875012,59.79330889968833,29.210601279861415
995.5287713413929,643.9408592941844,60.203514162290475,29.4422615535861
998.6795820880947,644.2742616076716,60.537112719698726,29.46163108089325
1001.995163380251,644.8074163666485,61.18830592075602,29.407394364529694
1001.1532840125673,645.5871906200919,61.0834507406801,29.380433981917925
1004.0332083058385,646.2768248978841,61.607259228112234,29.41402522381125
1007.5900045661944,646.948887969888,62.142271100405964,29.540064213279752
1010.6652052271943,647.6448165027582,62.3784292647952,29.422622521341573
1013.3329201195307,648.0644325988122,62.51273224150522,29.257043454996342
1012.7875723140589,648.4618756943872,62.33333333855582,29.310008361430175
1016.7831144733598,648.4185014745017,62.494534595820866,29.127297195984248
1018.8333169547044,650.3412431137948,62.654262899580615,29.262833414315658
1021.868661671809,650.7739957740683,62.83375418665419,29.266430750609864
1025.4027356427462,651.1291378509499,63.05195458767554,29.404370342669885
1026.067618554131,650.6009139522517,62.86279183039626,29.38086435035509
1028.7017939246878,651.8253183885587,63.192494544635615,29.30383968794636
1031.066636871315,652.547219696735,63.426303429060496,29.296317918189175
1034.8775634566446,652.6431432413876,63.801388963846016,29.147486528717828
1037.1673950724928,653.6656593081991,64.06115654117029,29.214177818099017
1036.7913846901483,654.2580206537336,63.73504014651191,29.166820706635093
1040.4066926365495,654.8438171077332,64.00401369691667,29.277993544752434
1042.730250125642,655.2965703297951,64.08758681382433,29.4962804641998
1044.9151902817264,654.9726036808202,64.89028340595219,29.663336332902865
1046.9847601174522,656.6455480507706,65.39216593985327,30.015442778854197
1047.7430174546055,656.2401425523103,65.39145257608612,30.053879324614208
1052.8477997998664,656.4645269622357,65.78132941388476,30.045171805756294
1054.2132699306928,657.8881127818606,65.64964685982764,30.15572712192029
1057.644271350061,657.376439491884,65.75173627572997,30.159225951209898
1059.9603326989652,659.4330800661456,65.75653975208536,30.384582631513467
1060.8694922201648,658.3868971308705,65.82411488902996,30.21605849504477
1062.5961635382298,659.5286587249288,65.82680476747223,30.36688651275391
1067.2699479178955,659.5102459413766,66.67956006667359,30.564425648188063
1069.1261450221386,660.504649016561,66.51323810283152,30.725785055680674
1072.6076956360484,660.8378896066704,66.6918357122922,31.0038104014553
1071.6233366485953,660.8327952247913,66.13759850798395,31.087107935166657
1077.0803036465948,661.1513114700259,66.58346294338168,31.150055465220582
1079.303634256889,661.8017859703453,66.42471123054497,31.0623687841464
1080.9018977097564,662.8593909646085,66.08899984986455,30.938176256443278
1086.0067508314755,662.8694358257956,66.27780263200015,30.615609591529743
1084.9489899716023,663.6337308594398,65.49661920114247,30.630619487429634
1089.8106442215305,664.2295815822372,65.72189907256288,30.550398039469677
1092.1523628523319,664.262510198891,65.85198081196715,30.64807023202131
1094.4956064993855,665.0371709034117,66.51115420435262,30.92822851734654
1098.2876296958475,665.369870592153,66.47051811263734,30.97750772539319
1097.085621972878,665.0980890584071,66.02787866660871,31.00161667129533
1101.0582573441905,666.6096549334936,65.80540293359688,30.847173027659206
1104.962793218684,666.7516962883927,65.55548807929316,30.949069642440264
1106.9535696237222,667.6558471150448,65.19626259694562,30.95212191102639
1111.7781779556606,667.6670797503758,65.76838229781472,31.195847824885153
1110.6596995360214,667.4062110795704,65.99585270024896,31.375481923621656
1113.5519496811098,668.8011099843524,66.07212883448013,31.57028775747524
1116.9972367045073,668.7421773938859,66.44072388940049,31.847272559327358
1120.9430771331868,668.911116446586,66.59884771954125,32.06935297147864
1124.030277363648,670.52150757081,66.66175814500183,32.03148974845183
1123.9471770928808,670.0723618764425,66.60334527332189,31.936706183630683
1127.3813397862477,671.2986389203334,66.59137984523672,31.919438140923397
1131.0067431852267,672.3868349212589,66.80546305048291,31.932755564044726
1134.0666425870384,672.2387788942837,67.0679631932405,31.950738040358505
1137.5838300981525,672.7231322387383,67.45543551445694,32.15153468263366
1136.9389793102043,673.162918272183,67.27267026391414,32.201745244757284
1140.3847451906208,674.4363455963193,67.41500967693993,32.25681620798072
1144.317612556391,674.6480986814581,67.46794893755688,32.04288113102389
1147.975742019906,675.0151549289671,68.14261627624329,32.23153353335249
1151.7519950312126,675.942106549124,68.4012708180528,32.10428529944728
1151.3029041159355,675.9724929825321,68.25503669783151,32.25890444105504
1155.0300668878433,676.6433663350056,68.57164811995838,32.05249282388428
1157.6658779359582,677.9372140993954,68.85529240403883,32.17856220103411
1162.9717017277178,678.7000922797656,69.3013259041986,32.14751366309346
1164.9510779150937,678.8125588017228,69.67816627618134,32.251106788240605
1165.5465422953653,679.4501828789946,69.80013245601472,32.3160157849192
1170.4306863195422,678.9605047629474,70.414000779731,31.67574728308876
1172.2302284746265,679.7919746046971,70.53756079863356,31.94540058760372
1177.2387740000386,681.1721680538361,71.20133885028747,31.81335178785165
1179.3233016481404,682.3669747910124,70.72827411652247,32.01883561688953
1179.9238724370398,681.7270903851316,70.4222659744502,32.11923831689559
1183.214681604223,683.1118995670586,70.31972307190746,31.93107256115028
1187.7695504684089,683.2747651462818,70.85480841787633,31.44228777092144
1191.0486939390196,684.6959415179224,70.88948898687843,31.655656787436342
1191.741431314962,683.5486924616029,70.6623359732367,31.854650854588964
1194.1576887563433,685.4921055972538,70.95715759254908,32.156529550785734
1199.3983520680345,685.1415379752988,71.41482633049486,32.01541313625626
1202.7778012626309,686.040355618402,71.65693025300901,32.08836972894076
1206.4882216262183,686.0521737632971,71.56747418464744,31.974311151567303
1207.5073842692527,686.023866475341,70.6371687273748,32.023246792640684
1208.8951768042677,686.5954988750937,70.29366273411172,32.02298700660144
1212.797139305711,687.4895915741207,69.48932955861808,31.456942993625685
1215.434673438003,688.0149794069702,67.81272363724962,31.222398936317706
1217.179232569127,688.5005231463787,65.75264485330395,31.02019254003548
