747.5,457.5,11.0,37.0
748.0840199165694,457.2714893408057,11.580533231665186,36.660846479249585
748.6485703075596,457.4284153933393,11.901628835068562,36.598692957546895
749.1192395720354,457.74554534244265,12.18945276072199,36.62275861228052
748.7601170094794,457.7249798740709,12.326073139511395,36.19322516704314
747.9372750930464,458.3148384662975,12.38896814734214,35.810974916317306
745.8895119309956,458.44140540327993,12.79589607704989,35.497404108119625
743.8192128631425,458.6112190228564,12.930562358508066,35.32515882614002
741.4673198092181,458.9574473009312,13.074852063616405,35.15821562095407
738.5109492030008,459.97019488936104,13.254792315510226,35.03609702337902
733.2047468763567,460.1913059039139,13.342587403063645,35.26652497386482
728.0881979298891,460.5421913154818,13.472974572121752,35.59054460368617
723.3285460455978,460.457509131672,13.476309064276261,35.719969429936015
718.4784028235113,461.15840891608184,13.507404147975633,35.73465242890347
712.8228868124877,461.22707853853467,13.685628438394318,35.89207132503863
704.7200367214741,462.6916331671769,13.902014541136825,35.82152763667809
699.4748345803412,462.92936171720993,14.061642608803044,36.106622466085895
693.2582179192786,462.6674695186473,14.430796646260234,35.923171467302794
688.2193653050058,462.71498270619,14.416513311268226,35.868211565403406
682.4834747205308,462.5271210317407,14.370747826470705,35.7897524384968
674.0604555186773,463.75541293476425,14.366398656935559,35.867508060397654
668.5903561779417,463.3496623614019,14.604364977566906,36.17184705340146
662.9332403222475,463.7317954678076,14.75979942485625,36.32492529154069
657.7573261347126,463.79408284921897,14.75873301690594,36.17389093911741
652.5205035343454,464.344374309133,14.68168470567755,36.3240150495857
646.4762899671238,464.6459219093167,14.591247361055725,36.38569325381651
640.7173872670388,465.1960611150389,14.562819584040707,36.318377641444336
637.3982709858766,466.0858495245389,14.752927737643132,35.70222245330379
631.8156096099605,466.680567568402,14.854888367893494,35.65626797778302
626.2440896977948,466.3668250209899,14.992837478723697,35.5867333763716
620.8063269872548,466.31970087584375,15.23784494020893,35.48325693688757
615.9676001998223,466.84599037737513,15.164886527769255,35.251003964079175
612.7758861862038,467.7125206900297,15.706541045027153,35.29117448748984
607.621918372649,468.455915145875,15.635599032366137,35.318291220215954
604.7016373896776,468.26374814388214,15.99498700615219,35.042289087383814
598.8576818532201,468.6131511849475,16.18420079818307,34.95152762958164
596.2329494585161,468.47412655447874,16.283306910680697,35.045670737674726
593.2494871233376,470.4049760822852,16.2300256064588,34.990502634515465
590.2334487018838,471.0441599664533,16.34921153826414,34.96535137122983
587.6333960357707,471.3866305562978,16.425632941047144,34.92406990242497
585.3170142901677,471.9116248606518,16.405660722109083,34.92572037376464
583.2687567951641,472.18208261398047,16.344838523395477,34.77379330237565
581.4438127054041,472.9502546970874,16.029133603321444,35.044979896926826
580.9876949990522,473.5400110323892,15.78971477255596,35.186104094800115
579.7059948667832,473.07621255405553,15.726002648483265,35.4112196028171
578.9337420758397,472.9104462041727,15.590417445343604,35.476774174864914
578.8560605767129,472.6489109118622,15.517907922911984,35.77536556103007
580.0218563983839,473.2617985596274,15.265282420317062,36.21417287563
580.9770725898409,473.0845005131017,15.31804607660295,36.406719496349346
581.8998120529052,472.95128520994393,15.336221525550583,36.621264047046374
583.5486999509305,474.38929324942023,15.15340639997109,36.913391240493624
585.6058650170005,474.18113278790156,15.125443874947955,36.91968260320346
587.9122179724359,474.7160736907618,15.166980002803916,37.01613268472815
590.8093493929632,475.7880383335843,15.001698275183008,37.20790462627123
593.2877406634664,476.20107903906637,15.317737160568473,37.02989408713714
596.2713075244621,476.6541770332299,15.41098818894302,37.06802479759002
599.0918539554619,476.2909851860146,15.603578817696572,37.21453433411513
601.3079528379558,476.17546512864686,15.751924093938289,37.170964465883266
604.2005468593145,476.60387553611736,15.786360952038756,37.38878928940808
606.5477294868432,476.5886346188197,15.787511806447732,37.73944683134373
609.6013017028256,477.28984275662094,15.803768539491621,37.79633989526454
612.7864227316579,477.64910467455957,15.795694793899647,37.990813185966516
615.7077557023231,476.99410624490815,15.74804704867523,38.10148722555954
618.3629943215641,477.81033311685155,15.793573571484828,38.23891926009992
621.4281277449103,477.8212387261793,15.924902450805622,37.883697718778336
624.3030489145046,478.35443328033256,15.922135669325634,37.72989887574574
627.3237268673862,479.4892929549087,16.047349950177534,37.56177254417159
630.2090272155467,479.8047347985088,16.051405549632864,37.599535609805855
633.1960054377239,480.2780220357933,16.19448258687635,37.58089560302928
636.3627035508008,480.99568926676176,16.207964412480408,37.43184165390208
639.6134080419612,481.3204486439121,16.281251970992045,37.68252809455152
642.6802342799928,482.1810200027688,16.420738018030665,37.956964738753776
645.4901575519681,482.33516010143086,16.51901204903134,38.2099902431622
647.9295999485973,482.7840632429725,16.58671291098527,38.27118675291424
650.6108340117688,483.51560360683527,16.659103106785818,38.20367582651923
653.9425110154789,484.70165992681626,16.895217998138826,38.29626388540981
656.7077106355059,485.10743477006474,16.992363637998164,38.87014644225995
659.3387286138558,485.15095572713255,17.223505572075926,39.222548563416034
661.7382878848844,485.07686727412056,17.435372404469543,39.81628208026271
664.2453578946107,485.6945063611853,17.455480737067653,40.079190971257674
666.4989280003205,486.0079175666713,17.662476649305205,40.20051443860063
667.698485406049,485.83681139765105,17.87033667801228,40.03333374027566
667.3356926104486,486.90020750965385,18.036319412577114,39.781104375805235
665.4526816486994,487.58469890542824,18.513745898072145,39.71550886853539
663.1548458195887,488.0983746726026,18.509882567890077,39.56838752255644
659.6851515605038,488.013154987027,18.88556421121246,39.28029923929814
654.7357331397535,487.85555059903635,19.215270155191064,38.9987879158303
649.7102674318377,489.0073625745957,19.339272097145844,38.81626629778056
644.2513186568152,489.3860237851128,19.600666923496934,38.53206879806811
638.1251816209359,490.6527214241525,19.94809098915187,38.259469828506255
630.8208719088759,492.8859379476548,20.27009885626504,38.045659385871815
624.8739410120762,493.01675594850735,20.417517855064727,37.88746174664578
617.4835181296781,493.9843883880027,21.277094203051703,37.23881796140513
610.3014627500801,493.61829194996113,22.13349164437671,36.405613455705776
603.3638555930761,494.3574933599793,22.515839442271435,36.07698733282826
592.8347574659552,494.78972854351275,22.780105642802205,35.839594664468876
585.6880854569855,496.3759664157924,22.840329696142085,35.72741640907584
578.5609000274634,497.216338893766,23.022653321604736,36.00331062377525
570.9867229022198,498.4537316126806,23.55952972022442,35.760942530993134
563.2333201566308,499.689829190073,24.055019865638005,35.496674126391426
553.3183766221415,499.3878890669249,23.98016374003658,35.774953987021746
546.8739185810402,500.1993066258673,23.872185939487828,36.10594028980658
540.3094058995923,501.87637452447314,23.838376181228767,36.294846913935736
534.5292465186591,501.8151594593629,23.7694587217818,36.47295429045853
528.6822112703669,502.98539202453736,23.82884560935729,36.667290881682575
521.6283028572652,504.3531666050856,23.697808027296453,36.76629400864151
516.2024481124403,505.7496367580394,23.92514980301818,36.85799272746844
512.6423793865174,507.09743065924573,23.76064217429755,36.94450989408044
507.18881873359356,507.72871601126,23.805555113751257,37.513446634433556
503.995103489053,508.9307761783471,23.735428878284015,37.5452207895477
498.4040117658005,510.0204343097688,24.064633618429177,37.6386739778457
495.6776930575573,510.9890528051768,24.302559845645522,37.731594553100194
492.1605611291403,512.9357455487849,24.467333079005314,37.77112403818924
488.8848121769399,513.5641519949143,24.600203244453652,38.057785939364635
485.97140316799715,513.4115661364625,24.778035876444225,38.50784230220701
481.79079342097,515.431540284976,25.33505758226015,38.856876778007326
478.60559154574366,515.6381900075627,25.48660213700356,39.4477062657867
475.49927533514244,515.7288044687556,25.927878929238613,40.37826442416575
472.06258167073906,516.268232548349,26.459941928669224,40.30154831014481
468.683966996025,516.675063952685,26.794918623068032,40.43615844496955
464.925606249557,517.4559763264529,27.036736818579705,40.78982372867637
458.76027909870714,517.7044182631885,27.43216181882677,41.15851200972706
456.1640883932189,518.4566516843789,27.56713537381576,41.46587258853452
452.41541187592856,519.6751199702254,27.498403546641082,41.624387133403424
448.2247828943685,520.7496246460425,27.775343844661002,41.571741326233166
441.47536669481985,520.7127294430553,27.62026465318221,41.76124576813598
438.14973800910997,521.1023799240188,27.236249903172503,41.79072541677042
433.53678243662216,521.8468746231257,26.883872969840027,41.501843354600894
429.84675625840805,522.6675999544844,26.568748248021205,41.42484319427901
423.36121188693676,523.0772149158206,26.10903941405941,41.69195214928456
419.64117154819843,524.5691422604547,25.77814927015555,42.008394005045254
415.3723118875583,525.1255106064548,25.62066099561061,41.77224911468828
411.38903261289596,525.6771895053591,25.544451066541658,42.070399648178366
405.5096760872539,526.0356480304765,25.349296205533292,42.53455769407405
401.9694458122324,526.3311408893923,25.254274482474592,42.94300352674531
395.50675361242264,527.7770098405655,25.215124122572533,43.5624610456178
391.8860955616029,528.2897587036939,25.16385818914734,43.86152706104487
389.666748480348,529.4266390880823,25.513800558749434,44.268293979340754
386.2068115177682,529.8869687510132,25.800111442222054,44.54373679581294
383.3058431472666,530.6966955716609,26.249217773221524,45.00688207915448
380.5122180970362,531.810732027352,26.70828975402289,45.645844556718885
378.6508970535545,532.4057979532354,27.33067682847407,46.40307024031427
376.92480810423666,532.3248031378897,27.91908185799968,46.66500366531558
375.2914169167402,533.4670965845156,28.41323735616146,47.16607680052163
374.9288094171617,534.8849294853346,28.68938649123247,47.860410255017456
374.1156295323077,536.5470201083949,28.99707729941542,48.49045001910499
374.6078729603771,537.4531157485767,29.108612333916923,48.72745760463202
374.8516825297585,538.4684807394725,29.39935970125387,48.69513653645286
375.64549000548124,539.588769687974,29.646285116934827,48.98446968070954
377.78161791147414,539.3109083379919,29.876672890154065,49.35957172525629
381.1867417346206,541.1402844670307,29.881920734888904,49.866294835678424
383.7093111769593,540.456774446829,29.742770066611705,49.78172052335985
385.54856127189277,541.0114794792129,30.113430357244013,49.961750732830566
388.9739367863088,542.6782473637188,30.08614515253923,50.020678647900795
392.5220465478565,541.5779215106844,29.861550099200787,50.495577642673446
397.52019781080077,541.6809881373631,29.571985091622828,50.39977840569862
401.98929321412055,540.5682866035211,29.398164249582933,50.51500753272414
405.6217884248078,540.6049686091498,29.20744884499308,50.72856690017275
409.6063779135098,540.0332225309909,29.161443295170884,51.13017673227182
412.39764976343156,539.9314241504309,29.23440143782617,51.170476212722555
417.00462999945995,539.3522237728898,29.095106035349406,51.18530392207405
421.1400485548767,540.2467276498467,28.90674744777027,50.79153337557309
424.08907900761636,539.9404413617568,28.879759788293242,50.770313491788045
427.14640605408175,539.7268814867185,28.899121732349695,50.68739206459189
430.48987893003954,539.2296288870349,28.88062824331262,50.503083210423725
434.95913989406546,539.8354892789409,28.541618415480485,49.98298504147211
436.74778838682136,540.5395364337082,28.39108448767743,49.49270951665127
439.9867578256871,540.5021631531797,28.507697650046012,49.29722900308535
441.4239670465581,540.6642920990212,28.53728950417188,48.92859229804615
444.9215533392086,540.9509548280871,28.89583090812875,48.817313939981446
446.4764613483338,541.0187428541025,28.71077952305703,49.11914895782064
448.35148826181376,541.2467519231732,28.709368617544946,49.117494225383815
450.0946710855707,541.3159306069051,28.78679209928812,49.22263196461696
452.5214862497359,541.048056946157,28.913300072807147,49.32869312721779
454.7166260162128,540.6176553351518,28.943251405331914,49.64725102080183
457.3566794455,541.1006659863705,28.748817402134684,49.9685425836216
460.6923319325831,541.4291024465922,29.063237830800574,50.18548728583983
463.8405271552113,541.1746947838058,29.2578961984103,50.57161881065576
467.58436391195454,540.8850053018476,29.29279281813303,50.65215231654135
470.5378355994272,540.2849585812401,29.424753156414162,50.75929529446144
474.9601446331794,538.7431873907504,28.912145358074632,50.393508537638546
479.78369356147476,537.8215629200669,28.39211411372766,50.147667370134265
484.4587967322462,536.1802951530428,27.914640888334706,49.604771795707734
489.1980565095173,534.6807575719605,27.521437991812526,49.24556868333613
494.1806217282063,533.0976083960986,26.974011182974596,48.773015154032755
499.4270409084616,531.5884753242599,26.720520280349685,48.48123796274927
504.47071980162616,530.2959009886525,26.47796725781455,48.06888836011435
511.7941587588228,528.6034666870669,26.220730151526674,47.73829070237575
516.4851706065215,528.0491864606861,25.878442250196606,47.37759391961015
521.07405625753,526.9862199157516,25.593985309752014,47.18777235745594
528.6423415623213,525.7589551776151,25.282198025364586,46.873676097492414
532.6474330055792,526.0747696371212,25.457506700738648,46.601088303062355
537.127747418464,527.0481451423137,25.36654302084302,46.923882132536384
541.8345067761356,526.1748420688901,25.24996987739904,47.10737840465833
546.6679727561384,525.4000942880293,25.26397091605075,47.32981743924208
553.8496285344393,522.1156814450298,25.14464072083821,47.32277308816211
558.074933096754,520.973488130916,25.23034656050326,46.98666058232596
562.3560260424973,519.3262553877337,25.405529252695665,46.49645237789487
566.4018578683504,516.4960083460381,25.328164040015473,46.141777794446504
570.0867484739775,515.1652295839551,25.435719235468927,46.360920796441455
576.4840758813349,513.2784813352454,25.33837963681871,46.70823168595067
580.5450103627726,511.3663149997008,24.775218864861287,47.00027652096503
584.2272816575476,510.1433310544985,24.435109411297674,47.479620270630235
588.1627139008975,508.8465089168951,24.18869656186574,47.78003878060876
591.9521308070122,506.9891787951318,24.130911772311055,47.91217782395523
596.6125244706142,506.0416536461138,23.909356165077632,48.02580193066138
601.0802181821567,505.3319827091692,23.600847480395927,48.018964276314165
605.5131985659391,505.632845759805,23.713879174989348,47.93898707545608
609.5019312207022,505.41451396207265,23.433657079116802,47.71407624760765
613.1127653446127,504.77382771053595,23.17052402569267,47.364795607751944
616.9682308628552,504.4977871009496,23.097369364024644,46.83768609587607
620.7553099384846,503.54964922322813,23.097030373227277,45.63442209454412
626.1387065021509,503.4503813912385,23.16908822093147,45.029843642331436
629.0422666826386,502.97670885622523,23.303421793671777,44.65680826306295
632.32626818015,501.85396315526776,23.212616922580814,44.37442066526787
636.2931065827551,500.73577548682397,23.188128387939404,44.28287222743617
639.218717045198,498.9653959427902,23.33172758100402,44.294814853940636
642.5582023909819,498.7065109467289,23.78724642572166,44.62997059409204
646.4219633581829,497.0220160905622,24.007332962236372,44.20992999293357
649.8299887258394,494.36196269841366,23.937823250177868,44.303842395516796
653.8025575458046,494.74852406451623,24.019587809039038,44.08708068292293
657.3952275496442,493.7739465836846,23.967025969084354,44.11509640432136
659.4460933057331,492.3802696690517,24.03711462063318,43.931955963262446
663.11938167825,492.04098869540246,23.778066581196512,43.56360464437902
665.3054132797965,490.7810901337602,23.53484668559841,43.48567327683411
668.5581072489999,488.95751778677845,23.322728381438587,42.868931995913506
671.5161337447223,488.17901117533086,23.20131974576774,42.69118958354721
674.6272050604533,486.88381654289924,23.054378148851555,42.07084114317967
676.9830367338429,487.04748487143945,22.79328347806714,41.80270949290731
680.0050827486722,485.86968795342597,22.452723190504685,41.53937918800414
683.613871122608,485.27912975740963,22.432815471868967,40.701380847294395
686.038495475424,482.5774209535834,22.58186159655902,40.16952576131292
687.8598125720165,481.6588992470209,22.861413062782784,39.735724714904215
690.6879946345732,480.4339617632895,22.6507781933456,39.78940355542912
692.7317071374578,478.30787024956464,22.38453424646015,39.96740502617722
695.7461993553142,478.3223407442003,22.484570978502518,40.08650002511755
698.8607900245881,477.04362996627617,22.66020769796849,39.79175612037926
700.2321650460333,476.8182302194584,22.87722642720343,39.546309764882196
702.614561050715,475.8401747939857,22.66676285945979,39.530370902692894
704.7369033533254,474.72392978369123,22.88473046065986,39.194342523089475
707.1312210134449,474.4201309033903,22.975179727517947,39.34898169985961
709.1975742780215,473.3521973128572,23.135517288635867,39.52799942509242
711.1682823532628,473.05102179293885,23.260401530304076,40.06360830550288
712.8613519459518,472.81372696431265,23.31304146060311,40.21375995706944
714.3097515134458,472.90122464214375,23.416300022911095,40.620510702786625
717.0574842754926,473.82923711963326,23.64485831778724,40.752597362988524
719.1260410414293,473.4467980837184,23.91078138030486,40.831885644474006
720.3002579838984,473.3841378859767,24.164539420415302,40.93677877754688
721.1021800845944,474.44200995009254,24.098115849478532,41.26166699260754
722.263996047418,474.18799995939884,24.302017931857254,41.35865963191379
725.7820285360864,475.4277814433407,24.516710648764914,41.28092972143374
727.1893921106987,476.12157810424014,24.607528257383468,41.88586197717996
728.9071514161293,475.9619323543605,24.710292040931282,42.04152899657255
730.6616913630891,476.9206024204728,24.749336698784898,41.96395798933272
732.1022254366641,476.87917052808325,24.701675238417707,42.005681847350395
735.8585363617178,477.39728949817584,24.487223954869087,42.04367088260615
738.367022804623,478.1690317611242,24.269607052792697,42.027443918393125
739.9304584583701,477.39389172632355,24.301905180799668,42.07706797927408
742.7040016881384,477.83388659203155,24.11190204188081,41.960058112932224
745.2775822494052,478.65793750324315,24.078326391454148,41.93297136237784
746.7826904750698,478.29696565722696,23.874557446075766,41.83776195821122
749.4188463082183,478.478138648732,23.867174120690716,41.8003033403039
751.457073008638,478.6847615057755,23.90779950097933,41.892838501899696
753.277294940905,477.9888147132021,23.921445087281406,41.82669173041054
754.9643482356175,478.51105092847337,23.887851488807804,41.812983283594505
756.0665244776708,478.68593444686127,23.84964266047837,41.91833388969814
756.9557694626026,478.63202003711893,23.777110580171634,41.769876773542435
756.6824876083008,478.27367644507484,24.038474378372882,41.72307214826249
754.5769744388598,479.2105574367305,24.114417518707636,41.76204979946512
752.5155617886605,478.707922632106,23.995277525221862,41.80695006018812
746.3067687553448,478.41256596398335,23.988967755976873,41.65446678979731
742.6307057446697,478.70864899198375,23.578664063123984,41.493140302173025
734.9942707111746,478.9709734278635,23.57792687608587,41.239184494149576
727.7182234780572,478.5655124576908,23.55230928329982,40.94655373540594
720.157659321223,478.1517152539879,23.635090352705387,41.037746346470776
708.8997775819934,478.4149742079211,23.532178599231106,40.88138818382073
700.9136435804555,479.65669882806696,23.579762077770695,40.726338363313566
690.4030272728969,478.4527478805818,23.545677767839244,40.83667861277601
682.7780258939467,479.8324176484102,23.394446852643732,40.88002004635747
674.5681911867167,479.83198197699494,22.98886373414474,41.017582423028266
662.8536468776745,480.0031320488561,22.735895925227354,41.11606494551219
654.7821818460046,479.3559138252137,22.677198257243827,41.51901677461009
646.8308279447405,478.9266380461658,22.488866402179355,41.53287520841165
639.3279642572315,478.41498186432455,22.224850811498936,41.80091440877555
632.0388621426698,478.80422092077396,22.243096582675776,41.61764821899905
624.6944111203626,478.6710678275124,21.937873261079066,41.536013930773635
617.6818497410095,478.03039898865705,21.867095484201755,41.520165472238546
611.890066019888,478.62745988986,21.91917641521449,41.01615179027411
607.793346483281,479.351115106101,21.765194795984595,40.87711455401244
603.7426639780479,479.99609805216244,21.712991538628632,40.909378881730646
597.5066687037895,479.06500163444645,21.523493554125217,41.17729624261427
593.8628729064185,479.9399114698264,21.496601983126197,40.983119057472926
590.1286620631412,479.7607975777156,21.55697074838575,41.080063533426944
587.1059408566703,479.24189016659386,21.542287333538212,41.13993767707396
583.9601652008887,479.47481770245054,21.668848696828707,41.1539584083543
581.0618191982477,478.93315305803077,21.71419506765018,41.290017780659454
577.9326628380826,478.9199780788948,21.85062821034381,41.317145033790695
575.309285503582,478.70981487985955,21.797695493785785,41.16320702470329
573.958262048901,479.65626966553697,21.858979358790453,40.39828638786539
572.0146458908387,479.73635466414476,22.07683410953125,40.10052850062087
569.3207378977623,480.0142204081721,22.17859691498943,39.99670580959187
567.7952276226455,479.7363563333834,22.2723454124583,39.64889275185564
565.2484954164923,479.7859435636317,22.401643183529025,39.69786264081497
564.1288214048407,479.6422372250997,22.64199304170182,39.47480027839683
562.4355701592134,480.4856412504066,22.55595682331582,39.419526565780394
559.4695799239294,480.95755797827746,22.530316196319365,39.61538791995236
557.6546435424395,480.4699449444993,22.448444412408687,39.43629529720874
555.839842099432,480.7927812333395,22.535035633079566,39.425543137790825
554.1822467667153,480.21900606573115,22.469524518193843,39.2377094617388
551.8246082015191,481.676021584431,22.41907460543424,38.99415462253562
548.8867549187468,480.9980136464085,22.261839352741514,39.059674268455126
546.5701358246872,479.69004290652856,22.162544562802797,39.17084189300563
544.0919418138282,480.1053863504352,21.86051020979552,39.037893712258004
541.7057744134568,480.03087832115693,21.48863085724857,39.152924293873646
540.1130679616816,478.9167108720589,21.12882100155199,39.506285418113386
537.4026877276092,478.4357912316637,20.9202799216928,39.76149721076755
534.880059664685,479.5196180616715,20.806993891321866,39.80369839198414
532.4509594439247,479.4984066515083,20.75966960215985,39.811980807996804
530.0783015591735,478.78682366072275,20.278953114582315,39.8093459892444
528.0657696054866,478.61820343072486,20.123427346052615,39.79587420949793
525.1238116819377,478.51982440347234,20.055889507390123,39.75853455971166
523.2829310007924,478.5581249995305,19.905114410711683,39.87642841969455
520.9527322427724,478.15248499470283,19.96687959108859,40.116163662923725
518.6997005625808,478.22936084450714,19.822543743403067,40.06165375647079
515.7612765549794,477.2489457525137,19.87577620761082,40.241643543576615
513.2391199844506,477.07964716323363,19.809273823613637,40.15234410329373
510.50036794797984,476.6000271403972,19.845090312631818,40.23397257145579
508.52120685323257,477.86430673942294,19.704931323842587,40.13945487349572
506.6207935624387,477.5016071406237,19.76305065292799,40.01363429780173
504.1223398932689,477.0148547416905,19.837004862452922,40.01502173126154
502.2870316502185,477.93056940613843,19.678818524533206,39.813161575224825
500.0512734199689,477.36335228005015,19.94868961073434,39.75270938140223
498.64599113507865,477.53471106230086,20.0783617130161,39.815592871330836
498.24368155077553,477.5963084149264,19.93437468855662,39.61856924535773
497.27217047575897,477.404966171819,19.84851838819616,39.655508227670104
496.062266909119,477.2175513413962,19.830965711600605,39.58554263762314
495.7914571053219,475.68226327412253,19.801849089775033,39.792147538802496
494.5077011707829,475.5569540398,19.699759756841953,39.68862936165359
493.8397439482912,475.4208292078108,19.721532093861814,39.840856825584034
493.40853165418343,475.8337240976683,19.65410884558289,39.48067799705428
493.6123103577816,477.0917441229027,19.585460825974977,39.130878638724255
493.12237667177857,477.0033602193403,19.627313154245613,38.96631550035711
492.4620353048232,477.6779328828298,19.606356965464958,39.043232280464366
492.82425490397577,477.1113492412028,19.51611291610465,38.92833087341842
493.04094879821594,477.19117736088816,19.342704137252714,38.72033833304873
491.90499175788045,476.7352815675079,19.12290850875616,38.786507082265715
492.19546604876217,477.84298530650494,19.076457009226136,38.87838705887676
491.03743774760693,478.8144479604789,18.932911017161054,38.47769319147305
490.4807329723944,478.7821643870145,19.01199532554354,38.31206408593648
490.8891761783987,479.1363454415379,19.180163704508594,38.37255993282232
489.79864669896415,479.0788223716472,19.255675473665136,38.74243056195886
490.3334977786909,479.3630051921822,19.194046405718645,39.097700761304836
489.14111740938904,479.88849403540496,19.35921266571517,39.19116754049655
489.0614063040373,480.11312901848044,19.309979191232316,39.274041047970684
487.86974008546343,480.0715247522777,19.28432625202194,39.58508347725159
487.24136616728697,479.74942288098146,19.334325602809674,39.714306009612315
487.4131793662256,479.970674607577,19.38012090636371,39.83337624063677
486.3023284339844,481.63313625274407,19.321849263918622,39.63349991876266
486.7042146890329,481.5997896048671,19.405797934737524,39.508319589595736
487.07575292233713,481.48059734722347,19.258144630112525,39.62794403318827
485.78832205303513,481.8156369092248,19.14169405563662,39.37656453133983
485.1752167470941,480.96157230313685,19.31550467457584,39.6609218853004
485.04085570890453,481.01309074027375,19.27072905860844,39.613381457814846
483.72983116456703,480.94328461010167,19.268796671453455,39.49455349184252
484.3555319732212,481.05288008886885,19.304986988349114,39.51107653775191
482.6633098187503,481.0799479257028,19.350359308231507,39.44846882192573
483.210614126523,481.1996539526905,19.41544703324699,39.28643744004759
482.51867502843,481.1381663478688,19.22210085561561,39.13302546483273
481.0200740764632,481.80077600086145,19.128813848874152,39.348927999324346
480.7674800425124,481.8092353574384,19.255096322426837,39.36668620679302
480.7073291369233,482.39508707259427,19.2125547870092,39.19386811001941
479.1036665925831,482.7609346752716,19.11166974118335,39.09130839412856
479.4442055868625,482.2121920278454,19.130966475105467,38.96328368779838
478.41707158061894,483.5695424744898,19.028146684705558,38.650070144973355
478.42325539938685,483.4970285115621,19.0098313688198,38.564784441916814
477.6571792842902,483.582624893319,18.943839902228245,38.48369634773556
476.6387419862933,483.9280599365991,18.701121745765203,38.490983988893774
475.93598719969737,485.29485277982576,18.576856057078242,38.38521879423116
475.46561200505255,486.0274861028125,18.681250938994058,38.04472135907312
475.74767414113563,484.9840675691812,18.65070905618257,38.03867531628926
473.5618099603661,484.46187591606656,18.72131332180488,37.82309856716737
474.2511664375177,485.82541654766794,18.56340720458359,37.54736894657327
471.85614901438447,485.66717866650276,18.91841015998096,37.535598115428215
471.80997140643547,486.5057890064461,18.962365033414493,37.42167709145588
471.44885873827906,486.7726531776249,18.734036773707537,37.211454269918924
470.6204336346776,488.09215704865915,18.542812663932008,37.276359739672856
470.6255135900181,488.0449899802549,18.435538391428356,36.856225564217866
469.35238349191025,488.6847771125678,18.396285472714926,36.586341345902476
468.88691775954067,488.5336864323403,18.37807156077178,36.19872804674299
467.7146067644053,489.4217386412001,18.394250023820877,36.09649657671627
467.8176531687742,488.86189263863776,18.21198362980231,35.85814836825604
465.9329984564282,489.68598455168063,18.24936542120868,35.671135692377824
464.92515341162,490.4011230650608,17.999815079993226,35.399866453321934
464.4541267375884,491.2935856868014,17.951133493249554,35.229023665475786
464.4032339969074,491.98162348702834,17.936257984790693,35.04536127589069
462.71474218971747,492.7600759195256,18.191064236728494,34.98028544856256
462.5216635899493,494.02999528988994,18.046558243992614,34.67947611533504
461.92148856722173,494.22177765275035,18.080275398746537,34.454662102485855
460.52375482469085,494.86569818065203,18.220921011097005,34.3539188345395
459.338623112121,496.1685545106501,18.33460718289504,34.40828779952811
458.8885939491357,496.45008488237215,18.30978613674575,34.23643826776533
457.91545376830766,496.71652364353304,18.375726995113652,34.247455155576986
456.6011147495456,498.57194932431725,18.74512673521339,33.794804201036726
456.95876671297543,499.6283014159877,18.66098914727433,33.7006702024035
455.41216087569876,500.90558390750186,19.09452927679896,33.82668750430253
454.57173416412166,502.0497180570796,19.60302156447039,33.80434461255678
452.9567577971274,502.37606787039635,20.206081731777964,33.706641297587765
451.3920488928985,502.7115649435648,20.695651307966543,33.677894589681785
450.04193728457074,502.87406117680234,21.140917563943976,33.64071748542159
448.89553476995115,504.04344790414564,21.654126145238443,33.2990658416482
446.96983497363925,504.6199146648356,21.855265527825033,33.23574158559562
446.61344143521745,505.5684222995715,22.01319517182636,33.2775572878417
445.3408213877255,506.2514358683821,22.33153731186951,33.2040104997612
443.78174879206455,507.19446575018145,22.789775877443724,33.07676304447395
442.6468029851224,508.27957449284844,22.969767712961893,32.99790875074461
440.4590768382542,508.772174107162,22.816237844222783,32.885336243976475
439.8673456083699,509.6541174533462,23.094978567083423,32.65384348395061
438.9388211345825,510.90391631826213,23.22403867550875,32.658643623228876
437.32397838058057,510.4935217203601,23.05156353898135,32.5441215611937
437.10274824080665,511.26381027700336,23.209684509790492,32.338050482758256
436.62338047959116,513.4927676084006,24.618162945467642,31.439192578844363
436.2586675042086,514.0153878955172,25.93128979154219,30.808561794459575
433.861924356382,515.083886324676,27.156437216193105,30.568095802764972
432.66398709677526,515.5618031371674,28.237142281785687,30.272660363035172
432.1915684086214,516.2870896474727,28.94686219283585,30.261558706445847
430.61296672662127,516.8993195306921,29.98869051487443,29.990155752293468
428.8462407242542,518.1007960522415,30.76083289589026,30.075795095440355
427.9210890434039,518.0851615807122,31.194683134498185,30.348375588639296
425.91053241133557,518.6973452441102,31.919412064070663,30.342152440233896
425.1224472083466,519.1516625680349,32.066569813836765,30.90188215033269
423.595524531044,520.302004595309,32.43209047857679,31.22322930763766
423.4232824920178,521.3460581609879,32.59530379335121,31.676162119974837
421.778768371092,521.5978762876471,32.6979609471749,32.3375123578598
421.0654835151514,521.358894467066,32.887958274221795,32.73694871237338
420.1028862614038,522.3045373940312,33.134574404946946,33.18738439317184
418.45552038772763,522.9903263953404,33.38326013369886,33.59546137025938
417.3429707128713,522.7879121482158,33.8054518973138,33.6218184899966
415.64737090115983,523.8482414711737,33.93958980084235,33.9999005171463
415.05153910854494,524.5336351192316,34.08616998248482,34.450759196143274
413.72392107489804,525.4138195748183,34.314649190952885,35.07057326646088
411.76296563163766,526.3704119147859,34.51096364955616,35.792377609734416
410.9007757436235,527.2139337013582,34.620530217004415,36.20364450717071
409.8456010429611,526.8150359322763,34.48395617167398,36.777480927206845
409.28749974677396,527.9779969027886,34.262779427691115,37.2072226195287
409.0611665843191,527.7654093567188,34.038018460730754,37.362005144749
407.62919429742027,528.5790477528053,33.83294300164578,37.4287828369433
405.8993102090199,528.7539106595949,33.792235771799746,37.42103882177454
405.5848239492997,529.9489165237553,33.75563666123918,37.21726156763596
404.42531899868254,530.1298822634608,33.6120475233956,37.07678226479592
403.73991717392107,531.479106462287,33.61772849702285,36.89792662913685
402.00641950561555,531.7607583612046,33.240844610764,37.06172236915097
401.9614340558562,533.4982227946041,32.6990823907949,37.24148472168181
401.465584504783,533.7189723057043,32.84399785494091,37.162232987708556
401.60753182994233,534.3169965641171,32.740075912847445,37.23537871622148
401.12213613564415,535.7534515979482,32.65629996440766,37.36931102336076
398.8877895537995,536.1785757428008,32.28564528874159,37.540622806554445
398.8503699630284,538.3995280793547,31.95354493395065,37.67244621801096
397.48187666957267,538.705839107649,31.90115073205906,37.64299403895136
397.640038749359,538.3834832542492,31.627555704363733,37.91636830216089
396.7797725320192,540.5081098995165,31.62810682629159,37.82364157717805
394.80426955829915,541.7572334113664,31.625441318348454,37.95929519587319
394.3277751696399,542.0332797752404,31.723997989648907,37.86299832245534
394.1393336835117,543.3657443880875,31.562056105623967,38.172817708211426
393.2234851399785,544.3266627983535,31.350354812410846,38.48064664390493
392.6929952534268,544.4602073412317,31.223984670009784,38.5220478344851
391.69670594701813,545.7528428897676,30.94847613416067,38.826846222124004
391.00401001355436,546.8402065273167,30.783591125592388,39.115947749134754
390.23756209405406,546.933245736633,30.461509476075168,39.471535778618346
389.2885443672175,547.7056137112586,30.120514330154165,39.861252839926244
388.9135355554641,546.0861806555653,29.708234347192896,39.995691613666324
388.0971595044387,541.6090858759053,29.581792551996305,40.15195522388975
387.9403861613406,537.8162433284089,29.305824028994532,40.3045386648298
386.84221510949715,530.2556139608334,28.97361026262528,40.24414914558602
385.13090965357753,516.3765401222586,28.88476921485453,40.18449820823381
383.2784541862326,501.72093585285427,28.779675199974672,40.373396108614784
380.7393514541315,482.49517717398896,28.673169207878033,40.78945204056417
378.0167260026344,467.38624459374216,28.68038700692932,41.10182823316226
377.4544943541295,452.4511932528235,28.53105076532674,41.13728278267533
374.5994182567,437.60858196098485,28.493397364787768,41.32562769606454
371.9324592380432,422.9126062708492,28.62287480838201,41.41790790324012
369.2922834574145,399.2520570412703,28.652884000559766,41.540123305757376
367.96423457349977,354.87864172361526,28.495463482637845,41.21478749819635
365.1529380243209,306.86654912897103,28.627284333681136,40.73610403514098
363.09864672961197,257.3479400221423,28.699595350986016,40.649573469501505
360.9477652025777,211.97430735967444,28.672205820978547,40.80167735644904
359.99048111796844,209.14366156796223,28.671573279900525,40.80193674001385
357.90753893970236,209.11196993022762,28.671561697559373,40.8019150903155
356.0312467755998,209.43867621670222,28.671614735710136,40.80186860623351
354.82741493490545,210.50998249600528,28.671641774642794,40.80184513988202
354.0861052378235,209.61013908486404,28.67161673006308,40.80185280204636
352.67527863843355,210.42059552629968,28.6716377820077,40.80183494728944
351.43359315988397,210.9524294578291,28.671678489320463,40.80180755950369
350.95829657559335,211.30649567959884,28.671589196639946,40.801819721124005
349.80848282973864,210.7741775802778,28.671570549204436,40.80181456329784
349.3101345575452,209.8847070459596,28.67155685275039,40.80181674243077
348.571442101872,209.05591656184092,28.671542057256392,40.80181769262462
347.77546035698714,208.74925298314326,28.67151996372072,40.801816869978424
347.2210368151566,207.84958008900148,28.671504170489662,40.80181489996886
346.72377869145765,207.10005269569197,28.671486283022727,40.80181704281194
345.81114217787695,206.43990599879498,28.671469345508285,40.80181665246439
345.24522098593695,205.22470168809852,28.6714529037047,40.801819418678456
344.5705506272927,204.03400863962602,28.671445075918772,40.80181923556365
344.0044266127014,203.03731151516948,28.671426583647378,40.80182673902384
343.22044062624934,202.0084966588552,28.671413379511424,40.80182495903768
342.40389638990274,201.22551628029714,28.671401819398294,40.8018219710366
341.9667151653059,200.48473060605215,28.671385229781155,40.801824625411854
340.44689090890466,201.50336218706985,28.6714116741786,40.8017993459906
339.18739208776867,201.2479424904387,28.67139543476722,40.8017904554852
337.23419589800693,201.56956964059378,28.671419797094014,40.80177362675554
336.6784897525824,200.7329306928943,28.671388806769457,40.80178952207056
334.8830754734732,201.48853717605763,28.67141302653255,40.8017678046377
333.8694842161177,200.59944260599494,28.67139436555389,40.80177110034166
332.1359033622038,200.92927696124895,28.671427081300983,40.80175158312058
330.35918188917236,200.9036693636768,28.67146164304074,40.80172292916617
329.4211727342286,198.0058177865903,28.67161413585827,40.80166020656914
300.57567726414396,166.08916542217702,28.86089227695529,42.271885864350764
298.1339498412544,183.7379388413115,28.239422348564553,43.60278751240996
297.4432639688439,203.0735117878637,27.385770594850293,44.641430895428584
294.27385837499196,219.34889739749224,26.73070818636278,45.46457248745082
293.39096501618803,231.64304731704544,26.341364517618146,45.72048613406217
289.1847973356918,245.32483792332508,26.200099567331257,46.06229775902732
287.5517126526909,254.9049983086376,26.171559489287006,46.35068647631734
284.7332559316871,260.35580463152695,26.28504067650338,46.472483673983476
281.92074036830354,265.3278417100341,26.38956303709618,46.56111959234762
278.7750166610229,268.67373747314576,26.804639067990475,46.43406824709353
273.68570924944777,273.5036772738413,26.638037140042094,46.5915390332757
271.0627777667905,276.85814665437323,26.94532674491359,46.64666792205305
267.77213274064934,280.3232833339904,27.09345935319556,46.83747543821556
264.6375958157944,282.6795482434182,27.228294006128195,46.9368529107722
261.79265717533553,285.66347284243506,27.32911241100826,46.79858497341969
257.7827335846659,289.96265071933294,27.44569411612079,46.59413581294668
254.68229185609658,293.02709298364783,27.609755254228617,46.6830409342803
251.77077451088522,294.8972028607168,27.778024815562,46.51608339480302
247.9760577577377,295.7727777692802,27.89521453599886,46.40875290979898
244.72104653895647,296.8734613605126,27.898574604786894,46.11350638525499
241.4082811836214,299.7921228637423,27.91483808065479,46.10332609424968
237.4701283222592,300.24563140604675,28.15200415112701,45.92832467898662
234.0167941137436,300.65278293579877,28.23355784113793,45.69710554711403
230.51279612211073,304.86222183453185,28.1705465726642,45.552596989454955
227.6406953115469,308.9031844212821,28.035126211217424,45.426024599157635
223.12097117817427,314.45471034922747,27.74271679668823,45.6437906906546
220.41621076353334,318.93846481055874,27.630283089532103,45.19362815013316
217.59719111436578,322.48052319820664,27.851693073444586,44.83543538988251
213.10806572103527,327.002685750509,27.746930325559724,44.686366327758265
210.8602622709831,330.65156372928806,27.79026147264285,44.05890179399772
206.3829652228629,335.24017075464883,27.30329386996967,43.81080685338358
202.96347406084675,338.9530990694361,27.260694887544453,43.40844542110521
200.2583076042643,342.06680561561694,27.16102709499033,43.03870454325158
197.76716387425625,345.4584189873584,27.105746462660235,42.340078248377026
193.87034736717007,348.6941940942627,27.2747447340958,41.79529109227718
189.75912667455046,352.35870524392897,27.063130790965882,40.9907915743167
187.21911484318053,355.34435543726227,27.10895473904511,40.29749297292849
184.63339566591446,358.6878956849903,27.487335175028626,39.547076105096984
181.62610720685376,362.34963363370844,27.656776881205445,38.71408921370316
178.4535586229322,364.7494390859178,27.60275991712107,38.212005145679605
173.86632836863694,368.58247707526647,28.405158696280466,37.165349695394184
170.68309625962652,369.52104497081285,28.036618966089655,36.43622546950989
167.9825052644299,369.8803250188562,27.460686755890833,36.03688988003981
165.22293751190324,369.44520087584226,26.903360468951966,35.64237290346382
162.16126768721085,367.1218030557306,26.097392180714667,35.29322785841494
159.5149817523301,367.61665275363526,25.33971352023326,35.249588524060414
157.04646633670586,365.5151245859746,24.603739724253938,35.29843000037296
155.3362136469589,362.9841761706426,24.03149016752962,34.9387841865362
153.0495200196637,361.03807810311736,23.69113964822477,34.17683746498882
152.6875790599785,359.9562272823316,25.281960158598544,32.297855028343704
148.94730869900957,358.1921395400147,26.224137423810337,30.74601246945956
147.52474554646975,356.13427516954573,26.938336166176377,29.36442294257519
147.65441763869785,353.3145876059219,27.5286942803614,28.28440910803094
146.17836297709982,351.2363345282548,27.885749930766885,27.551947749326956
147.05037476113273,349.5778295136759,27.932502615447667,26.72980620530361
148.09876832238518,346.8982424946314,27.930735071876505,25.781981036849572
149.2100550923551,343.5807793206434,28.422087847244267,24.401915624571778
151.71538175549912,340.94948009195826,28.034103740926938,23.954142587648825
153.26514132755065,337.58066369455213,26.875039199065373,23.98124033302254
156.2039909267559,335.5148996880078,26.5702379117267,23.641368562023114
161.95836530382726,334.2539450965388,25.838162474539487,23.945068001461276
164.99025893429524,331.9867354698542,25.52232433698613,24.241919830056432
168.46943413208257,329.2833484851455,25.26590589484164,24.37067913959224
171.19857581058963,327.44279816755767,24.95674191496375,24.548809079272196
175.35931115758183,325.7731247878746,24.472407489595085,25.072640558868464
181.16466155355425,323.12047419053346,24.362895929522782,25.391248371287592
185.47178682657218,322.03095547308453,23.97376592792051,25.945444235331237
191.14078201538686,320.4900135271789,23.812168105527977,26.459860199209757
194.04352932339145,319.7513536567569,23.780863915391613,27.10605986625847
199.62268849631235,318.78230017615437,23.36088308633445,28.280992651247452
203.36858442483688,315.08246443672755,23.17282171710888,29.147321291813718
208.40206766724611,311.78887705352304,23.38265061955846,30.275653780695883
210.62226792880034,310.1668452045762,24.285314881453715,30.979642414884143
214.49001929686258,307.34940836130255,25.01867277154991,31.767199836325126
220.59258353530015,305.8268483710943,25.83451654656689,31.944289030227473
226.4286491528259,303.46301257079887,25.55841955223806,32.484545507832436
229.47121060502542,299.6803786692491,25.13880348759117,33.058623354266935
235.65985796306035,297.55888470838397,24.727621862036486,33.075469823207854
237.7007985173751,295.9697470323864,24.8731734812207,32.8440512188279
239.34983623975072,292.34517303223885,25.76029109829807,32.52562757910832
241.49696110771632,289.5106028261729,27.089423453889097,31.595885792906564
240.7033403013354,287.77229773066676,28.22011917727334,30.548023270448287
243.71325859243186,285.3279520668886,28.875317594927814,29.669247099225338
257.24147130731404,290.4018151318656,31.196287795046292,28.14002072513079
260.20180860496805,291.78599955585395,33.431529413727475,26.997667540300945
265.8674310099657,292.8600666408902,34.30146124710384,26.887537053318727
267.71834463660866,293.88415214446525,34.23662835569526,27.4895978843949
271.6188506997629,296.3582515713238,33.56454775175625,28.230486421577417
274.45452229531224,297.9427269155106,31.899695268055,30.017051117877912
277.7698665593198,298.4273141753752,30.217328082508132,31.83470773866695
281.31884833939336,300.41531876645246,28.75632216777727,32.9826714492737
283.6922267572504,302.41649894205034,27.668588140138077,33.27825325963799
285.5357305513962,304.3384511737392,27.233986910565392,32.40846083010426
286.48260265401103,309.21344990688954,27.696874938001717,31.050402527011524
286.6584200995686,315.2479320635336,28.95782928696071,29.778613621133104
289.61446533934287,323.7197432987858,30.846509566994783,27.796484642755214
290.89857787101795,328.4211233015964,31.772162152951918,26.6981069613527
291.62170316387073,331.7966466036286,30.138090268408636,27.650715123371114
293.40998537482574,336.17909284390765,28.21474816896258,29.313476909170397
295.1780587102933,340.83820713421204,26.68484901847423,30.96834708344445
296.00859970163424,346.0994032672876,25.903271060774784,31.594846266267936
298.1102521952097,350.3348290124048,25.371575952163973,31.320023485445173
299.44793540213925,353.113404409452,25.139630186879675,31.21273469467711
298.35505820470485,355.84776793198716,25.026273215476493,30.854730668253076
299.7373224613079,358.6423701746605,24.68109890263358,30.74589861180043
300.87127900956364,362.1738593955941,24.32769152626062,30.740533542735967
300.09790815639815,364.84689583575937,23.953555656717242,30.25957868913889
301.1580580302974,368.0729253359235,23.98135032458343,29.61849142571856
301.8549261264304,370.71219741097593,23.85360057488329,28.911662630533108
301.5200616713997,373.79066992666566,23.70896457481914,28.399025689363565
302.6670938890822,376.7990216598436,23.30770941126647,28.15123644572497
303.34948128143816,378.74487334303154,23.0959422530881,27.822403104983863
304.01510349041007,379.94050510117484,22.929932996925537,27.491612315519255
304.853723294037,381.6049090294218,22.60473546864358,27.45454773752879
305.70917977798166,382.80302064423125,22.26605899100392,27.47247116966826
306.8517004420039,383.7203653522987,21.858917786555544,27.827761306755985
307.9368668611714,384.5697767662443,21.450446272530975,28.423389238752545
309.0996066613956,385.5961697031371,21.146560004373086,28.771240991614818
309.5090022942737,386.31541801938005,20.97963732038877,29.44697260772512
310.99362180274454,386.31520756788456,20.720409547267334,29.96361914672155
312.0822810344054,386.62847583651063,20.608376051368055,30.37921462946594
312.89560301898456,386.62275308610907,20.435209822497548,30.722590201384556
313.8020279154829,386.261546622615,20.367903628629566,30.924090600334736
314.532239602732,386.6339766942891,20.298917069393227,31.409497981705677
315.79663176572143,386.61321718664357,20.3036737075409,31.760350649254768
316.881981092371,387.47644260020354,20.426265907742188,32.11447218884922
317.32252907507444,387.24047770499556,20.654885046438398,32.33231059723862
318.123250853301,387.7918152391011,20.72705897217066,32.484596900449354
319.10021121049897,387.2873044059537,21.106091949257237,32.37361891960353
318.64495976915475,387.50449491457465,20.968436067106488,32.358057031828736
318.3651693570543,387.66353000654794,21.004834022349897,32.140566772763535
319.01433360569644,387.7892747433477,21.024864423228454,32.21146439843015
319.1569079939178,388.29402636242065,21.040147047323178,32.3820954567014
319.1576251351966,387.5979240398846,21.197622696544496,32.59339106418354
318.01069924022056,387.1878217410929,20.906572438385666,33.22779051984115
318.11786734923015,383.1472617585966,19.81454137516683,34.279844875855524
318.0593640999486,378.82553151348543,19.34091185879164,34.982775065937375
317.7543423734157,375.32129743982534,19.262859384619023,35.14528974874957
318.3406129224081,372.7774705429542,19.262881601072017,35.031375415813386
318.39903975582126,369.0694399677444,19.38511323600254,35.30076288688116
317.6987363050134,364.30167619723755,19.706143764517925,35.35599810764339
317.2725778669991,362.02558038553974,20.02789734565912,35.59674687901873
316.5758634878768,358.2970719851768,20.10962575981801,36.275045208217485
316.28711924840474,354.6966741502085,20.30439788105416,36.96945316758285
315.7700899606316,353.4788324985706,20.401171808181953,37.15570581442543
314.7878716175533,355.22332392798467,20.396784226951088,37.14909595478866
314.7870122302697,355.5611052985835,20.367087691761384,37.069109499906894
314.9616236869611,355.939446553563,20.223621457555815,36.898986524020785
313.69021215873704,356.62673545888157,19.99135596534373,36.536662355465864
314.15243512600415,358.7423881158379,19.840121927228992,36.54143959541669
313.94593998601266,358.55639466002685,19.775761584796488,36.22127370886298
313.8185466628757,360.16302327114903,19.59717659777919,36.03230728671322
313.75774069200094,361.4165386824622,19.423121010422495,35.99474338875431
313.39117047435445,362.9751677289213,19.301530958845646,35.89656068951284
313.4728400020419,363.5911532695077,19.39450102531789,35.723022783427034
314.0867537954657,365.9637887314366,19.39288486711258,35.7427445734975
313.96035801116403,365.00386008966586,19.160121710784264,35.39652243122715
314.8284558925044,367.6212678792782,19.140021753271643,35.35008089451339
314.81240601775403,367.6988451209242,18.89754242481336,34.86971548230454
315.26209854451207,368.6884155069118,18.83885728241477,35.054429786165514
316.7963014414006,370.9206907446469,19.00282854094482,35.058803833095205
317.1574536411415,372.7069056293414,18.840556807192534,34.895034952378055
318.04474832477047,372.6872797709769,18.836553811356467,34.65651403388562
318.7546469571165,373.7557929932975,18.7405423285247,34.405004590396416
320.0156818824445,374.6668905815005,18.620206114724816,34.18720480354729
321.41533099322294,376.75043184588435,19.009282889353234,33.44215868415768
322.6401012871701,377.8942774282803,19.32410487508253,33.02592748030323
324.2254153731964,378.5400533567115,19.65660046325332,32.703105059838464
325.5360977616372,378.64187367290197,19.952140612671723,32.21277407311023
326.97612163544454,379.6026611179897,20.071275089330857,31.75634965843681
328.704970652053,380.38998789071513,20.16500632781189,31.51108628117598
331.5025764812564,381.550285927727,20.104875102296923,31.74990316339005
333.8420035818446,383.03697441463055,20.405836384213835,32.0147542722398
335.781092646984,383.25260358241707,20.61817291381656,32.374318144594405
338.3321951582546,383.87717679546915,20.64620213276102,32.649358806503
341.28071787162946,384.0842324821125,20.895759813463624,33.14789932969298
343.82853371894004,383.8260770006998,20.8760062621531,33.51701757591988
346.62558756649105,384.5271618697526,20.89145047363669,33.76594668520351
349.8111380932009,385.0335209421575,20.80322162022926,33.677734966251265
352.8525282738066,384.8397733162891,20.7228607307585,33.9238408480235
359.48450467686985,386.2064756411983,21.032010875681888,34.29223973938852
362.70795372073593,386.7744017292053,21.281267859208285,34.81047570290858
366.8406687262021,386.37432239686655,21.559559047311524,34.94127098810758
370.41438746577234,386.4708950460881,21.89457634493496,35.15182416383318
374.60183079560477,386.2578541888147,22.02973950521641,35.31123037631829
380.3654113400536,384.9544319855897,21.98497644946088,35.66921561566931
383.89550124440456,384.35843310575774,21.799295484905624,35.82224803090407
386.66257651024796,384.88623695770633,21.929060110536913,36.13372518780861
391.93621336832865,384.053867761238,21.966650057095332,36.632587549823405
394.5471573520809,382.8193561788988,22.11151614461398,37.21050637394857
398.4606320130247,381.0166346221719,22.29430097647395,37.166746186926176
401.9995233189445,378.6041842636796,22.54762931891904,37.30221762076867
407.0347491456813,377.5046474037967,22.562240646097237,37.98658544415698
409.6745679779941,377.0443362219935,22.50668259038885,38.758881023390984
412.8090519260652,376.9767945584465,22.772725032076345,39.145245224498964
418.7641159420571,375.8490576398085,22.82635642239473,39.71043969718908
421.5721843433555,376.06778814112835,22.931786773728636,39.7639576507719
424.8143027146757,376.2288831054005,22.675101014517185,40.21456596241242
430.07830214304823,376.7157576722888,23.00769213885122,40.567524907020115
433.65420333018454,378.4237609423788,23.225667444021965,40.738018534686816
439.4048384339858,376.7390387260642,23.264059597564515,41.20354088632231
441.95201078954517,376.0832478458089,23.009720761079528,41.48755251839211
446.9007734682808,376.43905660114683,23.275313766035,41.58334161200631
449.85988778212135,376.41508434342563,23.14295855143985,41.875019608021404
455.54975555572855,375.8699174796192,23.32005531776303,42.02589723040201
459.002945155048,376.46242294003275,23.168926096235992,42.320925310086025
464.1188172202337,375.738519460089,23.21170093253933,42.676886280746324
467.81287012549325,376.7873538129627,23.431237295787362,43.13951554100233
470.93849694009265,377.06605531487656,23.04082970922162,43.85312913492235
476.7917890062267,376.1957257535246,23.06460179338422,43.89288448431851
481.6368610488993,376.47826830104407,23.323035588898406,44.226376185334345
485.06314787382036,376.1437626773891,23.23642597027573,44.31052561766867
488.18613353310576,377.38681891262314,23.169849850526912,44.57683571838273
491.6626897957148,376.80552389776227,22.860042150137943,44.713654368633726
495.40970812606264,377.1487261616693,22.723388263795297,44.660795001113186
500.77147924811595,377.53838095784647,23.15094427103143,44.394711262202016
502.8221602246366,376.46484554624027,23.328438595455964,44.704897229190365
505.40590027013326,376.24091035666066,23.74454996564427,44.34187508601454
507.63411452340097,376.2043895808295,23.541396376711468,44.49629029943334
509.9395307818574,375.87233596294516,23.449619226314685,44.60527784192282
513.2585550167902,375.8096276032484,23.433144204630324,44.66707396419228
515.5896821747929,375.2341324702292,23.400742183546736,44.99576260402509
517.6199116939059,375.8369257585608,23.773502101314406,44.94609581762988
518.5235600300978,376.6346397706558,24.263075898977622,45.30072899548915
519.8261755114555,375.9518274329019,24.406463300596187,45.496351210517176
521.8950570555821,376.940025820303,24.52167329202428,45.72053765524318
523.8429192422343,377.06781468004004,24.906981957813002,45.64653374396229
524.830268289714,378.0097854960169,25.08797214868124,45.762066875878816
525.289620346532,377.84543802665655,25.324741028896007,45.717268202786926
526.5424966105878,377.55292894742894,25.512505470465083,45.47069499352065
525.6480016478101,378.2324111900483,25.72878845823062,45.01747976966108
524.9041813681292,378.56114237503334,25.86238040785893,44.82224423756449
524.3778425131072,378.7150987582966,25.944472652471525,44.827573101830595
523.5355874600718,379.01450296559625,26.107645249387133,44.77208653514701
521.7570833745084,379.1588841107989,26.194156527584965,44.51406717126477
519.2884980042082,378.9119099171449,26.377902146877844,44.48142527088739
516.8620729532266,379.626350556775,26.505567331391063,44.74990474564023
513.3848137148901,379.76478534482703,26.712398945118704,44.69399191229969
510.3990741380847,380.1547289371981,26.68899170041405,44.96247091656047
505.4440795050039,380.9644019347864,26.467169824607804,45.353985841336346
499.7160270260699,381.6202026620904,26.515838411626138,45.32587504453478
496.02829574152264,383.10702997107103,26.422062222633556,45.72362984277225
490.30098209221575,384.21631882045585,26.422928420478364,45.83680635161359
484.2893952842688,384.53111328709633,26.42168129815207,45.74611564793163
479.59199812290603,385.7120473428512,26.28406786025747,45.79919576144334
471.9212221377177,386.7373665442877,26.223466815497464,45.768615513630145
466.3380931912757,387.5302190792679,26.180950141731046,45.63471388948571
461.85818165269626,388.9047019591759,26.129299563189175,45.75151131707822
456.3031510367094,389.3001214030421,26.28532885088803,45.658186128877325
451.28148377736454,389.9087233268655,26.445733567636776,45.47637575771675
443.5676823255913,390.60076221605703,26.65421835289718,45.34355921361711
437.3546339124006,391.58620919625554,26.926446504046687,45.57719310813952
432.7388342192872,391.5805470820565,27.336094977797845,45.54833877681706
426.71481938642927,392.2101011190698,27.576241380879402,45.83055698719914
420.3547093207121,393.2987185136183,27.980466295944144,45.82485292167383
413.74121672733526,393.49812568326433,28.314537664338417,45.89438771134335
411.0663559922501,393.5929395052583,28.493871389605125,45.9026594685433
409.00333674017,392.44780360993946,28.946712147488434,45.81031569292732
406.41122914537027,392.0028619961351,29.210477126516746,45.959784897136714
403.52573602373946,391.65864993874476,29.55025046770921,46.140516376858045
400.1883928539735,391.5718620583196,29.85925372847536,46.108518027557984
397.17006962801184,391.1172668090381,30.070383002816772,46.51557009028041
393.8981317741036,391.6278293479496,30.267645780335442,46.44589184368374
390.6655988949257,392.1462618471142,30.4250280708262,46.53299735393002
387.48536015232895,392.0470576606247,30.51164414778616,46.59789829635553
381.70943613915216,390.75129767137093,30.649089212408718,46.684334952338105
378.77189758231776,390.71581262492305,30.969282846005505,46.400452160226024
374.7682747094812,390.6780489748183,30.770080036685997,46.23058624382559
371.54636269230394,391.2432355510801,31.043747592158603,45.9294013785601
366.7943475185677,390.2856690898224,30.85707836229957,45.75299539497804
360.7792289928608,388.34818144427305,30.886837622880865,45.39231680881845
356.1297437796668,386.2643723900451,30.639154301710334,45.480911556068335
351.4780355771379,384.5198657468192,30.678077718181626,45.05275431792294
346.53528708326843,383.16492723771853,30.844943915210134,44.74915186491759
340.85273152497655,382.40451028853727,31.03176847936468,44.660170523373786
334.90203628117536,383.78530037894944,32.51088437742848,44.23399950697819
328.665357309995,382.4712859724695,32.49799811812912,44.31637473831884
323.1284185379478,382.66215495972875,33.61730203093683,44.102844856251366
316.3570810746715,384.19010002926524,34.335473058868864,44.134497489471485
309.4934564084119,386.09635874560104,34.65814227511616,44.52258783344182
303.66636777516186,389.1289248275264,35.239155555410136,44.77688029880245
301.3434745171548,391.1046950969274,35.64302922962738,44.81071754854415
298.91899227123025,394.33475868382413,35.90847807740292,45.01553263930764
297.5807496363484,396.3348155340802,36.59753611251705,44.803524665037536
298.5999037131793,398.1786390189349,36.60502316111052,44.54438192391998
302.3244666898914,403.38144771192367,36.832780428358845,44.81952301419987
306.2418576797151,405.32178512477185,36.94595071921926,44.42014806567018
311.55326177058555,407.54290982198523,36.54975558221711,43.77542169294141
320.5047955153931,411.580830241432,35.88183556879838,43.85130566941656
329.0722408487412,413.6211320538788,35.49967431799566,43.59858051971217
343.38466961670497,418.6130045880778,34.80001438338653,43.74750108546949
353.47919308061256,422.06661410984714,34.17403393811521,44.05049951782189
363.95907730614965,423.1065364552115,33.34296765073735,44.420499902700506
374.56229274913517,427.9740423748951,33.116377997066145,44.92692120694903
384.48098719526837,428.70764990576674,32.71330573993159,45.22960301009676
399.2957294462798,433.48970268797615,32.31709760509621,45.5284887786858
413.59920441622796,434.4984490460691,31.892103002724344,45.904891211730835
433.03328194407334,436.07171824029564,31.755912058361634,46.437960453053684
456.86228375941846,436.6529061893635,31.528614451841364,46.892215228326606
474.850969712924,437.4875014600752,31.41670580166629,47.02736874493996
498.01256473734674,439.4031780197133,31.210382818250423,47.94802072591395
512.240152241523,438.1880880045319,29.794350418540542,50.188810320461876
525.8610827558922,438.7358431652727,29.019578089142804,51.63952506993371
534.7860494698176,438.8550121385256,28.0193246081915,53.745040120254146
543.4852231211818,438.28094505002355,27.06604375748948,55.906345493242014
556.7223212798139,435.7878985673326,25.66826917789628,56.96341447752958
563.3913520602151,431.5225607549773,24.864227087308603,57.44690325073869
569.7288545437217,426.1356027812515,24.152856611262322,57.61658068805848
573.5309800681738,422.6341036679307,23.46242725959312,57.890560226498266
577.372989786687,418.6797562473543,23.39981342406837,57.40062492543905
585.8952649001039,410.74753167173924,23.20103689413372,57.02337867261646
592.7164508719248,406.1110210468423,22.738267573477753,56.40410217765924
595.6870004883234,402.7230522424545,22.78579768180621,56.031486415005475
600.2292004765513,397.87260202370067,22.716825294766785,55.826201702366745
601.6385263740057,396.5533238330056,22.736256767070095,56.12671677821478
602.6369222849195,394.8756686815943,23.034502930090426,56.34209564068405
603.2610303588085,395.09781461075215,23.367856692361705,56.86596679582659
604.2417281081805,395.31494521315375,23.53508324867149,57.48951887780467
604.5646279153425,396.3273084939085,23.782586551827915,58.49433142457154
605.6021519974433,395.4949609840751,24.039964458793293,58.97335344581004
607.1468040196006,393.14748042341375,24.180826372883217,59.507859817071726
609.6789131847819,392.64580197339006,24.410034556192535,59.98711718832956
613.5690949666089,391.5381902308316,24.51322926585416,60.16144187355022
614.633684064129,388.6450108830778,24.552864537839483,60.312924794674274
616.5072285104935,386.83609339038657,24.656216862532958,60.57205950463564
621.2037477239277,387.8921678733116,24.49621638427314,60.64589276611092
622.2162993951655,387.34908662180703,24.711560086169996,60.27046950900355
626.2059377647325,387.5425402558977,24.92263101854481,61.19855335734603
627.4762636479652,388.5479417614574,25.14538481352645,61.61332774834136
631.4300860341438,387.47417119789367,25.4890112890332,61.92223498054853
635.9283002269892,387.3776379822895,25.776027307944354,62.70032499373852
638.0769935251293,386.25983094076156,25.859787142633373,62.59099126185296
643.7021092553192,386.3457532067297,25.834389170718012,61.80323739191936
649.0816819068772,385.72574575153203,26.150059617724164,61.12594659438315
654.4775521397422,387.7781273263987,26.021291602250443,59.92135448613837
657.07834464624,386.34356436866767,26.352453381094442,59.33117940672737
658.8247823447878,386.2023002217662,26.740562051915624,58.833162227431565
660.5724376238225,385.7051560673641,27.082349615489463,58.194049976810504
661.0852172261822,387.12686442908324,27.397249519122628,57.07147358826439
661.5540128737258,387.3165628307836,27.153243739057693,56.739422315105514
659.52291200182,386.43993575515924,26.895086252827696,56.386222809203915
657.1900159386997,386.312052451892,26.889740092477687,55.60948354587301
655.2910008764711,385.35783177944506,26.722596495621445,55.160039768467605
653.6188714039516,385.645940824527,26.662601957841762,54.75883490755471
651.8633141146175,384.4484874378338,26.87357234095328,54.62434800799798
651.3694532187991,384.09628027844144,27.24268398892867,54.1320650916752
650.3885578669592,385.0358090375772,27.449524646069285,53.4716511195081
649.8031049378318,385.3471911636617,27.41021743917657,53.71031286316587
649.4815540609046,385.4543371680648,27.48244932999779,53.26096850717643
648.3040913668731,386.36329571154835,27.938748390546223,53.85385378455878
647.26053449149,386.64854688045045,28.172995730103224,54.237771834499426
647.6597750530617,385.44630141265395,28.714483526713842,53.63559134141205
647.546058942149,384.4807564665064,29.64563667577766,52.60296353465617
650.5170805239799,382.4725965790668,29.765620012817763,51.820981135920825
652.533464534684,381.8858801952236,29.299952277893507,52.03347008551498
653.6120348518123,379.0378949531619,29.464568721807694,52.21088492846402
656.2195947891474,377.9929612320095,29.008851122222787,52.05809017937787
658.2694104921089,379.2458222917644,28.64671847652307,50.82934631418635
661.5230800138141,378.5844200502876,28.211450508552215,49.974090503942364
664.7519559700029,377.3663351988892,28.28507638853315,49.2848107877175
669.221691175463,374.0188144348721,27.54971040113589,48.71223842796471
672.7596754713337,371.88332925224904,27.16296271469835,48.2732297358989
676.4176402403514,369.0391824303328,26.661375198605036,48.15541347448847
679.981695013817,366.023217229758,26.48302322766277,48.110720435849196
684.1526097655552,363.3404770568449,26.351722097904535,47.83333321652035
688.4745609114736,360.6509085402805,26.414987431494765,47.74596472215288
693.1596139425089,356.93284268847475,26.142469908547817,48.128223363630624
696.7520728069737,354.3388656806806,25.984754785819327,48.54090834769417
701.1113025604874,350.02938125073103,25.96622070146048,48.317087557629925
704.7486888103979,345.96914316717397,25.833212842447605,48.12689954780317
709.4192930655475,342.9170343248924,25.630972799860828,47.552677615209255
713.6412091413943,341.165970191883,25.413557235996997,47.77870286151385
718.2562686076893,339.3621451661484,25.17991638415635,47.96116484840776
722.0378817864655,338.7479575780261,25.5743883717883,48.49334466065399
726.118922035182,336.6872217607244,25.523414746913993,48.73653708612039
733.4854719194218,333.0415433846336,24.847228354288735,48.80284005107053
736.7252038130829,331.1276110440136,24.487039183208033,48.46744474924784
740.1923003349157,330.61056460311585,24.316108411423652,48.32878739643947
743.468751013851,329.6073214017498,24.406649207483525,47.839425143470855
747.3332767817444,328.38400643963826,24.41270318622317,47.18566463342886
753.89019025419,328.7332222125577,24.301930860167445,46.822546556761544
757.4097382784284,327.0983827550398,23.79046466398538,46.56754080420997
761.5026827453482,327.58298770570354,23.673369026959815,46.67364852411361
767.4965187996464,325.4527185835752,23.376198131437224,46.68931372149531
769.9379426830296,325.42055786886226,23.21978316496361,46.79466223863932
775.9092367747835,324.7011636003806,23.538283352732776,46.81907928512416
778.44867619764,324.0871570242763,23.6109433558967,47.129988371914585
782.3980949150526,322.64660969140346,23.630451849263533,47.06956020097499
786.1885749542297,321.46976612382815,23.877472766087674,46.77279400703934
789.569410271693,321.53634256353286,24.316979251369908,46.51965757374349
796.3806885978656,319.0905881255869,24.18465697402452,46.55415989980025
799.3255928212843,318.4308768064374,23.833197201961323,46.69859069201461
803.2305014587378,316.99487412239006,23.862896566763943,46.59825905258674
806.8717238405372,316.2052698649996,24.20114357944073,45.94326399032607
810.5465434069757,314.81817848304127,24.22695315032948,45.889684150482985
814.8710161410625,312.5898777326509,23.913093550991604,46.22671110444967
819.0713323365297,311.694260200524,23.54426524483479,46.86752562217174
823.0007757918679,310.7132858440197,23.690501472586252,47.05398703144655
826.7594196977931,308.6549745689754,23.893389403838817,47.26671062714375
830.0059262231822,307.3039137097948,24.059048685824422,47.72492966224684
833.2353095522267,304.9859314865329,24.090907409205073,47.981430912969905
836.5239533213322,303.3822616797489,24.56754824623824,48.09240531314372
839.0082693125494,301.1972900769449,24.74779626868664,48.091306744002
840.5664242184426,299.07718533900646,24.73912457755132,48.306724025512366
842.8743406761665,297.2650429862662,24.812340429193526,48.54578915701822
845.8412194447213,295.93361975417696,24.27612727608651,49.2479993630715
848.3193361815084,294.3028068990934,24.119606937277926,49.73054301337832
848.2780777896573,292.1687224047602,24.069665317273525,49.970614372497565
849.7612471253229,291.8302591200642,23.8221183691938,50.72822061186587
849.5174546101913,290.1874891859459,24.319127456314952,50.46449414175413
850.4677052825657,288.3120118602451,24.560480397759807,50.55068939564898
850.510239343673,287.1617056509402,24.757372077457507,50.59915485495397
851.3314556759091,286.88603605362135,25.117959699545445,50.35232282738176
851.5184218126442,285.1101244248875,25.059232076238995,50.48142398363793
850.8944221648285,285.95544723857074,25.346198444834087,50.3189795786912
851.0306496271116,285.0055326764741,25.14339612234425,50.67068009799546
851.4302311661697,284.72725297471806,25.158445783695658,50.86680681708606
851.9043486389273,284.35305326449804,25.010563888412424,51.07837551424041
852.664519274901,283.71316556383687,25.091905279429113,50.98656459277834
852.6369366687773,284.4266267432803,25.362626621489753,50.601936974568346
852.909367804311,283.88567148377956,25.440072068222108,50.39626736108534
852.2550062984094,286.1871093420521,25.576432275612667,50.2109536524443
853.3632546621948,287.8443390089475,25.390395905707827,50.31087463061949
853.5025820327254,288.9610682328628,25.417724201403193,50.183385134967935
853.6770545203647,291.3352437325618,25.16021939712811,50.351774553050326
853.6840516750448,295.01610770632215,25.045736559158424,50.47355566925029
854.1529092139696,297.34654700959896,25.045031054291673,50.56114975327899
854.2248768904568,301.5012746978548,24.877079378749187,50.75269287377661
854.7847639011435,304.9252500200404,24.850265476623207,51.025842655125594
855.4039616435032,307.3477399387018,24.964686692839333,50.87087622646369
855.7532854267765,310.0433914896317,25.022154264823147,50.74636256094428
856.7222512867147,312.68104464999436,24.95807527474423,50.746698158401266
857.5049022936264,314.42715820960734,25.15568863376939,50.566061233877505
857.5822749676222,316.2732931727628,25.34755594785473,50.36449489033024
858.3412821475636,319.3193265092111,25.24811997427871,50.506114664577126
858.8656972543716,320.6189225965234,25.255781135632045,50.22078576738786
860.1703692937787,322.2963718162352,25.09231603936206,50.13737027245283
862.2083970400321,322.29033061429186,24.89402286451257,50.068852504058185
862.7905135596908,323.00499001335567,24.66785374473936,49.785395570020526
863.6765584529348,323.28840271329676,24.775336826598576,49.6246829602461
864.1271855074037,323.49643679708765,24.519409451249814,49.10028963907505
864.4583300724837,322.80363804584914,24.39294473915794,48.9624361709024
864.4946214346071,323.80928982958505,24.208175776741456,48.70071060254552
864.8384819013617,323.2332771852313,24.20358194846829,48.34877468577049
865.2555513774371,323.9299737229457,24.003281828695958,48.14487884277894
865.4232688974356,324.3250615401038,23.976479669148233,47.689511260048846
864.9384860929305,324.03154733930575,23.872206925001265,47.612461604832696
863.9976920954161,324.1383741571094,24.0428885336547,47.705618556869936
861.9038263872311,324.736926387252,24.015855831830024,47.69062237962758
861.1031808542947,323.9509140751901,23.995314526944966,47.64886757813047
858.1996755360327,324.48480205153305,24.063919935807796,47.487654847852845
855.6840137772217,324.1620990500574,24.094796657012488,47.36021635741492
852.9778920598856,324.45078049331266,24.098231860330962,47.078438656193896
850.7351183118105,324.3893288421013,24.08478786707054,47.16395098892289
847.7939996789918,324.5509882540026,24.1548522429986,47.16114329759899
844.0622206351785,325.1068829548334,24.48241875729157,46.946864484106534
841.3063893620157,325.57430647799606,24.36457853033223,46.74200726446044
838.3631263428432,326.1928205577998,24.416006778912852,46.84446761117009
834.3097106449187,326.41098925128955,24.522430955828735,46.39597434117637
831.0093060249604,328.1574727726345,24.49946042203314,46.067084103601275
825.0643321758813,329.21594862453117,24.486367234266,45.89699807764141
822.1035345677855,330.4123027613321,24.544504770709164,45.703779159126825
818.551721787855,331.75952243113267,24.5286983580665,45.582787762259464
811.9081765973708,332.0156154411323,24.705191128561218,45.53885243415093
808.4413358778235,333.6038593393605,24.790857259275786,45.76277981980819
801.3514876457109,335.3678091858893,24.785993901418294,46.01334802035102
796.1726384110158,336.1594484533941,24.879483577168372,45.86150197092191
792.1277038038158,338.17176687220723,24.799730370303646,45.7174074115854
785.7742415874969,339.233133509275,24.720350329064654,45.63992884478636
781.8163494266313,341.3580396302327,24.672247436135216,45.58685770699687
774.454031151815,343.3088253084919,24.68303587175409,45.836673088301964
770.3100694942679,344.55557139615786,24.667055607136426,45.577530402182155
763.6264448772484,346.70829874187757,24.399256928577568,45.69636350676322
759.9183600887641,347.45043553854725,24.320202029685902,45.315105693872795
754.2074302671023,348.97715330140176,24.322246609532744,45.14397340607876
751.7141006357801,349.74581357172684,24.235090049575806,45.05593610765423
749.3424005924145,350.4690025551867,24.20520760838354,44.92663017461671
747.1601629307321,350.810392729522,24.20290169700706,44.87229175576332
745.3076163341408,351.0340783817817,24.26886119840202,44.61767488380288
743.1029848498996,351.1551149084411,24.276919104018095,44.43763742089439
739.969683875747,351.0147546016511,24.540228014908703,44.213087016922934
737.1107385129394,351.3836712455392,24.580915562118136,44.11315730027556
734.7119085860232,351.63299353448315,24.691699118953455,44.069774221077296
731.9314208982742,352.19408901332423,24.743230257696304,44.12245709228307
729.1640776294233,351.82239024940077,24.87035644688724,44.019088625104416
724.5353010078164,352.42531951741364,25.111530333716793,43.80572288406921
720.698126200936,352.4762318419246,25.218283988767713,43.62657856085346
715.5265095881947,352.32147628475224,25.21019027180659,43.460840205917904
711.8010119224783,352.83732659982786,25.240400176145904,43.27618535499479
707.428567233096,353.1010161303617,25.146376591043243,43.25138920160383
701.1500879797591,353.2654820771099,24.98960523931874,42.97438142129168
696.941286053735,354.39189520740064,24.852907829465007,42.83907811565101
692.0002084488895,355.10790658543027,24.8712191213095,42.726098876704434
688.6937773386398,355.79177589288946,25.017260624950648,42.67727992044691
682.5821838810614,355.40695161690553,25.25222160321793,42.75443604697312
676.2347787694522,356.2099487510489,25.356502384602898,42.84368692543779
671.9299336973722,356.4633880208238,25.365186974563542,42.92341935876931
666.1886986937351,357.15673499097136,25.42301918734325,42.91938258876984
661.6023214715176,357.6955389484138,25.491960460391557,42.83211502594338
655.8164796882827,358.90884945828446,25.850610350713943,42.66599515251853
648.4126553690052,359.43727929320784,26.133305147105744,42.67383596694769
641.417244995393,360.2659195500406,26.184937890790042,42.64274647329399
635.069978161859,360.8347405472726,26.348384636166223,42.85644715690016
628.7669680400811,361.67704454290663,26.49849419704381,42.89334671491796
622.1540125188358,361.8720606354826,26.60365004391679,42.75428817163836
614.5049147516193,363.20306604301544,26.972729329265306,42.331720420308685
608.0483897534185,363.79185763817264,27.03007883280783,42.13780078895417
600.5262415017008,364.7358004934209,27.39291400201469,41.915641382511865
593.7418489466463,366.9428457592256,27.454022987551014,41.71555965903859
587.9858047160095,367.3818523734138,27.492804792940913,41.759767554834426
580.3741393938361,368.7305325617563,28.10385268429698,41.50285355494983
573.7991174319463,370.74341447742654,28.466751947126767,41.41131575968115
570.2412831100069,372.3537450001746,28.79419637072983,41.424541194516436
564.397077495909,372.41598757286107,28.824476953173644,41.61080370238954
561.3245755602076,374.3265837532305,29.209637475119656,41.58091902941
554.9247410197593,375.3865623690622,29.203940993577444,41.87831065944107
551.7157148033725,376.440320603062,29.369178179768873,41.93007282265173
548.21277091448,377.9223218379402,29.596125279911174,41.83626764903788
541.3917375169938,378.57773993149317,29.962688916314136,41.52351815283462
537.8796060470592,380.8405938363377,30.39852478938044,41.21939275586531
531.0053265621326,382.2797761131515,30.45016145698738,41.3802103883644
525.228352906104,384.01205315545263,30.426665646180943,41.50594708859795
519.7597304080529,384.45407411301636,30.31908127369184,41.63413282792756
514.8712932839059,384.813197320507,30.272604615613847,41.43942220100547
508.9642729735967,386.4029166791651,30.100505938746817,41.32955021037391
504.0845986618063,389.5620718195376,30.117352349803085,41.08964626355223
497.98492997561317,390.21200517924984,30.097664110311918,40.80949008489923
493.30005070263496,392.4671597491151,29.9707652847473,40.72337432743187
488.1003334780148,392.6924889396995,30.07430987955647,40.59798650962712
482.4212280771569,393.99769642959933,31.893872075925618,39.57642631956137
475.98749032836264,398.8039043945887,33.06262854885599,39.07843509508804
466.86566459548544,399.73903596083073,34.21245372066501,39.29595219980178
459.553363007759,399.92120294724157,34.867966434386986,39.52145315549279
451.11025969915625,400.746492464733,35.73387886213933,39.68938834837694
442.39721677508055,400.7840443462775,36.06710925679953,40.36308343248647
433.29056740376285,400.7713133790457,35.811009500899836,41.38971635980138
421.37434028484284,397.64701686740733,36.46277106601032,42.02092542616893
411.9887073113728,392.65185817106413,37.14984473694942,42.58384604456327
403.2976537982663,391.3977557569406,38.009540416726864,43.606530271537785
393.2779219780349,385.9286995821233,38.7705940993039,44.20525186647278
381.59463625278914,382.26077848619843,39.24788904527882,44.79596828775356
371.9366447923589,381.15865642475,40.241522417799494,45.00745699759502
363.4637177923073,377.8970511049957,41.37974587896224,45.29222378563272
353.0194794096477,372.8342932141653,42.053356006097786,45.61263054324556
343.6902623632395,366.9711731547363,42.5076522967902,46.00525154436684
332.7931561204021,366.02286723901705,42.91101471532634,46.068652669094504
324.82958675931314,362.6044011008258,42.750325755009115,46.913548126019
317.13829051355106,360.84097373753065,42.90476024940196,47.189192401483204
309.2600108692688,359.1044516660131,43.05352763733176,47.68068775835493
301.04634730114446,358.0690388900493,43.02723767763315,47.976480909197676
294.39552911246176,360.6074502857936,42.98663562879003,48.55223265689354
291.35391498373747,365.27892971068496,42.865935415627085,48.746711246075776
287.8082485553676,365.92884123995174,42.852339302029876,48.9123090297129
286.3153831037295,369.56865105957525,42.533112577055974,49.06155530004232
281.7661327273968,369.4615557966991,41.965281084848385,49.70780463698239
278.3862453630701,369.8231402076973,41.77659904928056,49.93136309083431
275.3569103794705,368.0249305964523,41.9333997194522,50.05947148034707
273.09472985983444,365.4362304612327,41.86464781316758,50.57170584960215
270.5755770032917,363.48136027952904,41.95073928522522,51.78426379609354
268.4041082545733,361.1198118685857,42.02919428449303,52.95223108993453
265.3521977837878,358.74644186277226,42.26180226677455,54.4122379510793
263.96268139635583,353.83952052673635,42.11987604581945,56.09171363401532
262.11396432845623,347.6791646957125,41.917404023171336,57.74233843540642
261.0843371836598,342.0086253987543,42.58456763454919,58.01253041738429
261.27911136531566,337.208367218335,43.11979737506592,59.122267855188134
258.11013299345433,328.1159829261654,43.50864742552078,60.63436798249616
254.58816485051338,318.93743129886155,44.25649930741092,62.36270803825125
253.12383412834868,309.68271455017293,44.95186745683371,63.84614437376334
248.34124042870565,299.65670272662544,45.53766757279457,66.1369985872645
249.23968291679807,294.19139033622764,46.08050928308741,67.57451747969347
249.28262019753993,288.8351741747388,47.03554472717314,68.01225154522483
246.4079631486187,278.25454957871654,48.20948565225557,68.82751341732305
245.59111727805782,273.5464794053977,49.650717675984396,68.63628624839674
246.0809843271216,270.01880291841735,51.1619520436619,67.76674536630887
244.08846143737532,266.44640866051674,52.063213242923766,66.47189860531572
240.11633902632838,261.13548056312345,52.61741146849059,64.42358783080297
239.03985013544954,262.1886764611297,52.4496387753184,62.94845768153802
239.60453209392725,259.4139828878802,54.35970738399776,61.2883979209936
242.58885155131,257.3582639339379,55.751487742608724,60.9825103322046
239.25266089627382,254.31732529698255,56.395138660225015,61.38251046988482
238.3544884499092,248.35379959921582,56.36142807771926,61.2159530092171
235.47092355554042,245.1089726452842,57.40727300012384,61.05874727123683
232.1096803892176,243.69052528342465,58.24940254413421,60.96037859964652
234.4512870580481,244.83515108118885,57.85760394417461,61.15562216708197
235.4913954172095,248.96131820458373,56.96162196420175,62.915920290287325
241.38945954240683,252.99275423500248,56.66403077740571,65.91299238228184
245.73215869232155,255.0891040820636,56.29761078720767,68.89246189668623
249.0081940762454,261.0683703202458,57.23946177610434,72.70454309067094
250.92273261738836,264.02729841803506,58.36173538275274,73.9253377892575
253.98154858869964,267.08868392111407,60.03033257373613,76.10121370997933
258.6896796166436,275.6847209635241,61.088857276271014,77.43440817984668
258.02490670164934,272.67902119313845,62.18905887238908,79.35277583737835
258.4385986177025,272.1790070455912,63.535085694350755,80.78350252724823
260.27010923478065,275.0125265118339,65.69016872731484,81.57404225382034
265.0497484513195,281.1789803650156,65.69631712071413,82.47454061435161
278.6658230873276,291.15166355626457,65.8024132405436,82.53792705472958
291.649739760236,293.38607858876384,66.35597080964388,81.1986321879427
306.4204587274281,294.57654145969104,67.52958452626056,78.82638332705892
319.2991685213942,296.64814893220705,66.62281572568185,77.44341227469653
324.27596068809555,296.877930711731,68.10661599768694,76.48726161800387
341.2647773594341,295.5346748778832,68.06312953611337,77.91481232340391
349.6073001121192,293.31765156458243,69.8691156774717,78.9545036529169
355.43593358585207,289.00499549155575,72.15262078658553,79.72950118181322
363.0058826101772,280.5374529138996,73.5676066948445,80.11560943893218
378.0714990122274,272.09783973594165,74.8627788437471,80.40242856828553
386.33461730711434,261.15914712300383,76.4647313408872,80.76191523459094
393.81670540592893,250.31161137902058,77.81348811139759,80.92506533583868
403.57571196897516,245.14852617449378,78.08464429682861,81.40759064906707
415.60368667520027,234.15576195693086,78.82887150486178,81.36901591952005
432.1236627927038,228.00781506962636,80.86382848005988,80.74503264182192
441.26505598536534,213.30319978615114,81.36301116517129,79.93420667495889
452.36717125822133,200.5793899890222,81.12952761347783,79.60126863677051
465.22199679423454,194.7471014105861,80.15393492157844,78.67924644366707
483.7342725375684,184.6299983237776,79.50946842636574,77.96835183298234
497.78073321526017,177.06284126071458,77.4211800208113,77.25380140374949
514.0116613291304,172.8087315224725,74.56199255527791,77.46538906718436
527.6207581752285,167.55217725407218,73.08107875504949,77.0038834606134
541.4302346003553,163.56313370616556,71.68957913660725,76.61589408700522
556.0376176005158,161.81134137077385,70.3972241012523,75.6701293544073
569.0754178676821,159.7960144930637,69.23875880556716,75.16208968178807
584.4165427106004,156.26351600172958,67.16596041367572,75.11535990359204
596.2497738942741,152.22959645276444,65.57668844549833,75.02260501501112
605.9586975826128,149.1621055280952,64.07933324106217,74.26596861254906
617.8260591763288,147.58832868065568,62.59821494254616,73.19569498732922
629.3048693304229,145.36533336191968,62.17611518794686,71.89134850093038
642.6440140372939,138.99431345961892,60.49064842129943,71.19520547472129
653.6176937969283,136.84383678169436,59.720147804008334,69.93853258316445
665.2329707970154,131.12206868346686,58.4917224049084,69.51114096895047
677.0228884524961,126.9851549739042,57.62160389082181,68.38536645173546
686.5062757804208,123.83867550029862,57.98066541661308,67.03216956474863
699.273219879963,119.54293137907851,57.76515185131784,66.0110298240956
705.9804514144876,119.58529470412822,59.42816909843083,63.63898089120505
715.1110174995971,118.61855946920325,61.381335176502816,61.7739470084854
724.2152912251794,116.22688686524536,62.791619359859595,60.01206182775982
735.2403056796288,114.28056801669659,63.772638272005636,59.00094815156634
744.3926605089213,113.15037958553268,63.94730826735143,58.2394012334529
753.7463425155233,112.5751811073782,64.43488100646658,57.953272844913215
763.3934762757704,112.33039576245795,63.8385257021592,58.44041994982685
772.8461158947684,109.46573343571019,63.26019463005662,59.671048276112884
781.5373710050766,109.83597337126712,62.090275580704926,60.55676204761531
795.4649910588737,138.86008189716918,61.70357375741248,61.94463737252018
802.5509606389102,171.9159031287616,60.857777862109906,64.04748007779234
807.5405756405869,210.13592240185432,60.07085723833413,65.4710889925444
815.5246522156299,241.6745740010073,59.771524469412725,67.47397073076189
823.1419306812089,272.50734693293464,59.95543219889908,67.63775149654592
827.8449692001351,318.78658276544854,61.01978362784369,68.1582822118892
833.6133324963153,352.6787804182661,61.87596608547127,68.50378497754312
838.8904998051515,386.18465946634615,62.81635669515454,68.94608266751588
845.8899663422523,425.21424422417783,63.57581881596053,69.20813354980163
851.6151334553244,460.0172305753895,64.48807633328524,70.6065324904448
